1 0.3740234375 0.3896484375 0.0458984375 0.044921875
1 0.3818359375 0.4833984375 0.0419921875 0.099609375
1 0.435546875 0.4462890625 0.0380859375 0.025390625
1 0.431640625 0.501953125 0.0458984375 0.0712890625
1 0.4833984375 0.4482421875 0.0146484375 0.0126953125
1 0.4775390625 0.47265625 0.029296875 0.0166015625
1 0.4697265625 0.509765625 0.0146484375 0.0390625
1 0.4970703125 0.4208984375 0.013671875 0.0361328125
1 0.5048828125 0.5 0.017578125 0.064453125
1 0.4677734375 0.4130859375 0.015625 0.04296875
1 0.525390625 0.4345703125 0.021484375 0.0576171875
1 0.5283203125 0.5048828125 0.02734375 0.048828125
1 0.552734375 0.5029296875 0.017578125 0.03515625
1 0.5791015625 0.4453125 0.03515625 0.1064453125
1 0.58984375 0.5205078125 0.0126953125 0.0234375
1 0.5234375 0.3486328125 0.025390625 0.0380859375
1 0.4775390625 0.345703125 0.037109375 0.03515625
1 0.44140625 0.3486328125 0.0263671875 0.025390625