1 0.625 0.375 0.05078125 0.048828125
1 0.62109375 0.47265625 0.048828125 0.099609375
1 0.5693359375 0.47265625 0.052734375 0.12109375
1 0.5361328125 0.3955078125 0.021484375 0.04296875
1 0.5224609375 0.482421875 0.03515625 0.0703125
1 0.5185546875 0.4306640625 0.01953125 0.013671875
1 0.5009765625 0.451171875 0.021484375 0.13671875
1 0.4755859375 0.416015625 0.03125 0.064453125
1 0.4736328125 0.486328125 0.02734375 0.046875
1 0.4482421875 0.4892578125 0.017578125 0.03515625
1 0.4228515625 0.4208984375 0.037109375 0.111328125
1 0.4794921875 0.345703125 0.033203125 0.017578125