1 0.3759765625 0.3701171875 0.044921875 0.0478515625
1 0.3798828125 0.4677734375 0.0556640625 0.1123046875
1 0.4326171875 0.4658203125 0.0439453125 0.107421875
1 0.4853515625 0.48046875 0.0537109375 0.076171875
1 0.482421875 0.4189453125 0.05078125 0.0341796875
1 0.4990234375 0.390625 0.01953125 0.0224609375
1 0.5283203125 0.4443359375 0.025390625 0.1181640625
1 0.552734375 0.4912109375 0.021484375 0.04296875
1 0.5810546875 0.4306640625 0.0419921875 0.1328125
1 0.6103515625 0.4306640625 0.0107421875 0.169921875
1 0.5234375 0.3369140625 0.0380859375 0.029296875
1 0.4775390625 0.322265625 0.03515625 0.0126953125
1 0.41796875 0.375 0.0185546875 0.013671875