1 0.3955078125 0.369140625 0.046875 0.044921875
1 0.388671875 0.458984375 0.0625 0.103515625
1 0.4453125 0.43359375 0.046875 0.0390625
1 0.4326171875 0.484375 0.052734375 0.060546875
1 0.4951171875 0.4443359375 0.021484375 0.01171875
1 0.4833984375 0.46875 0.03125 0.015625
1 0.466796875 0.5009765625 0.01953125 0.04296875
1 0.5048828125 0.4970703125 0.03125 0.076171875
1 0.5390625 0.4384765625 0.03515625 0.06640625
1 0.52734375 0.5087890625 0.03515625 0.048828125
1 0.5517578125 0.513671875 0.021484375 0.046875
1 0.5888671875 0.4599609375 0.0546875 0.123046875
1 0.5126953125 0.4208984375 0.02734375 0.0390625
1 0.4833984375 0.408203125 0.021484375 0.0390625
1 0.548828125 0.365234375 0.03515625 0.017578125
1 0.513671875 0.337890625 0.033203125 0.01953125