1 0.6376953125 0.4111328125 0.048828125 0.048828125
1 0.6220703125 0.50390625 0.0625 0.109375
1 0.57421875 0.45703125 0.046875 0.0390625
1 0.568359375 0.51171875 0.0546875 0.072265625
1 0.5244140625 0.4482421875 0.017578125 0.017578125
1 0.51953125 0.478515625 0.044921875 0.0234375
1 0.529296875 0.515625 0.01953125 0.041015625
1 0.4970703125 0.51171875 0.017578125 0.041015625
1 0.5126953125 0.421875 0.01953125 0.04296875
1 0.544921875 0.4228515625 0.0234375 0.044921875
1 0.4833984375 0.4306640625 0.02734375 0.060546875
1 0.47265625 0.5029296875 0.03125 0.048828125
1 0.4482421875 0.5 0.0234375 0.046875
1 0.4296875 0.43359375 0.046875 0.125
1 0.4990234375 0.341796875 0.037109375 0.052734375
1 0.537109375 0.3544921875 0.04296875 0.044921875
1 0.580078125 0.3662109375 0.0234375 0.03125