1 0.3759765625 0.396484375 0.0439453125 0.044921875
1 0.3798828125 0.490234375 0.0458984375 0.0986328125
1 0.43359375 0.4521484375 0.0419921875 0.037109375
1 0.431640625 0.5087890625 0.0478515625 0.0634765625
1 0.4658203125 0.4189453125 0.0185546875 0.044921875
1 0.482421875 0.4521484375 0.013671875 0.015625
1 0.482421875 0.4775390625 0.04296875 0.01953125
1 0.46875 0.515625 0.0166015625 0.033203125
1 0.498046875 0.42578125 0.0166015625 0.0390625
1 0.50390625 0.5087890625 0.013671875 0.03125
1 0.52734375 0.4326171875 0.0224609375 0.05859375
1 0.52734375 0.5078125 0.0263671875 0.0419921875
1 0.552734375 0.509765625 0.0166015625 0.0458984375
1 0.58203125 0.44921875 0.0322265625 0.1220703125
1 0.525390625 0.34765625 0.0361328125 0.0556640625
1 0.4814453125 0.34765625 0.0419921875 0.0498046875
1 0.439453125 0.3515625 0.0224609375 0.0419921875