1 0.3720703125 0.3818359375 0.041015625 0.044921875
1 0.3798828125 0.478515625 0.0458984375 0.1025390625
1 0.435546875 0.44140625 0.0380859375 0.02734375
1 0.4326171875 0.4951171875 0.0439453125 0.0634765625
1 0.4765625 0.4677734375 0.0283203125 0.0244140625
1 0.4677734375 0.5078125 0.0166015625 0.044921875
1 0.4990234375 0.416015625 0.01953125 0.046875
1 0.501953125 0.4921875 0.0126953125 0.0634765625
1 0.5263671875 0.42578125 0.021484375 0.060546875
1 0.5263671875 0.5 0.02734375 0.048828125
1 0.552734375 0.501953125 0.017578125 0.048828125
1 0.5791015625 0.4375 0.0341796875 0.11328125
1 0.5263671875 0.3544921875 0.0263671875 0.0146484375
1 0.4833984375 0.3408203125 0.0322265625 0.02734375
1 0.439453125 0.349609375 0.0205078125 0.0322265625
1 0.4609375 0.423828125 0.0185546875 0.0126953125