1 0.6103515625 0.3828125 0.044921875 0.04296875
1 0.6181640625 0.4755859375 0.05859375 0.1015625
1 0.5576171875 0.4423828125 0.041015625 0.037109375
1 0.568359375 0.494140625 0.048828125 0.064453125
1 0.52734375 0.421875 0.017578125 0.04296875
1 0.509765625 0.44921875 0.013671875 0.01953125
1 0.521484375 0.47265625 0.033203125 0.021484375
1 0.5322265625 0.513671875 0.0234375 0.044921875
1 0.4931640625 0.423828125 0.01953125 0.046875
1 0.5 0.494140625 0.01953125 0.046875
1 0.4677734375 0.4423828125 0.029296875 0.060546875
1 0.474609375 0.513671875 0.03125 0.044921875
1 0.4501953125 0.5205078125 0.017578125 0.0390625
1 0.4140625 0.4580078125 0.044921875 0.12109375
1 0.4609375 0.3642578125 0.03515625 0.03125
1 0.5078125 0.34765625 0.025390625 0.025390625
1 0.5400390625 0.3466796875 0.0234375 0.029296875