1 0.357421875 0.400390625 0.048828125 0.048828125
1 0.373046875 0.4521484375 0.052734375 0.04296875
1 0.3818359375 0.5107421875 0.056640625 0.080078125
1 0.4267578125 0.4462890625 0.04296875 0.037109375
1 0.4306640625 0.4990234375 0.0546875 0.0625
1 0.484375 0.4921875 0.05859375 0.0703125
1 0.4755859375 0.4404296875 0.017578125 0.013671875
1 0.484375 0.412109375 0.0234375 0.041015625
1 0.453125 0.4287109375 0.017578125 0.015625
1 0.5166015625 0.42578125 0.03125 0.05859375
1 0.525390625 0.4931640625 0.033203125 0.048828125
1 0.5517578125 0.4892578125 0.0234375 0.044921875
1 0.5693359375 0.4228515625 0.048828125 0.1171875
1 0.5966796875 0.392578125 0.021484375 0.091796875
1 0.5009765625 0.3525390625 0.033203125 0.01953125
1 0.4521484375 0.4033203125 0.015625 0.02734375
1 0.46484375 0.3916015625 0.01171875 0.01953125