1 0.642578125 0.412109375 0.052734375 0.048828125
1 0.6201171875 0.5009765625 0.064453125 0.10546875
1 0.576171875 0.45703125 0.046875 0.037109375
1 0.5673828125 0.5078125 0.05859375 0.07421875
1 0.5224609375 0.474609375 0.046875 0.03125
1 0.5283203125 0.513671875 0.01953125 0.037109375
1 0.517578125 0.4189453125 0.021484375 0.04296875
1 0.5234375 0.4501953125 0.01953125 0.01171875
1 0.48828125 0.42578125 0.029296875 0.05859375
1 0.470703125 0.498046875 0.029296875 0.048828125
1 0.4970703125 0.509765625 0.0234375 0.04296875
1 0.447265625 0.4970703125 0.021484375 0.04296875
1 0.43359375 0.427734375 0.052734375 0.119140625
1 0.50390625 0.3603515625 0.03515625 0.0234375
1 0.5478515625 0.4208984375 0.025390625 0.044921875