1 0.5927734375 0.3603515625 0.056640625 0.0546875
1 0.609375 0.453125 0.06640625 0.107421875
1 0.548828125 0.431640625 0.04296875 0.03515625
1 0.56640625 0.484375 0.0625 0.080078125
1 0.5029296875 0.4453125 0.017578125 0.015625
1 0.5146484375 0.4677734375 0.033203125 0.0234375
1 0.5322265625 0.501953125 0.0234375 0.041015625
1 0.482421875 0.4228515625 0.0234375 0.0390625
1 0.4951171875 0.5009765625 0.033203125 0.06640625
1 0.5087890625 0.4072265625 0.025390625 0.044921875
1 0.458984375 0.443359375 0.03515625 0.060546875
1 0.4736328125 0.51171875 0.0390625 0.0546875
1 0.4501953125 0.5166015625 0.025390625 0.0390625
1 0.4091796875 0.4677734375 0.060546875 0.111328125
1 0.4189453125 0.54296875 0.017578125 0.025390625
1 0.4384765625 0.359375 0.03515625 0.04296875
1 0.4814453125 0.3447265625 0.044921875 0.04296875
1 0.517578125 0.3388671875 0.03125 0.03125