1 0.64453125 0.4267578125 0.052734375 0.052734375
1 0.619140625 0.517578125 0.06640625 0.10546875
1 0.5751953125 0.46875 0.048828125 0.044921875
1 0.564453125 0.5244140625 0.060546875 0.072265625
1 0.5517578125 0.4287109375 0.02734375 0.048828125
1 0.5283203125 0.45703125 0.017578125 0.017578125
1 0.5224609375 0.482421875 0.046875 0.029296875
1 0.52734375 0.5224609375 0.0234375 0.03515625
1 0.5185546875 0.427734375 0.025390625 0.041015625
1 0.494140625 0.5078125 0.01953125 0.033203125
1 0.48828125 0.427734375 0.03515625 0.0625
1 0.4716796875 0.5009765625 0.03515625 0.046875
1 0.4462890625 0.498046875 0.02734375 0.048828125
1 0.431640625 0.431640625 0.05859375 0.126953125
1 0.509765625 0.345703125 0.046875 0.0625
1 0.552734375 0.35546875 0.052734375 0.05859375
1 0.5927734375 0.369140625 0.03125 0.046875