1 0.375 0.400390625 0.041015625 0.041015625
1 0.3828125 0.490234375 0.044921875 0.107421875
1 0.4345703125 0.4541015625 0.037109375 0.0322265625
1 0.431640625 0.505859375 0.0458984375 0.06640625
1 0.4658203125 0.4228515625 0.017578125 0.0498046875
1 0.4833984375 0.455078125 0.0126953125 0.0126953125
1 0.4765625 0.482421875 0.0302734375 0.0234375
1 0.46875 0.5224609375 0.0146484375 0.044921875
1 0.4970703125 0.4287109375 0.0166015625 0.0439453125
1 0.5029296875 0.5087890625 0.0166015625 0.0732421875
1 0.52734375 0.439453125 0.0224609375 0.0634765625
1 0.5302734375 0.51171875 0.02734375 0.0498046875
1 0.5556640625 0.515625 0.0185546875 0.044921875
1 0.5810546875 0.4482421875 0.0322265625 0.109375
1 0.5244140625 0.3623046875 0.03125 0.0400390625
1 0.478515625 0.3466796875 0.0361328125 0.017578125
1 0.4384765625 0.359375 0.021484375 0.0322265625