1 0.39453125 0.375 0.048828125 0.046875
1 0.3828125 0.4677734375 0.0625 0.10546875
1 0.4443359375 0.4365234375 0.05078125 0.044921875
1 0.4326171875 0.4912109375 0.0625 0.0859375
1 0.478515625 0.412109375 0.025390625 0.044921875
1 0.4931640625 0.4462890625 0.01953125 0.01171875
1 0.48046875 0.4697265625 0.033203125 0.025390625
1 0.466796875 0.5048828125 0.02734375 0.046875
1 0.5126953125 0.41796875 0.0234375 0.037109375
1 0.5048828125 0.494140625 0.029296875 0.08203125
1 0.5380859375 0.4365234375 0.033203125 0.06640625
1 0.5263671875 0.513671875 0.033203125 0.048828125
1 0.5498046875 0.5166015625 0.0234375 0.052734375
1 0.587890625 0.4677734375 0.056640625 0.1328125
1 0.5498046875 0.35546875 0.046875 0.056640625
1 0.509765625 0.3505859375 0.04296875 0.044921875
1 0.4638671875 0.34765625 0.01953125 0.029296875