1 0.6396484375 0.412109375 0.05078125 0.05859375
1 0.6201171875 0.50390625 0.0625 0.109375
1 0.5732421875 0.45703125 0.044921875 0.03515625
1 0.5673828125 0.5126953125 0.0546875 0.076171875
1 0.5244140625 0.44921875 0.01953125 0.015625
1 0.521484375 0.4765625 0.04296875 0.021484375
1 0.5283203125 0.515625 0.01953125 0.04296875
1 0.49609375 0.509765625 0.01953125 0.044921875
1 0.5478515625 0.4228515625 0.0234375 0.046875
1 0.5146484375 0.419921875 0.01953125 0.044921875
1 0.482421875 0.4287109375 0.03515625 0.06640625
1 0.4716796875 0.501953125 0.033203125 0.05078125
1 0.447265625 0.498046875 0.021484375 0.046875
1 0.4296875 0.43359375 0.048828125 0.115234375
1 0.5 0.34765625 0.041015625 0.052734375
1 0.544921875 0.34765625 0.041015625 0.05078125
1 0.408203125 0.5009765625 0.013671875 0.013671875
1 0.580078125 0.3681640625 0.0234375 0.0234375