1 0.3701171875 0.3955078125 0.05859375 0.052734375
1 0.3759765625 0.4462890625 0.052734375 0.03125
1 0.3798828125 0.5009765625 0.05859375 0.076171875
1 0.4287109375 0.4521484375 0.052734375 0.048828125
1 0.431640625 0.505859375 0.0546875 0.05078125
1 0.482421875 0.46484375 0.05078125 0.021484375
1 0.4697265625 0.5048828125 0.021484375 0.0390625
1 0.50390625 0.50390625 0.01953125 0.046875
1 0.484375 0.4150390625 0.03125 0.05859375
1 0.45703125 0.4091796875 0.017578125 0.046875
1 0.5205078125 0.41796875 0.03125 0.0625
1 0.5244140625 0.4921875 0.029296875 0.048828125
1 0.5517578125 0.4931640625 0.01953125 0.044921875
1 0.5732421875 0.4306640625 0.044921875 0.123046875
1 0.603515625 0.4248046875 0.01953125 0.150390625
1 0.51171875 0.3505859375 0.03125 0.013671875
1 0.509765625 0.3310546875 0.033203125 0.013671875