1 0.361328125 0.4013671875 0.04296875 0.046875
1 0.37890625 0.4912109375 0.0546875 0.103515625
1 0.4287109375 0.447265625 0.04296875 0.03125
1 0.431640625 0.5009765625 0.05078125 0.064453125
1 0.4736328125 0.4677734375 0.0390625 0.01953125
1 0.46875 0.509765625 0.01953125 0.048828125
1 0.48828125 0.4208984375 0.0234375 0.06640625
1 0.5029296875 0.4912109375 0.025390625 0.05859375
1 0.5185546875 0.4267578125 0.025390625 0.052734375
1 0.537109375 0.49609375 0.05078125 0.044921875
1 0.5712890625 0.43359375 0.048828125 0.119140625
1 0.5068359375 0.3564453125 0.029296875 0.013671875
1 0.4560546875 0.4169921875 0.021484375 0.044921875