1 0.62890625 0.4013671875 0.0390625 0.044921875
1 0.619140625 0.4931640625 0.048828125 0.1015625
1 0.5693359375 0.451171875 0.0390625 0.033203125
1 0.5693359375 0.509765625 0.046875 0.07421875
1 0.53515625 0.421875 0.021484375 0.0390625
1 0.5166015625 0.455078125 0.01953125 0.01171875
1 0.5244140625 0.478515625 0.033203125 0.01953125
1 0.53125 0.5166015625 0.017578125 0.0390625
1 0.5048828125 0.4228515625 0.015625 0.044921875
1 0.4990234375 0.501953125 0.015625 0.06640625
1 0.474609375 0.4345703125 0.02734375 0.064453125
1 0.47265625 0.5048828125 0.029296875 0.052734375
1 0.4462890625 0.5126953125 0.015625 0.048828125
1 0.421875 0.4482421875 0.0390625 0.126953125
1 0.4814453125 0.3583984375 0.033203125 0.03515625
1 0.525390625 0.35546875 0.0390625 0.041015625
1 0.564453125 0.359375 0.025390625 0.025390625