1 0.369140625 0.421875 0.044921875 0.056640625
1 0.3837890625 0.51171875 0.05078125 0.09765625
1 0.4296875 0.466796875 0.041015625 0.03125
1 0.43359375 0.5263671875 0.052734375 0.068359375
1 0.4619140625 0.43359375 0.017578125 0.041015625
1 0.4921875 0.435546875 0.021484375 0.041015625
1 0.4814453125 0.4677734375 0.01953125 0.015625
1 0.4814453125 0.4912109375 0.04296875 0.025390625
1 0.4716796875 0.529296875 0.01953125 0.04296875
1 0.501953125 0.5263671875 0.01953125 0.041015625
1 0.5224609375 0.4443359375 0.029296875 0.072265625
1 0.5400390625 0.51953125 0.052734375 0.048828125
1 0.576171875 0.4560546875 0.0390625 0.119140625
1 0.5126953125 0.359375 0.04296875 0.0625
1 0.4697265625 0.3642578125 0.037109375 0.046875
1 0.4306640625 0.3642578125 0.029296875 0.052734375
1 0.3828125 0.34765625 0.029296875 0.015625