1 0.376953125 0.38671875 0.044921875 0.044921875
1 0.3818359375 0.4794921875 0.052734375 0.109375
1 0.4365234375 0.4443359375 0.041015625 0.02734375
1 0.431640625 0.5009765625 0.05078125 0.064453125
1 0.466796875 0.4189453125 0.01953125 0.041015625
1 0.486328125 0.44921875 0.017578125 0.017578125
1 0.4765625 0.47265625 0.033203125 0.01953125
1 0.46875 0.513671875 0.017578125 0.04296875
1 0.5029296875 0.49609375 0.01953125 0.07421875
1 0.5 0.41796875 0.017578125 0.03515625
1 0.529296875 0.43359375 0.025390625 0.0625
1 0.5283203125 0.505859375 0.02734375 0.0546875
1 0.552734375 0.50390625 0.021484375 0.05859375
1 0.583984375 0.4560546875 0.037109375 0.130859375
1 0.5283203125 0.3544921875 0.03125 0.033203125
1 0.4873046875 0.3486328125 0.041015625 0.0390625
1 0.4462890625 0.3466796875 0.029296875 0.044921875