1 0.369140625 0.400390625 0.046875 0.046875
1 0.37890625 0.4951171875 0.056640625 0.099609375
1 0.4296875 0.453125 0.046875 0.041015625
1 0.4306640625 0.505859375 0.048828125 0.068359375
1 0.4609375 0.419921875 0.01953125 0.041015625
1 0.478515625 0.4482421875 0.017578125 0.015625
1 0.4755859375 0.4755859375 0.03125 0.025390625
1 0.470703125 0.5146484375 0.01953125 0.046875
1 0.4912109375 0.4189453125 0.0234375 0.03515625
1 0.5029296875 0.498046875 0.01953125 0.0703125
1 0.5205078125 0.4326171875 0.029296875 0.064453125
1 0.529296875 0.505859375 0.025390625 0.044921875
1 0.5537109375 0.5029296875 0.0234375 0.052734375
1 0.576171875 0.4326171875 0.041015625 0.115234375
1 0.51171875 0.3525390625 0.02734375 0.02734375
1 0.4677734375 0.34375 0.03125 0.017578125
1 0.5078125 0.3271484375 0.021484375 0.009765625