1 0.3564453125 0.4140625 0.05078125 0.05078125
1 0.3798828125 0.50390625 0.06640625 0.115234375
1 0.42578125 0.4580078125 0.044921875 0.033203125
1 0.43359375 0.5146484375 0.05859375 0.0703125
1 0.4501953125 0.427734375 0.025390625 0.04296875
1 0.4755859375 0.4541015625 0.01953125 0.01953125
1 0.4716796875 0.478515625 0.03515625 0.0234375
1 0.47265625 0.51953125 0.0234375 0.044921875
1 0.501953125 0.49609375 0.029296875 0.076171875
1 0.482421875 0.419921875 0.021484375 0.037109375
1 0.515625 0.4287109375 0.033203125 0.06640625
1 0.5283203125 0.5 0.03515625 0.056640625
1 0.552734375 0.4931640625 0.029296875 0.060546875
1 0.572265625 0.439453125 0.0546875 0.1328125
1 0.498046875 0.3515625 0.03515625 0.037109375
1 0.45703125 0.3544921875 0.046875 0.044921875
1 0.416015625 0.361328125 0.03515625 0.048828125