1 0.373046875 0.392578125 0.04296875 0.044921875
1 0.380859375 0.486328125 0.04296875 0.09765625
1 0.4345703125 0.4443359375 0.04296875 0.029296875
1 0.4306640625 0.5009765625 0.048828125 0.068359375
1 0.4833984375 0.4462890625 0.01953125 0.021484375
1 0.4775390625 0.4736328125 0.03125 0.0234375
1 0.4697265625 0.5126953125 0.017578125 0.033203125
1 0.46484375 0.4189453125 0.015625 0.04296875
1 0.4990234375 0.4189453125 0.015625 0.04296875
1 0.5048828125 0.4951171875 0.015625 0.0703125
1 0.5263671875 0.43359375 0.0234375 0.0625
1 0.52734375 0.5029296875 0.025390625 0.0390625
1 0.552734375 0.5048828125 0.01953125 0.044921875
1 0.580078125 0.4453125 0.03515625 0.11328125
1 0.521484375 0.353515625 0.03125 0.02734375
1 0.4833984375 0.3505859375 0.029296875 0.03515625
1 0.4423828125 0.3544921875 0.0234375 0.01953125
1 0.5205078125 0.326171875 0.01953125 0.0078125
1 0.5908203125 0.51171875 0.017578125 0.01171875