1 0.3828125 0.38671875 0.044921875 0.044921875
1 0.3828125 0.48046875 0.05078125 0.099609375
1 0.4384765625 0.4443359375 0.0390625 0.03125
1 0.431640625 0.50390625 0.046875 0.07421875
1 0.4716796875 0.416015625 0.015625 0.044921875
1 0.5029296875 0.42578125 0.01953125 0.046875
1 0.486328125 0.453125 0.015625 0.01953125
1 0.486328125 0.478515625 0.046875 0.0234375
1 0.4677734375 0.5126953125 0.01953125 0.037109375
1 0.5029296875 0.517578125 0.015625 0.041015625
1 0.53125 0.4384765625 0.029296875 0.06640625
1 0.537109375 0.5107421875 0.05078125 0.052734375
1 0.58203125 0.455078125 0.041015625 0.115234375
1 0.533203125 0.349609375 0.033203125 0.05078125
1 0.4892578125 0.34765625 0.044921875 0.033203125
1 0.44921875 0.3525390625 0.029296875 0.0390625