1 0.3681640625 0.3984375 0.05859375 0.052734375
1 0.375 0.4482421875 0.052734375 0.033203125
1 0.3798828125 0.5029296875 0.05859375 0.076171875
1 0.4287109375 0.453125 0.052734375 0.048828125
1 0.431640625 0.5068359375 0.056640625 0.052734375
1 0.4814453125 0.4658203125 0.05078125 0.0234375
1 0.4697265625 0.5048828125 0.021484375 0.0390625
1 0.50390625 0.50390625 0.021484375 0.046875
1 0.4833984375 0.4150390625 0.03125 0.05859375
1 0.455078125 0.4091796875 0.01953125 0.046875
1 0.5185546875 0.41796875 0.033203125 0.0625
1 0.5244140625 0.4912109375 0.03125 0.048828125
1 0.5517578125 0.4921875 0.021484375 0.044921875
1 0.572265625 0.4296875 0.046875 0.125
1 0.6015625 0.423828125 0.021484375 0.1484375
1 0.5087890625 0.3505859375 0.03125 0.013671875
1 0.5068359375 0.3310546875 0.033203125 0.013671875