1 0.388671875 0.3837890625 0.046875 0.048828125
1 0.3818359375 0.474609375 0.060546875 0.10546875
1 0.44140625 0.4404296875 0.041015625 0.041015625
1 0.431640625 0.494140625 0.0546875 0.078125
1 0.4755859375 0.4140625 0.021484375 0.05078125
1 0.4912109375 0.451171875 0.01953125 0.021484375
1 0.48046875 0.47265625 0.03125 0.025390625
1 0.4677734375 0.513671875 0.01953125 0.044921875
1 0.5087890625 0.4208984375 0.0234375 0.05078125
1 0.5029296875 0.5 0.0234375 0.06640625
1 0.5341796875 0.4384765625 0.029296875 0.072265625
1 0.537109375 0.5166015625 0.052734375 0.05078125
1 0.5859375 0.462890625 0.044921875 0.12109375
1 0.5400390625 0.353515625 0.041015625 0.052734375
1 0.498046875 0.3427734375 0.041015625 0.033203125
1 0.45703125 0.341796875 0.02734375 0.0546875