1 0.3544921875 0.4248046875 0.0546875 0.0546875
1 0.3798828125 0.515625 0.068359375 0.107421875
1 0.423828125 0.46484375 0.046875 0.0390625
1 0.4326171875 0.5166015625 0.0625 0.07421875
1 0.443359375 0.427734375 0.01953125 0.04296875
1 0.47265625 0.453125 0.017578125 0.017578125
1 0.470703125 0.48046875 0.033203125 0.025390625
1 0.47265625 0.51953125 0.025390625 0.0390625
1 0.4765625 0.42578125 0.02734375 0.0390625
1 0.5 0.49609375 0.033203125 0.07421875
1 0.5087890625 0.4306640625 0.03515625 0.0625
1 0.5263671875 0.4970703125 0.041015625 0.0546875
1 0.552734375 0.4921875 0.03125 0.056640625
1 0.56640625 0.427734375 0.0546875 0.119140625
1 0.486328125 0.353515625 0.033203125 0.033203125
1 0.439453125 0.3515625 0.02734375 0.013671875
1 0.40625 0.37109375 0.03125 0.0390625