1 0.3955078125 0.3701171875 0.05078125 0.052734375
1 0.3828125 0.4638671875 0.068359375 0.11328125
1 0.4423828125 0.44140625 0.04296875 0.037109375
1 0.4306640625 0.4931640625 0.0625 0.08203125
1 0.48046875 0.4130859375 0.01953125 0.0390625
1 0.494140625 0.4443359375 0.021484375 0.01953125
1 0.4833984375 0.4677734375 0.037109375 0.02734375
1 0.4658203125 0.505859375 0.025390625 0.041015625
1 0.5107421875 0.4208984375 0.025390625 0.037109375
1 0.5029296875 0.5009765625 0.02734375 0.072265625
1 0.5380859375 0.4404296875 0.03515625 0.0703125
1 0.5263671875 0.513671875 0.03515625 0.048828125
1 0.5498046875 0.5166015625 0.021484375 0.04296875
1 0.58984375 0.4619140625 0.05078125 0.115234375
1 0.5498046875 0.3544921875 0.041015625 0.0546875
1 0.509765625 0.3466796875 0.0390625 0.033203125
1 0.4697265625 0.33984375 0.02734375 0.03125