1 0.607421875 0.3798828125 0.05078125 0.05078125
1 0.6142578125 0.4697265625 0.064453125 0.10546875
1 0.5576171875 0.4443359375 0.04296875 0.033203125
1 0.5673828125 0.494140625 0.056640625 0.072265625
1 0.5078125 0.4501953125 0.021484375 0.01171875
1 0.5185546875 0.4755859375 0.03515625 0.0234375
1 0.533203125 0.5107421875 0.021484375 0.03515625
1 0.4970703125 0.5 0.025390625 0.0703125
1 0.490234375 0.42578125 0.0234375 0.046875
1 0.521484375 0.416015625 0.025390625 0.0390625
1 0.4638671875 0.4423828125 0.033203125 0.06640625
1 0.4736328125 0.513671875 0.03515625 0.052734375
1 0.4521484375 0.5185546875 0.021484375 0.044921875
1 0.4130859375 0.46484375 0.05078125 0.126953125
1 0.4921875 0.353515625 0.044921875 0.046875
1 0.451171875 0.3564453125 0.0390625 0.060546875
1 0.533203125 0.3466796875 0.029296875 0.04296875