1 0.3798828125 0.384765625 0.0537109375 0.0478515625
1 0.380859375 0.435546875 0.0498046875 0.02734375
1 0.3798828125 0.490234375 0.0517578125 0.0712890625
1 0.43359375 0.4462890625 0.048828125 0.044921875
1 0.431640625 0.5 0.0517578125 0.046875
1 0.4853515625 0.4638671875 0.0498046875 0.017578125
1 0.4697265625 0.501953125 0.0185546875 0.0380859375
1 0.50390625 0.50390625 0.0166015625 0.044921875
1 0.4921875 0.4140625 0.0263671875 0.0556640625
1 0.46484375 0.4052734375 0.0146484375 0.044921875
1 0.52734375 0.419921875 0.0263671875 0.0595703125
1 0.525390625 0.494140625 0.0263671875 0.0458984375
1 0.5517578125 0.498046875 0.0166015625 0.04296875
1 0.5791015625 0.4375 0.03515625 0.12109375
1 0.609375 0.4345703125 0.0068359375 0.1494140625
1 0.5244140625 0.3525390625 0.03125 0.0107421875
1 0.5244140625 0.3330078125 0.0322265625 0.0107421875