1 0.62890625 0.4013671875 0.044921875 0.05078125
1 0.6201171875 0.49609375 0.05078125 0.107421875
1 0.5673828125 0.451171875 0.0390625 0.03125
1 0.568359375 0.509765625 0.05078125 0.08203125
1 0.5185546875 0.451171875 0.021484375 0.021484375
1 0.525390625 0.4765625 0.029296875 0.021484375
1 0.529296875 0.5166015625 0.017578125 0.041015625
1 0.537109375 0.421875 0.017578125 0.044921875
1 0.5048828125 0.4228515625 0.01953125 0.033203125
1 0.4970703125 0.5029296875 0.01953125 0.07421875
1 0.47265625 0.4365234375 0.02734375 0.07421875
1 0.47265625 0.5107421875 0.02734375 0.044921875
1 0.4482421875 0.5107421875 0.015625 0.0390625
1 0.421875 0.4443359375 0.03515625 0.12109375
1 0.4814453125 0.3564453125 0.033203125 0.044921875
1 0.521484375 0.3505859375 0.0390625 0.041015625
1 0.564453125 0.3544921875 0.025390625 0.03515625