1 0.630859375 0.3974609375 0.04296875 0.046875
1 0.619140625 0.490234375 0.046875 0.09765625
1 0.5673828125 0.4462890625 0.04296875 0.03125
1 0.5693359375 0.5029296875 0.05078125 0.0703125
1 0.5185546875 0.447265625 0.01953125 0.021484375
1 0.5234375 0.474609375 0.03125 0.0234375
1 0.5302734375 0.513671875 0.01953125 0.033203125
1 0.5380859375 0.419921875 0.015625 0.04296875
1 0.50390625 0.4189453125 0.017578125 0.044921875
1 0.4951171875 0.4951171875 0.017578125 0.0703125
1 0.4755859375 0.4326171875 0.02734375 0.0625
1 0.47265625 0.501953125 0.02734375 0.041015625
1 0.447265625 0.5029296875 0.01953125 0.044921875
1 0.421875 0.4423828125 0.0390625 0.115234375
1 0.4833984375 0.3525390625 0.03125 0.029296875
1 0.521484375 0.3515625 0.03125 0.03515625
1 0.5625 0.3564453125 0.0234375 0.01953125
1 0.4853515625 0.3251953125 0.01953125 0.009765625
1 0.4091796875 0.5087890625 0.017578125 0.01171875