1 0.64453125 0.4208984375 0.052734375 0.046875
1 0.619140625 0.5107421875 0.068359375 0.107421875
1 0.576171875 0.4619140625 0.044921875 0.03515625
1 0.5673828125 0.5166015625 0.05859375 0.076171875
1 0.5263671875 0.4541015625 0.01953125 0.01953125
1 0.5263671875 0.4794921875 0.041015625 0.03125
1 0.5263671875 0.51953125 0.02734375 0.046875
1 0.51953125 0.4208984375 0.025390625 0.04296875
1 0.5498046875 0.423828125 0.02734375 0.046875
1 0.4970703125 0.498046875 0.02734375 0.064453125
1 0.48828125 0.4306640625 0.033203125 0.05859375
1 0.470703125 0.5009765625 0.037109375 0.05078125
1 0.4462890625 0.494140625 0.02734375 0.046875
1 0.431640625 0.4287109375 0.064453125 0.123046875
1 0.5048828125 0.3544921875 0.037109375 0.037109375
1 0.5537109375 0.35546875 0.033203125 0.03125