1 0.646484375 0.4306640625 0.05078125 0.0546875
1 0.619140625 0.517578125 0.072265625 0.109375
1 0.576171875 0.4677734375 0.048828125 0.04296875
1 0.5654296875 0.5234375 0.064453125 0.080078125
1 0.552734375 0.4287109375 0.025390625 0.0390625
1 0.5283203125 0.45703125 0.0234375 0.01953125
1 0.52734375 0.4833984375 0.033203125 0.02734375
1 0.525390625 0.5244140625 0.0234375 0.0390625
1 0.51953125 0.42578125 0.0234375 0.041015625
1 0.49609375 0.5 0.033203125 0.07421875
1 0.4892578125 0.4345703125 0.041015625 0.068359375
1 0.4697265625 0.5009765625 0.037109375 0.056640625
1 0.4482421875 0.4970703125 0.029296875 0.056640625
1 0.4345703125 0.4296875 0.064453125 0.119140625
1 0.5126953125 0.34765625 0.044921875 0.060546875
1 0.5537109375 0.365234375 0.048828125 0.04296875
1 0.59375 0.3701171875 0.03515625 0.048828125