1 0.3671875 0.4072265625 0.041015625 0.046875
1 0.380859375 0.501953125 0.052734375 0.1015625
1 0.4287109375 0.4580078125 0.044921875 0.04296875
1 0.4326171875 0.5166015625 0.048828125 0.072265625
1 0.4599609375 0.42578125 0.0234375 0.04296875
1 0.4814453125 0.4521484375 0.015625 0.01953125
1 0.4755859375 0.478515625 0.033203125 0.021484375
1 0.4716796875 0.51953125 0.021484375 0.0390625
1 0.4912109375 0.4228515625 0.021484375 0.0390625
1 0.5009765625 0.498046875 0.017578125 0.068359375
1 0.5224609375 0.43359375 0.033203125 0.06640625
1 0.5302734375 0.5029296875 0.029296875 0.05078125
1 0.552734375 0.5048828125 0.021484375 0.048828125
1 0.5751953125 0.4423828125 0.044921875 0.1171875
1 0.509765625 0.34765625 0.041015625 0.05859375
1 0.46875 0.35546875 0.04296875 0.041015625
1 0.42578125 0.3525390625 0.033203125 0.048828125