1 0.3759765625 0.388671875 0.0400390625 0.04296875
1 0.3837890625 0.4404296875 0.04296875 0.0185546875
1 0.3818359375 0.4951171875 0.048828125 0.076171875
1 0.4306640625 0.4521484375 0.0458984375 0.05078125
1 0.4326171875 0.505859375 0.046875 0.04296875
1 0.482421875 0.470703125 0.0458984375 0.0234375
1 0.4697265625 0.5087890625 0.017578125 0.0390625
1 0.466796875 0.412109375 0.015625 0.048828125
1 0.49609375 0.41796875 0.0166015625 0.046875
1 0.525390625 0.4287109375 0.0263671875 0.060546875
1 0.537109375 0.5 0.046875 0.0458984375
1 0.5810546875 0.447265625 0.0341796875 0.130859375
1 0.5205078125 0.359375 0.025390625 0.0107421875
1 0.6103515625 0.419921875 0.005859375 0.103515625