1 0.349609375 0.4013671875 0.0546875 0.056640625
1 0.3759765625 0.49609375 0.080078125 0.12109375
1 0.4267578125 0.4814453125 0.06640625 0.115234375
1 0.4814453125 0.484375 0.0703125 0.0859375
1 0.46484375 0.4248046875 0.056640625 0.044921875
1 0.474609375 0.3935546875 0.0234375 0.025390625
1 0.5146484375 0.439453125 0.05078125 0.12109375
1 0.5498046875 0.4794921875 0.03125 0.046875
1 0.5634765625 0.4140625 0.0703125 0.138671875
1 0.591796875 0.4072265625 0.048828125 0.16796875
1 0.486328125 0.3359375 0.04296875 0.037109375
1 0.4384765625 0.33203125 0.037109375 0.01953125
1 0.3916015625 0.396484375 0.021484375 0.017578125