1 0.373046875 0.3935546875 0.041015625 0.037109375
1 0.3818359375 0.4833984375 0.0439453125 0.10546875
1 0.4345703125 0.4453125 0.0390625 0.0283203125
1 0.4306640625 0.5009765625 0.0478515625 0.0693359375
1 0.4833984375 0.4462890625 0.013671875 0.0205078125
1 0.4755859375 0.474609375 0.0341796875 0.01953125
1 0.4697265625 0.5107421875 0.0166015625 0.046875
1 0.4677734375 0.4189453125 0.0146484375 0.0400390625
1 0.498046875 0.419921875 0.01953125 0.046875
1 0.501953125 0.4990234375 0.0146484375 0.068359375
1 0.5283203125 0.431640625 0.0283203125 0.0595703125
1 0.52734375 0.5048828125 0.0263671875 0.044921875
1 0.55078125 0.50390625 0.0205078125 0.0556640625
1 0.580078125 0.4453125 0.0341796875 0.1171875
1 0.439453125 0.3427734375 0.021484375 0.029296875
1 0.4775390625 0.3486328125 0.0322265625 0.0263671875
1 0.5244140625 0.3544921875 0.0302734375 0.0390625