1 0.4072265625 0.34765625 0.05078125 0.0546875
1 0.390625 0.443359375 0.072265625 0.11328125
1 0.451171875 0.4189453125 0.052734375 0.041015625
1 0.4384765625 0.4697265625 0.064453125 0.072265625
1 0.4921875 0.45703125 0.048828125 0.029296875
1 0.470703125 0.48828125 0.02734375 0.04296875
1 0.48828125 0.4921875 0.015625 0.013671875
1 0.5048828125 0.49609375 0.029296875 0.041015625
1 0.5205078125 0.41015625 0.02734375 0.041015625
1 0.544921875 0.427734375 0.037109375 0.064453125
1 0.52734375 0.4990234375 0.03515625 0.04296875
1 0.552734375 0.50390625 0.02734375 0.046875
1 0.59375 0.4501953125 0.0625 0.119140625
1 0.5888671875 0.517578125 0.01171875 0.009765625
1 0.626953125 0.4521484375 0.041015625 0.13671875
1 0.5576171875 0.3583984375 0.033203125 0.017578125
1 0.4912109375 0.388671875 0.017578125 0.02734375
1 0.4267578125 0.37890625 0.01953125 0.03515625