1 0.353515625 0.4169921875 0.05078125 0.048828125
1 0.37890625 0.50390625 0.06640625 0.111328125
1 0.4228515625 0.4599609375 0.04296875 0.029296875
1 0.43359375 0.5146484375 0.05859375 0.0703125
1 0.47265625 0.4501953125 0.021484375 0.021484375
1 0.4775390625 0.47265625 0.046875 0.025390625
1 0.46875 0.51171875 0.025390625 0.037109375
1 0.4462890625 0.4228515625 0.025390625 0.044921875
1 0.4814453125 0.4208984375 0.0234375 0.041015625
1 0.505859375 0.5068359375 0.021484375 0.037109375
1 0.5087890625 0.423828125 0.03515625 0.0625
1 0.529296875 0.49609375 0.037109375 0.048828125
1 0.5517578125 0.49609375 0.0234375 0.04296875
1 0.5654296875 0.4267578125 0.0546875 0.119140625
1 0.4921875 0.3486328125 0.03515625 0.037109375
1 0.4443359375 0.349609375 0.037109375 0.015625