1 0.359375 0.4150390625 0.05078125 0.05859375
1 0.3798828125 0.505859375 0.064453125 0.109375
1 0.42578125 0.4580078125 0.044921875 0.03515625
1 0.4326171875 0.513671875 0.0546875 0.076171875
1 0.474609375 0.4501953125 0.021484375 0.017578125
1 0.478515625 0.4775390625 0.04296875 0.0234375
1 0.4716796875 0.515625 0.021484375 0.04296875
1 0.50390625 0.509765625 0.01953125 0.044921875
1 0.451171875 0.423828125 0.025390625 0.046875
1 0.484375 0.4208984375 0.021484375 0.044921875
1 0.5166015625 0.4287109375 0.03515625 0.06640625
1 0.5283203125 0.5009765625 0.033203125 0.05078125
1 0.552734375 0.498046875 0.021484375 0.046875
1 0.5693359375 0.4326171875 0.05078125 0.115234375
1 0.4970703125 0.34765625 0.041015625 0.0546875
1 0.4521484375 0.3486328125 0.04296875 0.05078125
1 0.591796875 0.5 0.013671875 0.013671875
1 0.41796875 0.3701171875 0.025390625 0.0234375