1 0.40625 0.359375 0.056640625 0.048828125
1 0.384765625 0.46484375 0.05859375 0.07421875
1 0.451171875 0.4287109375 0.046875 0.04296875
1 0.43359375 0.4814453125 0.05859375 0.076171875
1 0.4853515625 0.4638671875 0.037109375 0.037109375
1 0.4658203125 0.5029296875 0.03125 0.0546875
1 0.5029296875 0.498046875 0.03125 0.072265625
1 0.521484375 0.41796875 0.025390625 0.044921875
1 0.5439453125 0.4375 0.0390625 0.064453125
1 0.52734375 0.51171875 0.037109375 0.056640625
1 0.548828125 0.51953125 0.025390625 0.041015625
1 0.58984375 0.4658203125 0.064453125 0.125
1 0.5595703125 0.369140625 0.04296875 0.025390625
1 0.4912109375 0.4091796875 0.02734375 0.04296875