1 0.603515625 0.3701171875 0.046875 0.052734375
1 0.6142578125 0.4658203125 0.06640625 0.115234375
1 0.5546875 0.4345703125 0.041015625 0.033203125
1 0.5673828125 0.4912109375 0.060546875 0.083984375
1 0.517578125 0.4130859375 0.0234375 0.044921875
1 0.5048828125 0.447265625 0.017578125 0.013671875
1 0.515625 0.4677734375 0.03515625 0.0234375
1 0.5341796875 0.5048828125 0.021484375 0.041015625
1 0.48828125 0.423828125 0.021484375 0.046875
1 0.4970703125 0.4990234375 0.025390625 0.06640625
1 0.4619140625 0.4404296875 0.03125 0.064453125
1 0.47265625 0.5087890625 0.037109375 0.052734375
1 0.44921875 0.5126953125 0.025390625 0.05078125
1 0.4130859375 0.4658203125 0.05859375 0.130859375
1 0.44921875 0.3525390625 0.04296875 0.0546875
1 0.490234375 0.341796875 0.041015625 0.029296875
1 0.53125 0.341796875 0.033203125 0.04296875