1 0.3759765625 0.3984375 0.0400390625 0.044921875
1 0.3798828125 0.4921875 0.048828125 0.08984375
1 0.4326171875 0.4501953125 0.041015625 0.029296875
1 0.4296875 0.5087890625 0.046875 0.0712890625
1 0.4833984375 0.453125 0.017578125 0.0185546875
1 0.478515625 0.4755859375 0.0341796875 0.025390625
1 0.46875 0.51953125 0.0126953125 0.04296875
1 0.4638671875 0.419921875 0.015625 0.05078125
1 0.4990234375 0.421875 0.0205078125 0.0458984375
1 0.505859375 0.501953125 0.0146484375 0.0615234375
1 0.5263671875 0.435546875 0.0205078125 0.0537109375
1 0.5283203125 0.5048828125 0.025390625 0.048828125
1 0.5517578125 0.513671875 0.0166015625 0.0478515625
1 0.580078125 0.4482421875 0.03515625 0.123046875
1 0.5234375 0.3505859375 0.0341796875 0.0517578125
1 0.48046875 0.345703125 0.037109375 0.0419921875
1 0.4384765625 0.34765625 0.0263671875 0.0556640625