1 0.3818359375 0.384765625 0.046875 0.048828125
1 0.3818359375 0.4833984375 0.05078125 0.1015625
1 0.4384765625 0.447265625 0.041015625 0.041015625
1 0.4326171875 0.50390625 0.048828125 0.064453125
1 0.4716796875 0.4169921875 0.021484375 0.044921875
1 0.4853515625 0.4521484375 0.017578125 0.009765625
1 0.4794921875 0.4775390625 0.03125 0.017578125
1 0.46875 0.513671875 0.01953125 0.03515625
1 0.5029296875 0.4287109375 0.021484375 0.048828125
1 0.50390625 0.5048828125 0.021484375 0.076171875
1 0.5302734375 0.439453125 0.02734375 0.064453125
1 0.5283203125 0.51171875 0.03125 0.048828125
1 0.5517578125 0.5166015625 0.021484375 0.04296875
1 0.5830078125 0.455078125 0.037109375 0.1171875
1 0.53515625 0.349609375 0.033203125 0.05859375
1 0.4931640625 0.35546875 0.044921875 0.048828125
1 0.4521484375 0.3427734375 0.029296875 0.052734375