1 0.6005859375 0.369140625 0.05078125 0.052734375
1 0.6142578125 0.4609375 0.06640625 0.111328125
1 0.552734375 0.435546875 0.044921875 0.033203125
1 0.5673828125 0.48828125 0.0625 0.078125
1 0.5029296875 0.4453125 0.017578125 0.01171875
1 0.5185546875 0.46875 0.033203125 0.021484375
1 0.533203125 0.505859375 0.0234375 0.044921875
1 0.484375 0.423828125 0.025390625 0.044921875
1 0.5166015625 0.4130859375 0.025390625 0.04296875
1 0.49609375 0.49609375 0.03125 0.068359375
1 0.4599609375 0.4404296875 0.03515625 0.0703125
1 0.474609375 0.5078125 0.033203125 0.056640625
1 0.4482421875 0.5126953125 0.02734375 0.064453125
1 0.4091796875 0.4638671875 0.052734375 0.1171875
1 0.443359375 0.353515625 0.04296875 0.052734375
1 0.4873046875 0.3486328125 0.048828125 0.048828125
1 0.5283203125 0.3427734375 0.033203125 0.044921875