1 0.3779296875 0.39453125 0.0498046875 0.046875
1 0.380859375 0.4853515625 0.0478515625 0.0986328125
1 0.43359375 0.44921875 0.0439453125 0.0341796875
1 0.431640625 0.501953125 0.04296875 0.064453125
1 0.4658203125 0.41796875 0.0166015625 0.0380859375
1 0.4853515625 0.4462890625 0.017578125 0.015625
1 0.482421875 0.474609375 0.0439453125 0.021484375
1 0.4697265625 0.515625 0.017578125 0.041015625
1 0.5048828125 0.51171875 0.0166015625 0.0390625
1 0.498046875 0.419921875 0.01953125 0.0400390625
1 0.52734375 0.431640625 0.025390625 0.05859375
1 0.5283203125 0.5068359375 0.0234375 0.048828125
1 0.5517578125 0.5068359375 0.0146484375 0.0458984375
1 0.5810546875 0.4501953125 0.03515625 0.1337890625
1 0.5224609375 0.3505859375 0.0302734375 0.0458984375
1 0.482421875 0.3515625 0.0341796875 0.0419921875
1 0.443359375 0.35546875 0.01953125 0.0263671875