1 0.3525390625 0.4326171875 0.05859375 0.05859375
1 0.3818359375 0.51953125 0.0703125 0.109375
1 0.423828125 0.46875 0.046875 0.037109375
1 0.435546875 0.5244140625 0.0625 0.078125
1 0.47265625 0.458984375 0.021484375 0.017578125
1 0.4736328125 0.4833984375 0.0390625 0.02734375
1 0.4736328125 0.5244140625 0.0234375 0.037109375
1 0.4453125 0.435546875 0.0234375 0.041015625
1 0.478515625 0.4287109375 0.0234375 0.041015625
1 0.50390625 0.5 0.029296875 0.068359375
1 0.509765625 0.4326171875 0.0390625 0.0703125
1 0.5400390625 0.4970703125 0.0546875 0.056640625
1 0.564453125 0.431640625 0.06640625 0.125
1 0.3544921875 0.3583984375 0.025390625 0.021484375
1 0.40234375 0.3720703125 0.03515625 0.056640625
1 0.4404296875 0.3583984375 0.046875 0.0390625
1 0.482421875 0.3447265625 0.044921875 0.06640625