1 0.6220703125 0.3857421875 0.046875 0.046875
1 0.6171875 0.4794921875 0.044921875 0.1015625
1 0.5625 0.4443359375 0.0390625 0.02734375
1 0.568359375 0.5 0.048828125 0.072265625
1 0.5146484375 0.447265625 0.015625 0.013671875
1 0.521484375 0.4716796875 0.029296875 0.017578125
1 0.5302734375 0.5087890625 0.015625 0.0390625
1 0.5 0.4208984375 0.015625 0.037109375
1 0.4951171875 0.5 0.01953125 0.064453125
1 0.529296875 0.412109375 0.017578125 0.04296875
1 0.47265625 0.435546875 0.0234375 0.05859375
1 0.4716796875 0.505859375 0.029296875 0.048828125
1 0.447265625 0.5048828125 0.01953125 0.03515625
1 0.4189453125 0.4482421875 0.0390625 0.107421875
1 0.4111328125 0.5234375 0.013671875 0.0234375
1 0.4716796875 0.349609375 0.02734375 0.0390625
1 0.5166015625 0.3447265625 0.0390625 0.037109375
1 0.5537109375 0.3466796875 0.02734375 0.025390625