1 0.3681640625 0.404296875 0.046875 0.046875
1 0.380859375 0.498046875 0.0546875 0.109375
1 0.4326171875 0.4560546875 0.04296875 0.03515625
1 0.43359375 0.513671875 0.05078125 0.076171875
1 0.4619140625 0.4228515625 0.017578125 0.04296875
1 0.4814453125 0.4521484375 0.015625 0.01953125
1 0.4736328125 0.478515625 0.03125 0.025390625
1 0.4697265625 0.5185546875 0.015625 0.0390625
1 0.49609375 0.4248046875 0.01953125 0.046875
1 0.5029296875 0.50390625 0.0234375 0.072265625
1 0.5234375 0.435546875 0.029296875 0.060546875
1 0.5302734375 0.5107421875 0.03125 0.048828125
1 0.5517578125 0.5078125 0.021484375 0.046875
1 0.5771484375 0.4423828125 0.044921875 0.12109375
1 0.5126953125 0.3486328125 0.037109375 0.052734375
1 0.470703125 0.353515625 0.0390625 0.04296875
1 0.4248046875 0.3505859375 0.03125 0.048828125