1 0.3896484375 0.3798828125 0.05078125 0.052734375
1 0.3828125 0.4736328125 0.0625 0.107421875
1 0.44140625 0.44140625 0.04296875 0.04296875
1 0.4296875 0.5 0.0546875 0.0859375
1 0.4775390625 0.416015625 0.01953125 0.046875
1 0.4912109375 0.4482421875 0.017578125 0.021484375
1 0.486328125 0.4755859375 0.046875 0.029296875
1 0.466796875 0.51171875 0.021484375 0.0390625
1 0.501953125 0.515625 0.01953125 0.044921875
1 0.5087890625 0.4208984375 0.021484375 0.044921875
1 0.5361328125 0.44140625 0.033203125 0.060546875
1 0.52734375 0.5078125 0.03515625 0.05859375
1 0.55078125 0.5166015625 0.01953125 0.044921875
1 0.5859375 0.4619140625 0.0546875 0.125
1 0.544921875 0.353515625 0.04296875 0.064453125
1 0.50390625 0.349609375 0.0390625 0.046875
1 0.458984375 0.3427734375 0.029296875 0.0546875