1 0.3701171875 0.40234375 0.044921875 0.046875
1 0.380859375 0.4951171875 0.052734375 0.107421875
1 0.4326171875 0.455078125 0.041015625 0.03515625
1 0.43359375 0.5126953125 0.048828125 0.07421875
1 0.4638671875 0.421875 0.017578125 0.04296875
1 0.4814453125 0.4521484375 0.015625 0.01953125
1 0.474609375 0.4775390625 0.03125 0.025390625
1 0.4697265625 0.5185546875 0.015625 0.0390625
1 0.4970703125 0.4248046875 0.01953125 0.046875
1 0.5029296875 0.50390625 0.0234375 0.0703125
1 0.525390625 0.4365234375 0.02734375 0.060546875
1 0.5302734375 0.5107421875 0.03125 0.048828125
1 0.5517578125 0.5087890625 0.01953125 0.044921875
1 0.578125 0.4443359375 0.04296875 0.119140625
1 0.515625 0.3486328125 0.037109375 0.05078125
1 0.4736328125 0.3525390625 0.0390625 0.04296875
1 0.427734375 0.349609375 0.03125 0.048828125