1 0.3837890625 0.3779296875 0.046875 0.04296875
1 0.3828125 0.4677734375 0.0546875 0.107421875
1 0.4375 0.4384765625 0.041015625 0.025390625
1 0.431640625 0.494140625 0.052734375 0.06640625
1 0.48828125 0.4443359375 0.01953125 0.01953125
1 0.486328125 0.4677734375 0.044921875 0.01953125
1 0.466796875 0.501953125 0.021484375 0.03515625
1 0.4716796875 0.41015625 0.021484375 0.044921875
1 0.5048828125 0.4189453125 0.01953125 0.0390625
1 0.5029296875 0.5078125 0.017578125 0.03515625
1 0.5302734375 0.4296875 0.029296875 0.060546875
1 0.529296875 0.5048828125 0.03125 0.046875
1 0.55078125 0.51171875 0.017578125 0.041015625
1 0.583984375 0.44921875 0.04296875 0.1171875
1 0.5361328125 0.353515625 0.03125 0.033203125
1 0.490234375 0.33984375 0.03515625 0.01171875