1 0.3955078125 0.3798828125 0.048828125 0.048828125
1 0.3837890625 0.46484375 0.0625 0.10546875
1 0.4423828125 0.4404296875 0.04296875 0.0390625
1 0.4306640625 0.494140625 0.05859375 0.080078125
1 0.4912109375 0.4482421875 0.021484375 0.0234375
1 0.48046875 0.4736328125 0.037109375 0.021484375
1 0.466796875 0.5087890625 0.021484375 0.0390625
1 0.4794921875 0.4130859375 0.025390625 0.048828125
1 0.5107421875 0.4248046875 0.01953125 0.041015625
1 0.50390625 0.501953125 0.029296875 0.06640625
1 0.5380859375 0.443359375 0.033203125 0.0625
1 0.5263671875 0.5146484375 0.03515625 0.046875
1 0.5498046875 0.5166015625 0.0234375 0.048828125
1 0.587890625 0.4638671875 0.052734375 0.119140625
1 0.5498046875 0.3515625 0.041015625 0.056640625
1 0.5078125 0.3505859375 0.044921875 0.048828125
1 0.4677734375 0.33984375 0.033203125 0.048828125