1 0.591796875 0.3525390625 0.0546875 0.0546875
1 0.5986328125 0.40625 0.0546875 0.046875
1 0.6123046875 0.4638671875 0.064453125 0.083984375
1 0.546875 0.421875 0.044921875 0.041015625
1 0.5634765625 0.4716796875 0.060546875 0.06640625
1 0.51171875 0.486328125 0.064453125 0.07421875
1 0.4990234375 0.435546875 0.01953125 0.015625
1 0.4794921875 0.4130859375 0.02734375 0.041015625
1 0.5146484375 0.416015625 0.017578125 0.015625
1 0.4560546875 0.4375 0.0390625 0.060546875
1 0.4736328125 0.50390625 0.037109375 0.05078125
1 0.4482421875 0.509765625 0.02734375 0.044921875
1 0.40625 0.4560546875 0.0625 0.119140625
1 0.369140625 0.4384765625 0.033203125 0.091796875
1 0.44140625 0.365234375 0.033203125 0.021484375
1 0.5068359375 0.392578125 0.01953125 0.02734375
1 0.490234375 0.38671875 0.013671875 0.01953125