1 0.626953125 0.39453125 0.046875 0.0390625
1 0.619140625 0.4873046875 0.048828125 0.099609375
1 0.5673828125 0.4482421875 0.041015625 0.029296875
1 0.5693359375 0.5029296875 0.046875 0.068359375
1 0.517578125 0.44921875 0.015625 0.017578125
1 0.521484375 0.474609375 0.037109375 0.0234375
1 0.5302734375 0.5146484375 0.01953125 0.044921875
1 0.50390625 0.4189453125 0.017578125 0.041015625
1 0.53515625 0.416015625 0.01953125 0.044921875
1 0.4970703125 0.4990234375 0.015625 0.0625
1 0.474609375 0.4345703125 0.0234375 0.056640625
1 0.4716796875 0.505859375 0.029296875 0.044921875
1 0.4462890625 0.5048828125 0.017578125 0.044921875
1 0.4189453125 0.443359375 0.044921875 0.1171875
1 0.4775390625 0.3564453125 0.03125 0.033203125
1 0.525390625 0.34765625 0.029296875 0.025390625