1 0.4072265625 0.3564453125 0.052734375 0.05078125
1 0.390625 0.4443359375 0.076171875 0.115234375
1 0.4521484375 0.421875 0.044921875 0.0390625
1 0.435546875 0.47265625 0.05859375 0.0703125
1 0.4970703125 0.439453125 0.0234375 0.017578125
1 0.4921875 0.4638671875 0.04296875 0.033203125
1 0.466796875 0.498046875 0.02734375 0.0390625
1 0.501953125 0.505859375 0.02734375 0.04296875
1 0.51953125 0.416015625 0.0234375 0.0390625
1 0.5439453125 0.4375 0.041015625 0.0703125
1 0.5361328125 0.51171875 0.0546875 0.05859375
1 0.5927734375 0.4619140625 0.064453125 0.12109375
1 0.560546875 0.3671875 0.029296875 0.015625
1 0.490234375 0.40234375 0.0234375 0.044921875