1 0.646484375 0.427734375 0.044921875 0.05078125
1 0.6181640625 0.51171875 0.064453125 0.09765625
1 0.57421875 0.46484375 0.046875 0.03515625
1 0.5673828125 0.5166015625 0.060546875 0.07421875
1 0.5263671875 0.45703125 0.01953125 0.021484375
1 0.5205078125 0.482421875 0.046875 0.033203125
1 0.52734375 0.5224609375 0.025390625 0.04296875
1 0.4951171875 0.513671875 0.01953125 0.0390625
1 0.51953125 0.423828125 0.025390625 0.041015625
1 0.5517578125 0.4296875 0.021484375 0.044921875
1 0.4892578125 0.43359375 0.033203125 0.0625
1 0.4716796875 0.5029296875 0.03125 0.05078125
1 0.4453125 0.5029296875 0.021484375 0.04296875
1 0.431640625 0.431640625 0.05078125 0.11328125
1 0.5048828125 0.365234375 0.029296875 0.021484375