1 0.3603515625 0.4111328125 0.044921875 0.052734375
1 0.380859375 0.5048828125 0.060546875 0.11328125
1 0.4267578125 0.4560546875 0.0390625 0.03125
1 0.4326171875 0.513671875 0.05859375 0.08203125
1 0.455078125 0.423828125 0.01953125 0.044921875
1 0.478515625 0.4521484375 0.017578125 0.01171875
1 0.474609375 0.474609375 0.03515625 0.021484375
1 0.4697265625 0.515625 0.01953125 0.0390625
1 0.486328125 0.423828125 0.01953125 0.046875
1 0.5029296875 0.498046875 0.021484375 0.06640625
1 0.5166015625 0.431640625 0.029296875 0.064453125
1 0.5283203125 0.5 0.033203125 0.052734375
1 0.552734375 0.4951171875 0.0234375 0.05078125
1 0.5712890625 0.439453125 0.052734375 0.130859375
1 0.5 0.34375 0.041015625 0.052734375
1 0.4580078125 0.3466796875 0.0390625 0.02734375
1 0.4189453125 0.3603515625 0.03125 0.04296875