1 0.6044921875 0.37890625 0.046875 0.05078125
1 0.6171875 0.4716796875 0.064453125 0.09765625
1 0.5576171875 0.439453125 0.044921875 0.03515625
1 0.5703125 0.49609375 0.05859375 0.078125
1 0.5078125 0.451171875 0.021484375 0.021484375
1 0.5166015625 0.47265625 0.037109375 0.03125
1 0.5341796875 0.513671875 0.01953125 0.044921875
1 0.521484375 0.4150390625 0.0234375 0.052734375
1 0.4873046875 0.4228515625 0.02734375 0.048828125
1 0.494140625 0.5029296875 0.025390625 0.0625
1 0.462890625 0.44140625 0.029296875 0.056640625
1 0.47265625 0.509765625 0.033203125 0.052734375
1 0.451171875 0.5224609375 0.025390625 0.05078125
1 0.412109375 0.462890625 0.056640625 0.126953125
1 0.451171875 0.3564453125 0.04296875 0.056640625
1 0.4921875 0.3447265625 0.04296875 0.046875
1 0.5341796875 0.3388671875 0.03515625 0.05859375