1 0.3564453125 0.4130859375 0.04296875 0.041015625
1 0.3818359375 0.5 0.060546875 0.103515625
1 0.4287109375 0.4580078125 0.0390625 0.033203125
1 0.431640625 0.51171875 0.056640625 0.076171875
1 0.4765625 0.453125 0.021484375 0.017578125
1 0.4716796875 0.4765625 0.033203125 0.025390625
1 0.4716796875 0.517578125 0.0234375 0.0390625
1 0.5048828125 0.5009765625 0.0234375 0.076171875
1 0.517578125 0.4326171875 0.033203125 0.068359375
1 0.52734375 0.50390625 0.033203125 0.05859375
1 0.5546875 0.501953125 0.0234375 0.048828125
1 0.5712890625 0.4345703125 0.044921875 0.115234375
1 0.48828125 0.4267578125 0.021484375 0.048828125
1 0.4541015625 0.421875 0.02734375 0.0390625
1 0.4169921875 0.349609375 0.02734375 0.037109375
1 0.458984375 0.349609375 0.041015625 0.03125
1 0.501953125 0.3486328125 0.04296875 0.048828125