1 0.6123046875 0.3798828125 0.04296875 0.044921875
1 0.615234375 0.470703125 0.0546875 0.103515625
1 0.55859375 0.44140625 0.04296875 0.03515625
1 0.5673828125 0.494140625 0.05078125 0.06640625
1 0.5107421875 0.4462890625 0.017578125 0.015625
1 0.521484375 0.474609375 0.03515625 0.0234375
1 0.5322265625 0.509765625 0.017578125 0.04296875
1 0.4970703125 0.49609375 0.0234375 0.06640625
1 0.5244140625 0.4150390625 0.01953125 0.037109375
1 0.4931640625 0.421875 0.01953125 0.03515625
1 0.4658203125 0.435546875 0.029296875 0.05859375
1 0.47265625 0.5078125 0.03125 0.046875
1 0.44921875 0.5126953125 0.021484375 0.041015625
1 0.4140625 0.455078125 0.044921875 0.111328125
1 0.458984375 0.35546875 0.03125 0.037109375
1 0.501953125 0.3447265625 0.037109375 0.021484375
1 0.5419921875 0.345703125 0.0234375 0.03515625