1 0.6435546875 0.416015625 0.048828125 0.052734375
1 0.619140625 0.5068359375 0.06640625 0.111328125
1 0.57421875 0.4599609375 0.04296875 0.041015625
1 0.56640625 0.51953125 0.0546875 0.078125
1 0.5478515625 0.4267578125 0.025390625 0.044921875
1 0.5234375 0.45703125 0.017578125 0.013671875
1 0.52734375 0.484375 0.033203125 0.017578125
1 0.52734375 0.5224609375 0.0234375 0.04296875
1 0.5146484375 0.4267578125 0.0234375 0.046875
1 0.4970703125 0.4990234375 0.025390625 0.07421875
1 0.486328125 0.431640625 0.03125 0.05859375
1 0.4697265625 0.5009765625 0.03515625 0.0546875
1 0.4462890625 0.4990234375 0.025390625 0.046875
1 0.431640625 0.4384765625 0.0546875 0.12109375
1 0.5888671875 0.3623046875 0.033203125 0.0546875
1 0.5458984375 0.3564453125 0.044921875 0.046875
1 0.50390625 0.34765625 0.037109375 0.056640625