1 0.39453125 0.37109375 0.046875 0.048828125
1 0.39453125 0.4228515625 0.044921875 0.025390625
1 0.3837890625 0.4765625 0.060546875 0.08203125
1 0.439453125 0.44140625 0.052734375 0.056640625
1 0.4326171875 0.4951171875 0.052734375 0.048828125
1 0.4873046875 0.46875 0.048828125 0.03125
1 0.46875 0.50390625 0.0234375 0.041015625
1 0.48046875 0.408203125 0.0234375 0.05078125
1 0.5087890625 0.41796875 0.0234375 0.048828125
1 0.5361328125 0.43359375 0.03515625 0.064453125
1 0.537109375 0.505859375 0.052734375 0.052734375
1 0.587890625 0.4609375 0.0546875 0.134765625
1 0.5419921875 0.3642578125 0.02734375 0.013671875
1 0.62109375 0.4384765625 0.021484375 0.103515625