1 0.5986328125 0.3681640625 0.041015625 0.041015625
1 0.611328125 0.4580078125 0.064453125 0.10546875
1 0.5498046875 0.4345703125 0.044921875 0.033203125
1 0.5654296875 0.4833984375 0.0625 0.080078125
1 0.5107421875 0.470703125 0.05078125 0.029296875
1 0.5009765625 0.4443359375 0.01953125 0.01953125
1 0.5322265625 0.5048828125 0.025390625 0.041015625
1 0.4990234375 0.5087890625 0.01953125 0.025390625
1 0.4599609375 0.443359375 0.033203125 0.06640625
1 0.4755859375 0.513671875 0.033203125 0.046875
1 0.4521484375 0.5205078125 0.025390625 0.05078125
1 0.484375 0.41796875 0.0234375 0.037109375
1 0.5166015625 0.42578125 0.01953125 0.015625
1 0.41015625 0.470703125 0.060546875 0.125
1 0.4404296875 0.36328125 0.037109375 0.03515625
1 0.478515625 0.341796875 0.037109375 0.021484375