1 0.6416015625 0.3974609375 0.056640625 0.0546875
1 0.6259765625 0.4814453125 0.0625 0.10546875
1 0.5986328125 0.3876953125 0.025390625 0.017578125
1 0.5751953125 0.48046875 0.06640625 0.1171875
1 0.5185546875 0.4814453125 0.0625 0.078125
1 0.548828125 0.404296875 0.029296875 0.04296875
1 0.513671875 0.40625 0.029296875 0.044921875
1 0.4853515625 0.4111328125 0.029296875 0.060546875
1 0.4736328125 0.4833984375 0.03125 0.046875
1 0.4482421875 0.478515625 0.029296875 0.056640625
1 0.4296875 0.421875 0.05859375 0.13671875
1 0.4970703125 0.3427734375 0.03515625 0.0234375