1 0.634765625 0.400390625 0.04296875 0.041015625
1 0.6181640625 0.4892578125 0.05078125 0.099609375
1 0.5703125 0.4501953125 0.04296875 0.033203125
1 0.5693359375 0.5029296875 0.046875 0.056640625
1 0.51953125 0.447265625 0.01953125 0.009765625
1 0.5244140625 0.474609375 0.029296875 0.013671875
1 0.53125 0.5087890625 0.015625 0.041015625
1 0.49609375 0.49609375 0.021484375 0.076171875
1 0.478515625 0.4306640625 0.029296875 0.064453125
1 0.4716796875 0.501953125 0.03125 0.046875
1 0.4462890625 0.5 0.015625 0.046875
1 0.4248046875 0.4375 0.041015625 0.12109375
1 0.5087890625 0.419921875 0.0234375 0.037109375
1 0.5400390625 0.416015625 0.017578125 0.037109375
1 0.4873046875 0.357421875 0.033203125 0.013671875
1 0.529296875 0.33984375 0.033203125 0.015625