1 0.373046875 0.392578125 0.041015625 0.0458984375
1 0.3818359375 0.486328125 0.0478515625 0.10546875
1 0.43359375 0.447265625 0.037109375 0.0341796875
1 0.431640625 0.5078125 0.0419921875 0.072265625
1 0.4658203125 0.419921875 0.0185546875 0.0419921875
1 0.484375 0.453125 0.0166015625 0.0107421875
1 0.4755859375 0.4794921875 0.0322265625 0.0126953125
1 0.46875 0.517578125 0.0166015625 0.041015625
1 0.498046875 0.4248046875 0.0166015625 0.0439453125
1 0.5029296875 0.5 0.0126953125 0.072265625
1 0.525390625 0.4345703125 0.0224609375 0.0546875
1 0.529296875 0.505859375 0.0263671875 0.0517578125
1 0.552734375 0.5087890625 0.0185546875 0.0439453125
1 0.578125 0.451171875 0.03515625 0.1171875
1 0.4365234375 0.3486328125 0.025390625 0.05078125
1 0.4794921875 0.3505859375 0.0380859375 0.041015625
1 0.5224609375 0.349609375 0.029296875 0.052734375