1 0.6435546875 0.4267578125 0.048828125 0.052734375
1 0.6201171875 0.5146484375 0.068359375 0.107421875
1 0.5751953125 0.462890625 0.044921875 0.044921875
1 0.56640625 0.5166015625 0.060546875 0.08203125
1 0.55078125 0.4267578125 0.02734375 0.05078125
1 0.5244140625 0.4560546875 0.01953125 0.0234375
1 0.52734375 0.48046875 0.033203125 0.02734375
1 0.5263671875 0.5234375 0.0234375 0.044921875
1 0.517578125 0.4228515625 0.02734375 0.052734375
1 0.4970703125 0.4990234375 0.029296875 0.06640625
1 0.48828125 0.4306640625 0.03515625 0.072265625
1 0.458984375 0.5029296875 0.0546875 0.052734375
1 0.4306640625 0.4375 0.0546875 0.12109375
1 0.509765625 0.3486328125 0.044921875 0.0546875
1 0.5537109375 0.3515625 0.04296875 0.03515625
1 0.591796875 0.3642578125 0.03125 0.0546875