1 0.6064453125 0.373046875 0.046875 0.04296875
1 0.61328125 0.462890625 0.0625 0.111328125
1 0.5546875 0.4345703125 0.04296875 0.03515625
1 0.568359375 0.4892578125 0.05859375 0.076171875
1 0.5068359375 0.4443359375 0.017578125 0.0234375
1 0.51953125 0.470703125 0.037109375 0.025390625
1 0.53125 0.5048828125 0.025390625 0.048828125
1 0.517578125 0.4150390625 0.021484375 0.041015625
1 0.48828125 0.4208984375 0.02734375 0.048828125
1 0.498046875 0.4990234375 0.025390625 0.0703125
1 0.4599609375 0.4375 0.0390625 0.064453125
1 0.4736328125 0.509765625 0.033203125 0.048828125
1 0.4501953125 0.5126953125 0.029296875 0.05859375
1 0.412109375 0.4599609375 0.0546875 0.12109375
1 0.5322265625 0.3349609375 0.025390625 0.033203125
1 0.49609375 0.3466796875 0.037109375 0.03125
1 0.451171875 0.361328125 0.037109375 0.04296875