1 0.369140625 0.3955078125 0.048828125 0.04296875
1 0.380859375 0.486328125 0.0546875 0.099609375
1 0.4296875 0.4482421875 0.044921875 0.03125
1 0.4326171875 0.5 0.05078125 0.0703125
1 0.48046875 0.4716796875 0.044921875 0.02734375
1 0.470703125 0.5107421875 0.015625 0.03515625
1 0.4931640625 0.4169921875 0.017578125 0.04296875
1 0.482421875 0.4482421875 0.017578125 0.009765625
1 0.5205078125 0.427734375 0.0234375 0.056640625
1 0.529296875 0.5009765625 0.025390625 0.046875
1 0.501953125 0.509765625 0.01953125 0.041015625
1 0.552734375 0.5029296875 0.015625 0.04296875
1 0.5751953125 0.4365234375 0.0390625 0.1171875
1 0.513671875 0.3603515625 0.033203125 0.01953125
1 0.4619140625 0.416015625 0.01953125 0.04296875