1 0.376953125 0.3916015625 0.0458984375 0.0439453125
1 0.3798828125 0.486328125 0.0458984375 0.099609375
1 0.4345703125 0.447265625 0.0400390625 0.0302734375
1 0.4306640625 0.5 0.0478515625 0.0654296875
1 0.462890625 0.416015625 0.009765625 0.041015625
1 0.484375 0.4482421875 0.013671875 0.0146484375
1 0.4765625 0.4736328125 0.029296875 0.0185546875
1 0.46875 0.5126953125 0.0166015625 0.03515625
1 0.4951171875 0.421875 0.0185546875 0.0361328125
1 0.5009765625 0.49609375 0.015625 0.072265625
1 0.525390625 0.4345703125 0.0224609375 0.05859375
1 0.5263671875 0.50390625 0.029296875 0.048828125
1 0.552734375 0.5048828125 0.01953125 0.052734375
1 0.58203125 0.4462890625 0.0283203125 0.115234375
1 0.5224609375 0.3544921875 0.0283203125 0.02734375
1 0.4775390625 0.341796875 0.02734375 0.0068359375
1 0.4404296875 0.3525390625 0.0244140625 0.033203125