1 0.6240234375 0.3935546875 0.04296875 0.052734375
1 0.619140625 0.490234375 0.044921875 0.099609375
1 0.56640625 0.44921875 0.03515625 0.029296875
1 0.568359375 0.505859375 0.046875 0.076171875
1 0.5341796875 0.423828125 0.01171875 0.037109375
1 0.5146484375 0.451171875 0.017578125 0.01953125
1 0.5 0.4208984375 0.013671875 0.0390625
1 0.515625 0.4765625 0.046875 0.01953125
1 0.53125 0.5166015625 0.017578125 0.037109375
1 0.4970703125 0.5185546875 0.015625 0.044921875
1 0.4716796875 0.43359375 0.01953125 0.064453125
1 0.4619140625 0.509765625 0.044921875 0.046875
1 0.4189453125 0.44921875 0.03515625 0.1171875
1 0.4716796875 0.34375 0.03125 0.052734375
1 0.515625 0.349609375 0.03515625 0.03515625
1 0.5576171875 0.34765625 0.025390625 0.05078125