1 0.615234375 0.3857421875 0.05078125 0.05078125
1 0.6171875 0.4775390625 0.0546875 0.103515625
1 0.560546875 0.4443359375 0.044921875 0.029296875
1 0.568359375 0.5009765625 0.052734375 0.072265625
1 0.51171875 0.4521484375 0.01953125 0.013671875
1 0.51953125 0.474609375 0.037109375 0.021484375
1 0.5322265625 0.513671875 0.017578125 0.037109375
1 0.529296875 0.4208984375 0.017578125 0.0390625
1 0.4951171875 0.42578125 0.017578125 0.0390625
1 0.49609375 0.5009765625 0.017578125 0.068359375
1 0.46875 0.4404296875 0.02734375 0.068359375
1 0.4619140625 0.5107421875 0.048828125 0.05078125
1 0.416015625 0.45703125 0.046875 0.123046875
1 0.587890625 0.31640625 0.0234375 0.017578125
1 0.5478515625 0.345703125 0.02734375 0.0546875
1 0.5068359375 0.3466796875 0.04296875 0.033203125
1 0.462890625 0.3486328125 0.03515625 0.0625