1 0.3720703125 0.3916015625 0.0400390625 0.0380859375
1 0.3828125 0.4814453125 0.044921875 0.0966796875
1 0.43359375 0.4453125 0.041015625 0.03125
1 0.4306640625 0.498046875 0.04296875 0.0537109375
1 0.484375 0.4462890625 0.01953125 0.0087890625
1 0.4775390625 0.47265625 0.029296875 0.0107421875
1 0.4677734375 0.5068359375 0.0126953125 0.041015625
1 0.50390625 0.49609375 0.0166015625 0.0751953125
1 0.5263671875 0.4326171875 0.0244140625 0.0634765625
1 0.5283203125 0.50390625 0.02734375 0.044921875
1 0.5537109375 0.50390625 0.0126953125 0.0458984375
1 0.5791015625 0.443359375 0.033203125 0.119140625
1 0.4970703125 0.419921875 0.0205078125 0.03515625
1 0.4658203125 0.4130859375 0.015625 0.0361328125
1 0.5224609375 0.3583984375 0.033203125 0.01171875
1 0.482421875 0.337890625 0.0322265625 0.0126953125