1 0.37109375 0.390625 0.048828125 0.037109375
1 0.3798828125 0.498046875 0.044921875 0.064453125
1 0.43359375 0.4443359375 0.041015625 0.033203125
1 0.4306640625 0.5 0.04296875 0.068359375
1 0.4755859375 0.46875 0.03125 0.029296875
1 0.4677734375 0.5126953125 0.01953125 0.052734375
1 0.501953125 0.4970703125 0.015625 0.072265625
1 0.4970703125 0.4150390625 0.015625 0.04296875
1 0.525390625 0.4287109375 0.025390625 0.060546875
1 0.529296875 0.5029296875 0.025390625 0.052734375
1 0.5517578125 0.5048828125 0.015625 0.0390625
1 0.5771484375 0.4423828125 0.037109375 0.12109375
1 0.5205078125 0.3583984375 0.041015625 0.015625
1 0.4658203125 0.416015625 0.017578125 0.041015625