1 0.37109375 0.3876953125 0.04296875 0.04296875
1 0.3798828125 0.4765625 0.05078125 0.107421875
1 0.4326171875 0.4375 0.0390625 0.03125
1 0.4306640625 0.4912109375 0.046875 0.060546875
1 0.48046875 0.4423828125 0.021484375 0.013671875
1 0.482421875 0.466796875 0.0390625 0.0234375
1 0.4677734375 0.5078125 0.01953125 0.037109375
1 0.5029296875 0.5048828125 0.017578125 0.041015625
1 0.4951171875 0.4140625 0.015625 0.037109375
1 0.525390625 0.427734375 0.025390625 0.06640625
1 0.5380859375 0.5009765625 0.04296875 0.048828125
1 0.5791015625 0.4384765625 0.0390625 0.1171875
1 0.521484375 0.3564453125 0.02734375 0.009765625
1 0.462890625 0.4091796875 0.013671875 0.04296875