1 0.408203125 0.3642578125 0.052734375 0.052734375
1 0.38671875 0.4560546875 0.072265625 0.11328125
1 0.4482421875 0.431640625 0.048828125 0.04296875
1 0.4326171875 0.484375 0.060546875 0.076171875
1 0.498046875 0.443359375 0.017578125 0.01953125
1 0.490234375 0.4716796875 0.044921875 0.02734375
1 0.466796875 0.5029296875 0.0234375 0.041015625
1 0.498046875 0.51171875 0.021484375 0.041015625
1 0.5185546875 0.4228515625 0.025390625 0.044921875
1 0.48828125 0.4111328125 0.02734375 0.046875
1 0.54296875 0.4423828125 0.033203125 0.0625
1 0.5234375 0.513671875 0.037109375 0.05078125
1 0.5478515625 0.51953125 0.029296875 0.048828125
1 0.5908203125 0.466796875 0.060546875 0.125
1 0.5634765625 0.35546875 0.04296875 0.0546875
1 0.5224609375 0.3515625 0.046875 0.048828125
1 0.478515625 0.345703125 0.02734375 0.033203125