1 0.380859375 0.384765625 0.04296875 0.0390625
1 0.3828125 0.4755859375 0.05078125 0.107421875
1 0.4384765625 0.4404296875 0.041015625 0.03125
1 0.4306640625 0.49609375 0.052734375 0.072265625
1 0.4873046875 0.4453125 0.015625 0.021484375
1 0.4775390625 0.47265625 0.03515625 0.021484375
1 0.46875 0.5087890625 0.01953125 0.048828125
1 0.4736328125 0.4169921875 0.017578125 0.041015625
1 0.50390625 0.419921875 0.0234375 0.048828125
1 0.501953125 0.4990234375 0.01953125 0.068359375
1 0.533203125 0.43359375 0.033203125 0.060546875
1 0.52734375 0.5068359375 0.029296875 0.046875
1 0.55078125 0.5078125 0.0234375 0.056640625
1 0.583984375 0.451171875 0.04296875 0.119140625
1 0.4501953125 0.3388671875 0.0234375 0.03125
1 0.48828125 0.34765625 0.033203125 0.029296875
1 0.5341796875 0.3564453125 0.033203125 0.041015625