1 0.357421875 0.4267578125 0.048828125 0.052734375
1 0.380859375 0.517578125 0.06640625 0.09765625
1 0.423828125 0.46484375 0.046875 0.037109375
1 0.4326171875 0.5234375 0.060546875 0.080078125
1 0.4736328125 0.4580078125 0.021484375 0.021484375
1 0.4736328125 0.48046875 0.0390625 0.03125
1 0.4736328125 0.525390625 0.021484375 0.044921875
1 0.4482421875 0.4287109375 0.025390625 0.052734375
1 0.482421875 0.423828125 0.029296875 0.048828125
1 0.505859375 0.5009765625 0.02734375 0.0625
1 0.5126953125 0.431640625 0.03125 0.056640625
1 0.5283203125 0.4990234375 0.03515625 0.052734375
1 0.5537109375 0.5029296875 0.025390625 0.05078125
1 0.5673828125 0.4326171875 0.060546875 0.126953125
1 0.4921875 0.3486328125 0.044921875 0.05859375
1 0.44921875 0.353515625 0.044921875 0.048828125
1 0.408203125 0.3642578125 0.037109375 0.060546875