1 0.375 0.388671875 0.0458984375 0.041015625
1 0.3818359375 0.48046875 0.048828125 0.09765625
1 0.4326171875 0.4443359375 0.04296875 0.029296875
1 0.4326171875 0.49609375 0.0478515625 0.0673828125
1 0.482421875 0.470703125 0.0439453125 0.0244140625
1 0.4697265625 0.5087890625 0.013671875 0.03515625
1 0.4970703125 0.4169921875 0.0146484375 0.0419921875
1 0.4853515625 0.447265625 0.017578125 0.0087890625
1 0.5244140625 0.4287109375 0.01953125 0.056640625
1 0.529296875 0.5029296875 0.0224609375 0.044921875
1 0.5009765625 0.509765625 0.0166015625 0.0400390625
1 0.552734375 0.505859375 0.013671875 0.0419921875
1 0.578125 0.4404296875 0.033203125 0.115234375
1 0.5205078125 0.361328125 0.033203125 0.0185546875
1 0.466796875 0.4140625 0.017578125 0.04296875