1 0.3740234375 0.3935546875 0.0439453125 0.044921875
1 0.380859375 0.4912109375 0.0439453125 0.099609375
1 0.4345703125 0.4521484375 0.0380859375 0.0390625
1 0.4326171875 0.5087890625 0.044921875 0.0615234375
1 0.4658203125 0.4189453125 0.017578125 0.0439453125
1 0.482421875 0.453125 0.0166015625 0.0078125
1 0.4775390625 0.4794921875 0.029296875 0.015625
1 0.4697265625 0.515625 0.0166015625 0.0341796875
1 0.498046875 0.4287109375 0.017578125 0.046875
1 0.50390625 0.5048828125 0.0166015625 0.0751953125
1 0.5263671875 0.4375 0.0224609375 0.0625
1 0.529296875 0.509765625 0.02734375 0.0478515625
1 0.552734375 0.5126953125 0.0185546875 0.041015625
1 0.580078125 0.44921875 0.029296875 0.115234375
1 0.5244140625 0.34765625 0.0302734375 0.0556640625
1 0.4833984375 0.3564453125 0.041015625 0.0458984375
1 0.44140625 0.3466796875 0.0263671875 0.0517578125