1 0.611328125 0.3857421875 0.046875 0.046875
1 0.6171875 0.470703125 0.05859375 0.103515625
1 0.560546875 0.443359375 0.041015625 0.037109375
1 0.5693359375 0.4970703125 0.0546875 0.078125
1 0.51171875 0.4482421875 0.021484375 0.0234375
1 0.5205078125 0.474609375 0.037109375 0.01953125
1 0.533203125 0.5107421875 0.01953125 0.037109375
1 0.5244140625 0.4140625 0.0234375 0.046875
1 0.4931640625 0.423828125 0.017578125 0.041015625
1 0.49609375 0.5009765625 0.02734375 0.064453125
1 0.46484375 0.44140625 0.03125 0.0625
1 0.47265625 0.5126953125 0.033203125 0.044921875
1 0.44921875 0.513671875 0.021484375 0.046875
1 0.4140625 0.458984375 0.046875 0.119140625
1 0.4580078125 0.3486328125 0.0390625 0.0546875
1 0.5 0.3505859375 0.04296875 0.046875
1 0.541015625 0.341796875 0.03125 0.046875