1 0.3837890625 0.3779296875 0.046875 0.046875
1 0.3837890625 0.466796875 0.056640625 0.115234375
1 0.4384765625 0.443359375 0.044921875 0.033203125
1 0.431640625 0.4921875 0.052734375 0.068359375
1 0.4873046875 0.4443359375 0.0234375 0.017578125
1 0.4794921875 0.4697265625 0.03125 0.01953125
1 0.466796875 0.5087890625 0.017578125 0.046875
1 0.501953125 0.49609375 0.021484375 0.07421875
1 0.5048828125 0.4228515625 0.01953125 0.037109375
1 0.47265625 0.4169921875 0.017578125 0.037109375
1 0.5341796875 0.4375 0.03125 0.064453125
1 0.5263671875 0.5107421875 0.033203125 0.046875
1 0.552734375 0.5166015625 0.0234375 0.046875
1 0.5859375 0.4609375 0.048828125 0.134765625
1 0.5400390625 0.3486328125 0.0390625 0.060546875
1 0.4970703125 0.3447265625 0.046875 0.052734375
1 0.4560546875 0.3427734375 0.029296875 0.0546875