1 0.6181640625 0.3916015625 0.04296875 0.04296875
1 0.6162109375 0.482421875 0.052734375 0.109375
1 0.5625 0.44921875 0.0390625 0.03515625
1 0.568359375 0.5009765625 0.05078125 0.0703125
1 0.5283203125 0.4208984375 0.021484375 0.05078125
1 0.513671875 0.4541015625 0.013671875 0.013671875
1 0.5224609375 0.48046875 0.03125 0.025390625
1 0.533203125 0.5205078125 0.017578125 0.044921875
1 0.498046875 0.4287109375 0.01953125 0.044921875
1 0.498046875 0.5087890625 0.021484375 0.07421875
1 0.46875 0.44140625 0.02734375 0.064453125
1 0.470703125 0.513671875 0.03125 0.05078125
1 0.4453125 0.51953125 0.021484375 0.046875
1 0.416015625 0.4541015625 0.0390625 0.111328125
1 0.4658203125 0.3642578125 0.033203125 0.04296875
1 0.5107421875 0.345703125 0.037109375 0.01953125
1 0.5517578125 0.35546875 0.0234375 0.033203125