1 0.3955078125 0.375 0.046875 0.05078125
1 0.3828125 0.466796875 0.0625 0.111328125
1 0.443359375 0.4384765625 0.04296875 0.04296875
1 0.4306640625 0.494140625 0.060546875 0.078125
1 0.4814453125 0.4130859375 0.025390625 0.048828125
1 0.4931640625 0.4501953125 0.017578125 0.01171875
1 0.482421875 0.4716796875 0.03515625 0.02734375
1 0.466796875 0.509765625 0.0234375 0.046875
1 0.51171875 0.4228515625 0.025390625 0.046875
1 0.501953125 0.5048828125 0.03125 0.078125
1 0.5380859375 0.439453125 0.037109375 0.068359375
1 0.5263671875 0.5126953125 0.033203125 0.05859375
1 0.5498046875 0.5185546875 0.025390625 0.056640625
1 0.58984375 0.462890625 0.052734375 0.12109375
1 0.5498046875 0.3583984375 0.041015625 0.05859375
1 0.5078125 0.3525390625 0.041015625 0.041015625
1 0.4677734375 0.341796875 0.033203125 0.05078125