1 0.4072265625 0.3662109375 0.05078125 0.052734375
1 0.388671875 0.45703125 0.0703125 0.111328125
1 0.451171875 0.431640625 0.048828125 0.04296875
1 0.4345703125 0.4853515625 0.064453125 0.08203125
1 0.490234375 0.412109375 0.02734375 0.0390625
1 0.498046875 0.443359375 0.01953125 0.017578125
1 0.484375 0.466796875 0.033203125 0.0234375
1 0.4658203125 0.5048828125 0.029296875 0.044921875
1 0.5185546875 0.421875 0.025390625 0.0390625
1 0.5029296875 0.498046875 0.03125 0.0703125
1 0.5419921875 0.443359375 0.037109375 0.064453125
1 0.525390625 0.5126953125 0.0390625 0.0546875
1 0.5498046875 0.5185546875 0.02734375 0.0546875
1 0.587890625 0.4775390625 0.0703125 0.140625
1 0.5595703125 0.36328125 0.0390625 0.04296875
1 0.517578125 0.34765625 0.041015625 0.03515625
1 0.48046875 0.34375 0.03125 0.037109375