1 0.6123046875 0.3671875 0.046875 0.048828125
1 0.6162109375 0.4638671875 0.05859375 0.107421875
1 0.556640625 0.43359375 0.041015625 0.03125
1 0.56640625 0.4873046875 0.05078125 0.068359375
1 0.51953125 0.46484375 0.03125 0.02734375
1 0.533203125 0.50390625 0.021484375 0.046875
1 0.4912109375 0.4169921875 0.025390625 0.048828125
1 0.4970703125 0.4921875 0.01953125 0.064453125
1 0.46484375 0.4296875 0.029296875 0.0625
1 0.4736328125 0.5029296875 0.033203125 0.052734375
1 0.4482421875 0.5087890625 0.0234375 0.05078125
1 0.4140625 0.447265625 0.046875 0.1171875
1 0.4560546875 0.3583984375 0.02734375 0.017578125
1 0.4970703125 0.33984375 0.03515625 0.03125
1 0.5419921875 0.34375 0.0234375 0.03515625
1 0.529296875 0.419921875 0.01953125 0.015625