1 0.5986328125 0.37890625 0.05078125 0.05078125
1 0.61328125 0.46875 0.0703125 0.11328125
1 0.552734375 0.443359375 0.041015625 0.041015625
1 0.568359375 0.49609375 0.05859375 0.072265625
1 0.517578125 0.421875 0.025390625 0.0390625
1 0.50390625 0.453125 0.021484375 0.015625
1 0.5185546875 0.4794921875 0.037109375 0.02734375
1 0.533203125 0.5146484375 0.0234375 0.0390625
1 0.4853515625 0.4287109375 0.025390625 0.041015625
1 0.49609375 0.498046875 0.02734375 0.0546875
1 0.4599609375 0.4501953125 0.0390625 0.068359375
1 0.4638671875 0.5234375 0.056640625 0.0625
1 0.408203125 0.470703125 0.0625 0.12109375
1 0.4443359375 0.3623046875 0.044921875 0.0625
1 0.484375 0.3544921875 0.046875 0.048828125
1 0.5263671875 0.341796875 0.0390625 0.056640625
1 0.564453125 0.30859375 0.021484375 0.01953125