1 0.373046875 0.42578125 0.0361328125 0.056640625
1 0.380859375 0.5205078125 0.0498046875 0.0927734375
1 0.4326171875 0.478515625 0.037109375 0.0302734375
1 0.431640625 0.5400390625 0.046875 0.0791015625
1 0.4638671875 0.4521484375 0.0185546875 0.0390625
1 0.4853515625 0.482421875 0.0244140625 0.013671875
1 0.4775390625 0.51171875 0.037109375 0.015625
1 0.46875 0.548828125 0.017578125 0.0400390625
1 0.4970703125 0.4541015625 0.017578125 0.03515625
1 0.5048828125 0.533203125 0.017578125 0.0654296875
1 0.525390625 0.4677734375 0.017578125 0.0693359375
1 0.537109375 0.54296875 0.04296875 0.037109375
1 0.5791015625 0.4814453125 0.03515625 0.11328125
1 0.521484375 0.37890625 0.03125 0.056640625
1 0.478515625 0.375 0.0390625 0.05859375
1 0.439453125 0.3701171875 0.021484375 0.0498046875