1 0.3662109375 0.4267578125 0.046875 0.048828125
1 0.3828125 0.51171875 0.05859375 0.111328125
1 0.4306640625 0.4716796875 0.041015625 0.04296875
1 0.4345703125 0.5283203125 0.052734375 0.08203125
1 0.4580078125 0.435546875 0.0234375 0.046875
1 0.4892578125 0.435546875 0.0234375 0.04296875
1 0.48046875 0.4677734375 0.017578125 0.009765625
1 0.4833984375 0.4931640625 0.044921875 0.02734375
1 0.4736328125 0.533203125 0.01953125 0.044921875
1 0.53125 0.5224609375 0.068359375 0.046875
1 0.51953125 0.4462890625 0.03125 0.0625
1 0.5751953125 0.4501953125 0.046875 0.1171875
1 0.505859375 0.357421875 0.041015625 0.056640625
1 0.46484375 0.36328125 0.048828125 0.056640625
1 0.421875 0.3662109375 0.033203125 0.064453125