1 0.3759765625 0.4052734375 0.04296875 0.052734375
1 0.380859375 0.501953125 0.0439453125 0.1064453125
1 0.4365234375 0.46484375 0.037109375 0.033203125
1 0.4326171875 0.521484375 0.0478515625 0.07421875
1 0.4658203125 0.4296875 0.0224609375 0.044921875
1 0.498046875 0.4384765625 0.013671875 0.046875
1 0.484375 0.4638671875 0.017578125 0.0146484375
1 0.484375 0.490234375 0.0458984375 0.017578125
1 0.46875 0.5263671875 0.0146484375 0.044921875
1 0.529296875 0.525390625 0.064453125 0.04296875
1 0.5263671875 0.4521484375 0.0244140625 0.0615234375
1 0.580078125 0.458984375 0.0341796875 0.1103515625
1 0.5234375 0.3623046875 0.0283203125 0.0546875
1 0.482421875 0.357421875 0.0341796875 0.0439453125
1 0.4375 0.3583984375 0.0205078125 0.0537109375