1 0.384765625 0.404296875 0.046875 0.05078125
1 0.3818359375 0.49609375 0.0546875 0.10546875
1 0.4384765625 0.46484375 0.041015625 0.037109375
1 0.4296875 0.51953125 0.048828125 0.078125
1 0.470703125 0.4384765625 0.0234375 0.048828125
1 0.5029296875 0.439453125 0.0234375 0.046875
1 0.4873046875 0.4716796875 0.021484375 0.017578125
1 0.4833984375 0.4951171875 0.044921875 0.02734375
1 0.4658203125 0.5341796875 0.021484375 0.046875
1 0.5 0.5361328125 0.015625 0.048828125
1 0.5380859375 0.4912109375 0.056640625 0.134765625
1 0.5849609375 0.4794921875 0.048828125 0.125
1 0.5341796875 0.369140625 0.041015625 0.060546875
1 0.4912109375 0.3642578125 0.044921875 0.0546875
1 0.4501953125 0.3603515625 0.029296875 0.0546875