1 0.630859375 0.4306640625 0.046875 0.056640625
1 0.6162109375 0.5283203125 0.056640625 0.109375
1 0.5654296875 0.4853515625 0.0390625 0.037109375
1 0.564453125 0.546875 0.05078125 0.078125
1 0.537109375 0.4560546875 0.021484375 0.046875
1 0.5146484375 0.4853515625 0.01953125 0.013671875
1 0.5234375 0.5107421875 0.033203125 0.029296875
1 0.5263671875 0.5517578125 0.021484375 0.046875
1 0.4931640625 0.5361328125 0.021484375 0.08203125
1 0.5048828125 0.455078125 0.01953125 0.037109375
1 0.4755859375 0.466796875 0.025390625 0.068359375
1 0.45703125 0.5390625 0.046875 0.05078125
1 0.421875 0.4736328125 0.041015625 0.125
1 0.486328125 0.3740234375 0.037109375 0.060546875
1 0.529296875 0.37890625 0.044921875 0.056640625
1 0.568359375 0.3818359375 0.025390625 0.052734375