1 0.380859375 0.474609375 0.05078125 0.171875
1 0.4345703125 0.4658203125 0.0400390625 0.0380859375
1 0.431640625 0.529296875 0.0458984375 0.07421875
1 0.4658203125 0.4404296875 0.0166015625 0.04296875
1 0.486328125 0.4716796875 0.01953125 0.0087890625
1 0.498046875 0.44140625 0.015625 0.0380859375
1 0.4775390625 0.49609375 0.0283203125 0.0244140625
1 0.46875 0.5400390625 0.015625 0.0390625
1 0.50390625 0.5263671875 0.013671875 0.076171875
1 0.52734375 0.4541015625 0.01953125 0.060546875
1 0.5390625 0.52734375 0.046875 0.0546875
1 0.580078125 0.470703125 0.0380859375 0.1162109375
1 0.5224609375 0.369140625 0.0341796875 0.046875
1 0.478515625 0.3662109375 0.0380859375 0.05078125
1 0.439453125 0.3662109375 0.0263671875 0.0537109375