1 0.6259765625 0.421875 0.046875 0.04296875
1 0.6181640625 0.513671875 0.052734375 0.103515625
1 0.5654296875 0.47265625 0.04296875 0.03125
1 0.56640625 0.53125 0.046875 0.07421875
1 0.53515625 0.443359375 0.01953125 0.044921875
1 0.5146484375 0.4755859375 0.01953125 0.015625
1 0.5244140625 0.5 0.033203125 0.0234375
1 0.529296875 0.54296875 0.01953125 0.0390625
1 0.498046875 0.521484375 0.015625 0.0625
1 0.50390625 0.4462890625 0.021484375 0.044921875
1 0.47265625 0.458984375 0.021484375 0.064453125
1 0.4609375 0.53125 0.044921875 0.0546875
1 0.419921875 0.474609375 0.03515625 0.12109375
1 0.4794921875 0.3701171875 0.03125 0.052734375
1 0.5185546875 0.3681640625 0.03515625 0.052734375
1 0.5634765625 0.3671875 0.029296875 0.052734375