1 0.380859375 0.4716796875 0.048828125 0.16796875
1 0.4326171875 0.5029296875 0.044921875 0.1064453125
1 0.46484375 0.4326171875 0.0185546875 0.044921875
1 0.4921875 0.4453125 0.0302734375 0.0576171875
1 0.4853515625 0.5205078125 0.0498046875 0.0693359375
1 0.5283203125 0.453125 0.0234375 0.0546875
1 0.5380859375 0.521484375 0.04296875 0.0546875
1 0.583984375 0.4638671875 0.0400390625 0.125
1 0.5234375 0.3623046875 0.0380859375 0.0556640625
1 0.478515625 0.3603515625 0.0380859375 0.0625
1 0.4384765625 0.36328125 0.02734375 0.056640625