1 0.376953125 0.4150390625 0.04296875 0.046875
1 0.3818359375 0.5068359375 0.046875 0.1025390625
1 0.435546875 0.470703125 0.0390625 0.0341796875
1 0.431640625 0.525390625 0.04296875 0.07421875
1 0.4658203125 0.44140625 0.0185546875 0.046875
1 0.498046875 0.439453125 0.01953125 0.044921875
1 0.484375 0.47265625 0.01953125 0.0166015625
1 0.4833984375 0.49609375 0.04296875 0.0244140625
1 0.46875 0.537109375 0.017578125 0.044921875
1 0.5029296875 0.5361328125 0.0107421875 0.048828125
1 0.537109375 0.48828125 0.0458984375 0.130859375
1 0.5830078125 0.4716796875 0.0390625 0.1220703125
1 0.5224609375 0.3662109375 0.037109375 0.056640625
1 0.4794921875 0.365234375 0.0400390625 0.0517578125
1 0.4384765625 0.365234375 0.025390625 0.0517578125