1 0.638671875 0.45703125 0.052734375 0.052734375
1 0.6123046875 0.541015625 0.0703125 0.115234375
1 0.5712890625 0.4951171875 0.046875 0.041015625
1 0.556640625 0.55078125 0.060546875 0.078125
1 0.5224609375 0.4833984375 0.0234375 0.017578125
1 0.544921875 0.4619140625 0.0234375 0.044921875
1 0.513671875 0.4521484375 0.025390625 0.037109375
1 0.5205078125 0.5107421875 0.037109375 0.025390625
1 0.517578125 0.5498046875 0.02734375 0.046875
1 0.4912109375 0.5263671875 0.03125 0.078125
1 0.4833984375 0.4580078125 0.041015625 0.06640625
1 0.455078125 0.5224609375 0.05859375 0.068359375
1 0.4296875 0.455078125 0.068359375 0.1328125
1 0.5126953125 0.37109375 0.046875 0.06640625
1 0.548828125 0.384765625 0.05078125 0.056640625
1 0.591796875 0.3935546875 0.03515625 0.056640625