1 0.3759765625 0.4208984375 0.0400390625 0.0478515625
1 0.380859375 0.5166015625 0.0478515625 0.09765625
1 0.4296875 0.517578125 0.0439453125 0.107421875
1 0.46484375 0.447265625 0.015625 0.041015625
1 0.484375 0.4794921875 0.021484375 0.017578125
1 0.4775390625 0.5029296875 0.03125 0.017578125
1 0.4677734375 0.5400390625 0.0166015625 0.044921875
1 0.498046875 0.443359375 0.01953125 0.0380859375
1 0.501953125 0.529296875 0.0126953125 0.0712890625
1 0.5263671875 0.4619140625 0.01953125 0.060546875
1 0.5390625 0.5361328125 0.044921875 0.044921875
1 0.5830078125 0.47265625 0.0380859375 0.125
1 0.5234375 0.373046875 0.0322265625 0.0537109375
1 0.482421875 0.3740234375 0.0380859375 0.048828125
1 0.4384765625 0.3701171875 0.0234375 0.05078125