1 0.625 0.4228515625 0.037109375 0.044921875
1 0.619140625 0.5126953125 0.048828125 0.099609375
1 0.568359375 0.5166015625 0.046875 0.109375
1 0.533203125 0.4501953125 0.013671875 0.037109375
1 0.515625 0.4794921875 0.013671875 0.013671875
1 0.501953125 0.4541015625 0.015625 0.041015625
1 0.5234375 0.50390625 0.03125 0.02734375
1 0.53125 0.5439453125 0.013671875 0.04296875
1 0.4990234375 0.529296875 0.013671875 0.068359375
1 0.4716796875 0.4658203125 0.01953125 0.05859375
1 0.4619140625 0.5400390625 0.048828125 0.048828125
1 0.4208984375 0.48046875 0.037109375 0.12109375
1 0.4755859375 0.3759765625 0.029296875 0.056640625
1 0.517578125 0.3740234375 0.04296875 0.05859375
1 0.5556640625 0.3720703125 0.02734375 0.060546875