1 0.623046875 0.416015625 0.046875 0.05078125
1 0.619140625 0.5087890625 0.0546875 0.107421875
1 0.564453125 0.4794921875 0.0390625 0.033203125
1 0.5693359375 0.5361328125 0.044921875 0.072265625
1 0.53125 0.4482421875 0.017578125 0.04296875
1 0.513671875 0.478515625 0.01953125 0.013671875
1 0.5 0.4521484375 0.013671875 0.0390625
1 0.525390625 0.50390625 0.029296875 0.021484375
1 0.5322265625 0.5439453125 0.015625 0.033203125
1 0.4990234375 0.5283203125 0.013671875 0.072265625
1 0.47265625 0.4638671875 0.025390625 0.064453125
1 0.462890625 0.5361328125 0.05078125 0.052734375
1 0.41796875 0.4794921875 0.0390625 0.12109375
1 0.47265625 0.376953125 0.03515625 0.056640625
1 0.513671875 0.3740234375 0.0390625 0.0546875
1 0.5576171875 0.3740234375 0.029296875 0.056640625