1 0.3740234375 0.4111328125 0.0439453125 0.0498046875
1 0.3798828125 0.50390625 0.0478515625 0.1005859375
1 0.435546875 0.4619140625 0.0341796875 0.041015625
1 0.4326171875 0.521484375 0.0419921875 0.0625
1 0.46484375 0.4296875 0.017578125 0.046875
1 0.4853515625 0.4677734375 0.013671875 0.015625
1 0.4833984375 0.490234375 0.0380859375 0.0224609375
1 0.46875 0.5322265625 0.0166015625 0.0361328125
1 0.5283203125 0.52734375 0.0673828125 0.0390625
1 0.498046875 0.4404296875 0.0126953125 0.0439453125
1 0.525390625 0.4521484375 0.0224609375 0.0625
1 0.580078125 0.4638671875 0.0322265625 0.1142578125
1 0.5234375 0.365234375 0.0322265625 0.056640625
1 0.4833984375 0.3671875 0.0400390625 0.044921875
1 0.4384765625 0.361328125 0.025390625 0.0625
1 0.396484375 0.337890625 0.01953125 0.0166015625