1 0.375 0.431640625 0.0419921875 0.048828125
1 0.3798828125 0.5244140625 0.0458984375 0.103515625
1 0.4326171875 0.4873046875 0.0341796875 0.033203125
1 0.431640625 0.5478515625 0.048828125 0.0771484375
1 0.4677734375 0.4609375 0.0166015625 0.044921875
1 0.484375 0.4912109375 0.017578125 0.017578125
1 0.478515625 0.517578125 0.0341796875 0.01953125
1 0.466796875 0.5556640625 0.0146484375 0.0478515625
1 0.4970703125 0.462890625 0.017578125 0.04296875
1 0.50390625 0.541015625 0.0146484375 0.0634765625
1 0.5263671875 0.474609375 0.0263671875 0.0654296875
1 0.537109375 0.544921875 0.048828125 0.0556640625
1 0.5830078125 0.48828125 0.037109375 0.1162109375
1 0.521484375 0.388671875 0.03125 0.0546875
1 0.4794921875 0.375 0.041015625 0.0615234375
1 0.4384765625 0.3828125 0.0283203125 0.0546875