1 0.62109375 0.404296875 0.046875 0.052734375
1 0.6201171875 0.498046875 0.052734375 0.103515625
1 0.5625 0.458984375 0.037109375 0.04296875
1 0.568359375 0.517578125 0.044921875 0.064453125
1 0.53125 0.427734375 0.01953125 0.046875
1 0.5126953125 0.466796875 0.013671875 0.015625
1 0.515625 0.4892578125 0.0390625 0.025390625
1 0.533203125 0.5302734375 0.017578125 0.037109375
1 0.4736328125 0.5283203125 0.068359375 0.04296875
1 0.4990234375 0.4404296875 0.015625 0.044921875
1 0.4716796875 0.453125 0.025390625 0.064453125
1 0.41796875 0.4677734375 0.0390625 0.115234375
1 0.4697265625 0.3662109375 0.03515625 0.05859375
1 0.509765625 0.3662109375 0.04296875 0.046875
1 0.5537109375 0.3583984375 0.029296875 0.064453125
1 0.5947265625 0.3330078125 0.01953125 0.017578125