1 0.6142578125 0.390625 0.046875 0.052734375
1 0.6171875 0.4853515625 0.0546875 0.103515625
1 0.5595703125 0.4521484375 0.041015625 0.041015625
1 0.5673828125 0.5078125 0.052734375 0.08203125
1 0.52734375 0.4267578125 0.017578125 0.0390625
1 0.5126953125 0.4599609375 0.0234375 0.021484375
1 0.513671875 0.482421875 0.044921875 0.025390625
1 0.5322265625 0.5205078125 0.0234375 0.044921875
1 0.47265625 0.5224609375 0.0703125 0.048828125
1 0.494140625 0.4287109375 0.025390625 0.04296875
1 0.46875 0.44921875 0.02734375 0.06640625
1 0.4150390625 0.4638671875 0.04296875 0.126953125
1 0.4619140625 0.359375 0.03125 0.04296875
1 0.5068359375 0.3515625 0.044921875 0.0546875
1 0.5458984375 0.345703125 0.03125 0.056640625
1 0.587890625 0.3212890625 0.01953125 0.01953125