1 0.6162109375 0.3974609375 0.048828125 0.05078125
1 0.619140625 0.4873046875 0.060546875 0.10546875
1 0.5615234375 0.4560546875 0.041015625 0.037109375
1 0.5703125 0.5166015625 0.05078125 0.078125
1 0.5283203125 0.4326171875 0.021484375 0.037109375
1 0.49609375 0.439453125 0.021484375 0.05078125
1 0.513671875 0.4638671875 0.013671875 0.009765625
1 0.515625 0.490234375 0.048828125 0.01953125
1 0.5341796875 0.5263671875 0.021484375 0.046875
1 0.4755859375 0.5302734375 0.064453125 0.044921875
1 0.4677734375 0.4521484375 0.02734375 0.068359375
1 0.4150390625 0.47265625 0.04296875 0.12109375
1 0.544921875 0.3515625 0.03125 0.0625
1 0.505859375 0.35546875 0.048828125 0.060546875
1 0.462890625 0.3662109375 0.041015625 0.060546875