1 0.6103515625 0.384765625 0.048828125 0.05859375
1 0.6162109375 0.474609375 0.05859375 0.10546875
1 0.556640625 0.4462890625 0.044921875 0.041015625
1 0.568359375 0.50390625 0.052734375 0.07421875
1 0.5234375 0.421875 0.0234375 0.046875
1 0.4921875 0.43359375 0.025390625 0.0390625
1 0.5107421875 0.4599609375 0.025390625 0.015625
1 0.513671875 0.482421875 0.046875 0.03125
1 0.533203125 0.51953125 0.0234375 0.04296875
1 0.4755859375 0.5263671875 0.064453125 0.05078125
1 0.46484375 0.44921875 0.03515625 0.06640625
1 0.4150390625 0.47265625 0.056640625 0.1328125
1 0.453125 0.361328125 0.04296875 0.05859375
1 0.49609375 0.3564453125 0.046875 0.0546875
1 0.537109375 0.3466796875 0.029296875 0.056640625
1 0.576171875 0.3203125 0.025390625 0.029296875