1 0.3876953125 0.396484375 0.046875 0.048828125
1 0.3828125 0.482421875 0.05859375 0.111328125
1 0.439453125 0.4560546875 0.041015625 0.04296875
1 0.4296875 0.51171875 0.052734375 0.08203125
1 0.474609375 0.4267578125 0.0234375 0.046875
1 0.5048828125 0.4345703125 0.0234375 0.04296875
1 0.48828125 0.4638671875 0.017578125 0.009765625
1 0.4853515625 0.4892578125 0.044921875 0.02734375
1 0.466796875 0.525390625 0.01953125 0.044921875
1 0.5244140625 0.529296875 0.068359375 0.046875
1 0.5322265625 0.453125 0.03125 0.0625
1 0.5849609375 0.4697265625 0.046875 0.1171875
1 0.5400390625 0.36328125 0.041015625 0.056640625
1 0.4990234375 0.359375 0.048828125 0.056640625
1 0.4560546875 0.3505859375 0.033203125 0.064453125