1 0.369140625 0.4287109375 0.048828125 0.052734375
1 0.3837890625 0.5234375 0.060546875 0.11328125
1 0.4306640625 0.48046875 0.041015625 0.03515625
1 0.4375 0.5390625 0.048828125 0.07421875
1 0.4609375 0.44921875 0.017578125 0.05078125
1 0.482421875 0.4775390625 0.017578125 0.013671875
1 0.4765625 0.50390625 0.029296875 0.01953125
1 0.4755859375 0.5458984375 0.01953125 0.046875
1 0.4921875 0.4482421875 0.0234375 0.041015625
1 0.5029296875 0.517578125 0.01953125 0.0546875
1 0.5224609375 0.4580078125 0.02734375 0.05859375
1 0.5400390625 0.5224609375 0.048828125 0.06640625
1 0.5771484375 0.4638671875 0.0390625 0.119140625
1 0.509765625 0.3642578125 0.0390625 0.06640625
1 0.46875 0.3720703125 0.046875 0.060546875
1 0.4267578125 0.3740234375 0.033203125 0.060546875