1 0.400390625 0.3818359375 0.056640625 0.056640625
1 0.3818359375 0.470703125 0.0703125 0.1015625
1 0.4443359375 0.44140625 0.046875 0.048828125
1 0.4296875 0.4990234375 0.060546875 0.078125
1 0.484375 0.421875 0.02734375 0.048828125
1 0.4921875 0.458984375 0.0234375 0.025390625
1 0.48828125 0.4833984375 0.046875 0.029296875
1 0.46484375 0.5146484375 0.021484375 0.044921875
1 0.498046875 0.5244140625 0.0234375 0.04296875
1 0.5166015625 0.4326171875 0.025390625 0.044921875
1 0.5400390625 0.4521484375 0.03515625 0.06640625
1 0.53515625 0.5263671875 0.052734375 0.05078125
1 0.5869140625 0.4853515625 0.0625 0.138671875
1 0.5556640625 0.36328125 0.046875 0.0625
1 0.5146484375 0.35546875 0.052734375 0.06640625
1 0.4755859375 0.3447265625 0.041015625 0.060546875
1 0.439453125 0.314453125 0.021484375 0.017578125