1 0.3642578125 0.4453125 0.056640625 0.05859375
1 0.3837890625 0.537109375 0.06640625 0.103515625
1 0.4306640625 0.4892578125 0.046875 0.0390625
1 0.4384765625 0.5478515625 0.05859375 0.078125
1 0.4580078125 0.4560546875 0.025390625 0.046875
1 0.478515625 0.486328125 0.021484375 0.021484375
1 0.4765625 0.509765625 0.033203125 0.025390625
1 0.4755859375 0.5498046875 0.025390625 0.046875
1 0.490234375 0.4541015625 0.02734375 0.044921875
1 0.5087890625 0.53125 0.029296875 0.07421875
1 0.51953125 0.45703125 0.0390625 0.07421875
1 0.5439453125 0.53125 0.052734375 0.060546875
1 0.5771484375 0.4638671875 0.060546875 0.12109375
1 0.5 0.3779296875 0.0390625 0.060546875
1 0.45703125 0.380859375 0.05078125 0.06640625
1 0.41796875 0.3818359375 0.037109375 0.05859375