1 0.3994140625 0.3818359375 0.044921875 0.056640625
1 0.38671875 0.4736328125 0.072265625 0.1171875
1 0.4462890625 0.443359375 0.044921875 0.041015625
1 0.431640625 0.5009765625 0.060546875 0.087890625
1 0.494140625 0.4560546875 0.0234375 0.0234375
1 0.486328125 0.484375 0.048828125 0.033203125
1 0.4638671875 0.5166015625 0.029296875 0.046875
1 0.5244140625 0.5283203125 0.078125 0.056640625
1 0.5146484375 0.4306640625 0.025390625 0.04296875
1 0.537109375 0.4521484375 0.037109375 0.072265625
1 0.58984375 0.474609375 0.060546875 0.119140625
1 0.556640625 0.36328125 0.044921875 0.060546875
1 0.5166015625 0.353515625 0.048828125 0.064453125
1 0.4736328125 0.345703125 0.046875 0.068359375
1 0.4384765625 0.314453125 0.0234375 0.025390625
1 0.478515625 0.439453125 0.01953125 0.03125