1 0.37890625 0.4287109375 0.044921875 0.052734375
1 0.3828125 0.51953125 0.044921875 0.1044921875
1 0.435546875 0.4814453125 0.0390625 0.03125
1 0.43359375 0.5380859375 0.0458984375 0.0751953125
1 0.46484375 0.4521484375 0.0126953125 0.0439453125
1 0.484375 0.4814453125 0.017578125 0.01171875
1 0.4775390625 0.509765625 0.0322265625 0.01953125
1 0.46875 0.5498046875 0.0166015625 0.0458984375
1 0.498046875 0.455078125 0.0166015625 0.046875
1 0.501953125 0.5263671875 0.0146484375 0.0556640625
1 0.5263671875 0.466796875 0.01953125 0.06640625
1 0.5400390625 0.5419921875 0.0439453125 0.0537109375
1 0.580078125 0.48046875 0.033203125 0.125
1 0.5244140625 0.3779296875 0.03125 0.0556640625
1 0.48046875 0.3759765625 0.0400390625 0.0576171875
1 0.4404296875 0.373046875 0.025390625 0.05859375