1 0.3759765625 0.4072265625 0.0458984375 0.0556640625
1 0.380859375 0.4970703125 0.0498046875 0.10546875
1 0.435546875 0.4541015625 0.0439453125 0.0419921875
1 0.431640625 0.5185546875 0.0478515625 0.07421875
1 0.4677734375 0.4267578125 0.0146484375 0.0458984375
1 0.4990234375 0.431640625 0.0166015625 0.044921875
1 0.52734375 0.4423828125 0.0244140625 0.0595703125
1 0.4833984375 0.4833984375 0.0419921875 0.021484375
1 0.4697265625 0.525390625 0.021484375 0.0458984375
1 0.529296875 0.5234375 0.0673828125 0.0458984375
1 0.58203125 0.4638671875 0.03515625 0.1279296875
1 0.5244140625 0.3564453125 0.03125 0.060546875
1 0.4814453125 0.3564453125 0.03515625 0.060546875
1 0.44140625 0.3564453125 0.0283203125 0.0615234375
1 0.396484375 0.33203125 0.021484375 0.0205078125