1 0.607421875 0.396484375 0.046875 0.0546875
1 0.619140625 0.490234375 0.0625 0.11328125
1 0.556640625 0.4560546875 0.0390625 0.041015625
1 0.5703125 0.5146484375 0.056640625 0.0859375
1 0.5224609375 0.435546875 0.0234375 0.046875
1 0.4921875 0.44921875 0.0234375 0.05078125
1 0.5126953125 0.4697265625 0.01953125 0.013671875
1 0.515625 0.4931640625 0.044921875 0.03125
1 0.537109375 0.5283203125 0.025390625 0.05078125
1 0.4755859375 0.5380859375 0.072265625 0.056640625
1 0.46484375 0.4599609375 0.033203125 0.0625
1 0.4150390625 0.4814453125 0.05859375 0.123046875
1 0.455078125 0.375 0.04296875 0.06640625
1 0.4970703125 0.3662109375 0.044921875 0.0625
1 0.537109375 0.357421875 0.033203125 0.06640625