1 0.369140625 0.4541015625 0.048828125 0.0625
1 0.38671875 0.5517578125 0.060546875 0.111328125
1 0.4345703125 0.5009765625 0.041015625 0.03515625
1 0.439453125 0.5615234375 0.056640625 0.080078125
1 0.4619140625 0.46875 0.01953125 0.04296875
1 0.484375 0.4990234375 0.01953125 0.015625
1 0.478515625 0.5224609375 0.03515625 0.029296875
1 0.478515625 0.564453125 0.021484375 0.0390625
1 0.4921875 0.466796875 0.0234375 0.046875
1 0.5087890625 0.5439453125 0.02734375 0.080078125
1 0.5244140625 0.4765625 0.03125 0.0625
1 0.5458984375 0.5439453125 0.056640625 0.060546875
1 0.5791015625 0.478515625 0.052734375 0.119140625
1 0.505859375 0.3896484375 0.0390625 0.0625
1 0.4638671875 0.396484375 0.046875 0.05859375
1 0.423828125 0.4013671875 0.03125 0.0625