1 0.3759765625 0.4111328125 0.0419921875 0.0439453125
1 0.3818359375 0.4970703125 0.0458984375 0.1064453125
1 0.4345703125 0.4638671875 0.0361328125 0.0380859375
1 0.431640625 0.5205078125 0.04296875 0.0771484375
1 0.4658203125 0.4306640625 0.017578125 0.044921875
1 0.4970703125 0.4345703125 0.01953125 0.041015625
1 0.484375 0.4658203125 0.0166015625 0.0078125
1 0.484375 0.4912109375 0.0419921875 0.0224609375
1 0.4697265625 0.529296875 0.013671875 0.0439453125
1 0.5283203125 0.5263671875 0.064453125 0.0400390625
1 0.5263671875 0.44921875 0.0244140625 0.0595703125
1 0.5810546875 0.4599609375 0.033203125 0.1142578125
1 0.5234375 0.359375 0.03515625 0.052734375
1 0.4814453125 0.3603515625 0.04296875 0.0517578125
1 0.4384765625 0.357421875 0.0263671875 0.0625