1 0.6044921875 0.3828125 0.05078125 0.0546875
1 0.6171875 0.4716796875 0.0625 0.1015625
1 0.5546875 0.44140625 0.044921875 0.041015625
1 0.568359375 0.498046875 0.0546875 0.07421875
1 0.51953125 0.4208984375 0.02734375 0.046875
1 0.5068359375 0.455078125 0.021484375 0.017578125
1 0.51953125 0.4775390625 0.033203125 0.0234375
1 0.533203125 0.513671875 0.0234375 0.0390625
1 0.48828125 0.427734375 0.029296875 0.04296875
1 0.4970703125 0.509765625 0.029296875 0.072265625
1 0.4609375 0.443359375 0.03125 0.06640625
1 0.4736328125 0.5185546875 0.033203125 0.048828125
1 0.44921875 0.5205078125 0.02734375 0.05859375
1 0.412109375 0.4697265625 0.0546875 0.125
1 0.4501953125 0.359375 0.041015625 0.060546875
1 0.4912109375 0.34765625 0.046875 0.060546875
1 0.533203125 0.3408203125 0.037109375 0.0546875
1 0.572265625 0.314453125 0.03125 0.01953125