1 0.638671875 0.455078125 0.052734375 0.0625
1 0.6123046875 0.54296875 0.068359375 0.103515625
1 0.5673828125 0.4921875 0.046875 0.041015625
1 0.5576171875 0.552734375 0.064453125 0.083984375
1 0.544921875 0.455078125 0.02734375 0.046875
1 0.521484375 0.482421875 0.01953125 0.015625
1 0.5205078125 0.51171875 0.03125 0.0234375
1 0.51953125 0.5498046875 0.0234375 0.041015625
1 0.5107421875 0.455078125 0.0234375 0.046875
1 0.4892578125 0.529296875 0.03125 0.06640625
1 0.48046875 0.4619140625 0.037109375 0.06640625
1 0.4541015625 0.5224609375 0.05859375 0.060546875
1 0.4267578125 0.4599609375 0.060546875 0.12109375
1 0.5048828125 0.3701171875 0.048828125 0.07421875
1 0.5478515625 0.3837890625 0.05078125 0.05859375
1 0.5849609375 0.390625 0.0390625 0.056640625