1 0.6162109375 0.412109375 0.046875 0.05859375
1 0.6201171875 0.50390625 0.05859375 0.099609375
1 0.5615234375 0.470703125 0.04296875 0.037109375
1 0.572265625 0.5302734375 0.0546875 0.080078125
1 0.52734375 0.443359375 0.0234375 0.044921875
1 0.5146484375 0.4765625 0.01953125 0.013671875
1 0.5234375 0.5048828125 0.029296875 0.01953125
1 0.53515625 0.541015625 0.01953125 0.0390625
1 0.4951171875 0.4541015625 0.01953125 0.046875
1 0.4990234375 0.53125 0.0234375 0.064453125
1 0.4697265625 0.4697265625 0.029296875 0.064453125
1 0.4638671875 0.5361328125 0.052734375 0.056640625
1 0.41796875 0.486328125 0.046875 0.119140625
1 0.4619140625 0.375 0.04296875 0.072265625
1 0.5078125 0.375 0.044921875 0.0546875
1 0.544921875 0.3681640625 0.033203125 0.0546875