1 0.623046875 0.4140625 0.048828125 0.046875
1 0.6181640625 0.5 0.048828125 0.1015625
1 0.5673828125 0.458984375 0.037109375 0.03515625
1 0.56640625 0.5166015625 0.044921875 0.072265625
1 0.5361328125 0.431640625 0.01953125 0.048828125
1 0.517578125 0.46484375 0.017578125 0.015625
1 0.515625 0.48828125 0.044921875 0.025390625
1 0.529296875 0.525390625 0.013671875 0.037109375
1 0.4970703125 0.525390625 0.013671875 0.041015625
1 0.50390625 0.431640625 0.017578125 0.046875
1 0.474609375 0.443359375 0.02734375 0.064453125
1 0.4609375 0.5166015625 0.052734375 0.05859375
1 0.4189453125 0.4599609375 0.0390625 0.130859375
1 0.48046875 0.353515625 0.0390625 0.05859375
1 0.525390625 0.3583984375 0.0390625 0.05859375
1 0.56640625 0.35546875 0.03515625 0.056640625
1 0.609375 0.337890625 0.021484375 0.0234375