1 0.6328125 0.4169921875 0.0546875 0.05078125
1 0.6201171875 0.5078125 0.060546875 0.109375
1 0.5703125 0.4638671875 0.044921875 0.033203125
1 0.56640625 0.51953125 0.0546875 0.078125
1 0.54296875 0.4296875 0.025390625 0.046875
1 0.5087890625 0.43359375 0.0234375 0.0546875
1 0.4814453125 0.4384765625 0.03125 0.06640625
1 0.4599609375 0.505859375 0.052734375 0.056640625
1 0.4248046875 0.447265625 0.05078125 0.115234375
1 0.4970703125 0.50390625 0.02734375 0.07421875
1 0.5224609375 0.4853515625 0.0390625 0.0234375
1 0.52734375 0.5244140625 0.01953125 0.041015625
1 0.4931640625 0.3525390625 0.0390625 0.05859375
1 0.5400390625 0.353515625 0.05078125 0.048828125
1 0.5791015625 0.36328125 0.03125 0.0546875
1 0.6201171875 0.3447265625 0.033203125 0.021484375