1 0.603515625 0.392578125 0.052734375 0.060546875
1 0.619140625 0.486328125 0.064453125 0.107421875
1 0.5556640625 0.458984375 0.044921875 0.048828125
1 0.5732421875 0.513671875 0.056640625 0.076171875
1 0.521484375 0.4404296875 0.02734375 0.05078125
1 0.5087890625 0.4736328125 0.0234375 0.01953125
1 0.521484375 0.4970703125 0.037109375 0.025390625
1 0.5380859375 0.533203125 0.0234375 0.044921875
1 0.4892578125 0.4453125 0.021484375 0.037109375
1 0.50390625 0.51953125 0.02734375 0.068359375
1 0.4638671875 0.4697265625 0.041015625 0.0703125
1 0.4697265625 0.5400390625 0.0546875 0.052734375
1 0.4140625 0.4931640625 0.0625 0.130859375
1 0.44921875 0.3798828125 0.04296875 0.05859375
1 0.48828125 0.3671875 0.048828125 0.060546875
1 0.525390625 0.3583984375 0.04296875 0.064453125