1 0.376953125 0.40625 0.044921875 0.048828125
1 0.3798828125 0.49609375 0.052734375 0.1015625
1 0.435546875 0.4609375 0.0390625 0.03515625
1 0.4306640625 0.521484375 0.044921875 0.076171875
1 0.466796875 0.4345703125 0.01953125 0.037109375
1 0.5 0.439453125 0.017578125 0.05078125
1 0.4833984375 0.46484375 0.013671875 0.009765625
1 0.4833984375 0.4912109375 0.046875 0.017578125
1 0.4677734375 0.529296875 0.01953125 0.044921875
1 0.5263671875 0.5283203125 0.0625 0.041015625
1 0.529296875 0.4501953125 0.0234375 0.068359375
1 0.5830078125 0.466796875 0.03515625 0.12109375
1 0.4443359375 0.35546875 0.02734375 0.060546875
1 0.484375 0.35546875 0.044921875 0.05859375
1 0.52734375 0.3642578125 0.037109375 0.05859375