1 0.375 0.419921875 0.0380859375 0.05078125
1 0.3798828125 0.5126953125 0.0478515625 0.1015625
1 0.4365234375 0.47265625 0.041015625 0.037109375
1 0.4326171875 0.5322265625 0.0478515625 0.07421875
1 0.466796875 0.439453125 0.0185546875 0.0458984375
1 0.4814453125 0.4755859375 0.01953125 0.01171875
1 0.4775390625 0.501953125 0.029296875 0.017578125
1 0.46875 0.5380859375 0.0205078125 0.04296875
1 0.498046875 0.4501953125 0.0107421875 0.0458984375
1 0.5029296875 0.5234375 0.0166015625 0.064453125
1 0.525390625 0.4609375 0.0205078125 0.068359375
1 0.5400390625 0.5341796875 0.0439453125 0.046875
1 0.5830078125 0.474609375 0.0380859375 0.1220703125
1 0.5244140625 0.369140625 0.0322265625 0.056640625
1 0.4814453125 0.375 0.03515625 0.05078125
1 0.4423828125 0.3701171875 0.025390625 0.0595703125