1 0.3740234375 0.4130859375 0.0390625 0.046875
1 0.3818359375 0.5078125 0.046875 0.103515625
1 0.43359375 0.4677734375 0.0390625 0.03125
1 0.431640625 0.52734375 0.048828125 0.072265625
1 0.46484375 0.439453125 0.015625 0.044921875
1 0.4833984375 0.470703125 0.021484375 0.013671875
1 0.49609375 0.44140625 0.015625 0.037109375
1 0.4765625 0.494140625 0.02734375 0.01953125
1 0.4697265625 0.5361328125 0.017578125 0.041015625
1 0.5048828125 0.5185546875 0.017578125 0.0703125
1 0.525390625 0.451171875 0.02734375 0.0625
1 0.5380859375 0.5224609375 0.04296875 0.048828125
1 0.5791015625 0.462890625 0.033203125 0.119140625
1 0.521484375 0.361328125 0.03125 0.0546875
1 0.4775390625 0.36328125 0.0390625 0.05078125
1 0.4375 0.3623046875 0.025390625 0.0546875