1 0.37890625 0.4150390625 0.04296875 0.060546875
1 0.3818359375 0.509765625 0.05078125 0.1015625
1 0.4375 0.4697265625 0.044921875 0.037109375
1 0.4296875 0.52734375 0.046875 0.07421875
1 0.4677734375 0.4365234375 0.01953125 0.048828125
1 0.4833984375 0.4716796875 0.0234375 0.017578125
1 0.4775390625 0.498046875 0.03125 0.015625
1 0.46875 0.5361328125 0.017578125 0.04296875
1 0.4990234375 0.4453125 0.017578125 0.04296875
1 0.52734375 0.4609375 0.025390625 0.060546875
1 0.5380859375 0.53515625 0.044921875 0.048828125
1 0.501953125 0.5185546875 0.017578125 0.068359375
1 0.58203125 0.4716796875 0.041015625 0.12109375
1 0.5283203125 0.3662109375 0.02734375 0.0546875
1 0.48828125 0.369140625 0.041015625 0.0546875
1 0.4443359375 0.3623046875 0.029296875 0.052734375