1 0.63671875 0.4521484375 0.05078125 0.052734375
1 0.61328125 0.5439453125 0.06640625 0.115234375
1 0.56640625 0.4990234375 0.044921875 0.0390625
1 0.55859375 0.5556640625 0.05859375 0.08203125
1 0.5390625 0.4609375 0.0234375 0.046875
1 0.5146484375 0.4912109375 0.017578125 0.013671875
1 0.521484375 0.5185546875 0.03125 0.0234375
1 0.51953125 0.556640625 0.0234375 0.037109375
1 0.5107421875 0.45703125 0.021484375 0.03515625
1 0.4931640625 0.53515625 0.03125 0.0703125
1 0.4794921875 0.4638671875 0.029296875 0.064453125
1 0.4541015625 0.53515625 0.056640625 0.05859375
1 0.421875 0.470703125 0.052734375 0.125
1 0.4951171875 0.380859375 0.046875 0.072265625
1 0.541015625 0.38671875 0.048828125 0.068359375
1 0.58203125 0.3916015625 0.037109375 0.060546875