1 0.634765625 0.4326171875 0.05078125 0.0546875
1 0.6171875 0.53125 0.064453125 0.109375
1 0.568359375 0.4814453125 0.046875 0.037109375
1 0.5625 0.541015625 0.052734375 0.078125
1 0.541015625 0.443359375 0.0234375 0.046875
1 0.5205078125 0.47265625 0.021484375 0.017578125
1 0.5205078125 0.501953125 0.03515625 0.0234375
1 0.5263671875 0.5400390625 0.025390625 0.041015625
1 0.5107421875 0.4404296875 0.021484375 0.041015625
1 0.4951171875 0.5224609375 0.021484375 0.0703125
1 0.478515625 0.44921875 0.03515625 0.0703125
1 0.458984375 0.521484375 0.05078125 0.060546875
1 0.4248046875 0.453125 0.052734375 0.1171875
1 0.49609375 0.36328125 0.041015625 0.056640625
1 0.5361328125 0.3701171875 0.046875 0.0625
1 0.578125 0.3759765625 0.033203125 0.060546875