1 0.3759765625 0.4189453125 0.04296875 0.046875
1 0.3818359375 0.515625 0.0458984375 0.10546875
1 0.43359375 0.47265625 0.041015625 0.03125
1 0.4326171875 0.5322265625 0.044921875 0.072265625
1 0.466796875 0.443359375 0.0146484375 0.0478515625
1 0.486328125 0.4755859375 0.0205078125 0.009765625
1 0.4755859375 0.5009765625 0.029296875 0.013671875
1 0.4697265625 0.5419921875 0.015625 0.04296875
1 0.4990234375 0.4462890625 0.0185546875 0.0390625
1 0.501953125 0.5263671875 0.0166015625 0.068359375
1 0.5263671875 0.4619140625 0.0185546875 0.0615234375
1 0.5400390625 0.5322265625 0.044921875 0.0556640625
1 0.5810546875 0.474609375 0.03125 0.1220703125
1 0.5244140625 0.3671875 0.029296875 0.0625
1 0.482421875 0.3720703125 0.03515625 0.0546875
1 0.44140625 0.3701171875 0.0244140625 0.0615234375