1 0.6181640625 0.4677734375 0.0546875 0.169921875
1 0.5673828125 0.5009765625 0.048828125 0.107421875
1 0.533203125 0.431640625 0.01953125 0.044921875
1 0.505859375 0.4453125 0.033203125 0.05859375
1 0.515625 0.51953125 0.052734375 0.0703125
1 0.4697265625 0.4541015625 0.025390625 0.0546875
1 0.462890625 0.5224609375 0.044921875 0.056640625
1 0.4150390625 0.466796875 0.044921875 0.126953125
1 0.4716796875 0.36328125 0.0390625 0.056640625
1 0.5166015625 0.359375 0.041015625 0.064453125
1 0.556640625 0.361328125 0.029296875 0.056640625