1 0.3759765625 0.4052734375 0.04296875 0.044921875
1 0.380859375 0.5 0.0458984375 0.1025390625
1 0.4365234375 0.462890625 0.0390625 0.033203125
1 0.4306640625 0.51953125 0.0458984375 0.0673828125
1 0.484375 0.462890625 0.015625 0.0166015625
1 0.484375 0.48828125 0.04296875 0.017578125
1 0.4697265625 0.52734375 0.015625 0.0400390625
1 0.501953125 0.5263671875 0.013671875 0.04296875
1 0.498046875 0.43359375 0.015625 0.044921875
1 0.46484375 0.431640625 0.0166015625 0.0439453125
1 0.5283203125 0.447265625 0.0263671875 0.068359375
1 0.5390625 0.5205078125 0.0537109375 0.048828125
1 0.5830078125 0.4560546875 0.037109375 0.1162109375
1 0.5224609375 0.359375 0.03515625 0.052734375
1 0.4775390625 0.3583984375 0.0380859375 0.0390625
1 0.439453125 0.353515625 0.025390625 0.0615234375