1 0.3828125 0.46875 0.056640625 0.177734375
1 0.431640625 0.501953125 0.052734375 0.119140625
1 0.4697265625 0.4384765625 0.01953125 0.044921875
1 0.4853515625 0.4677734375 0.015625 0.013671875
1 0.478515625 0.494140625 0.029296875 0.01953125
1 0.4658203125 0.533203125 0.017578125 0.0390625
1 0.5 0.4443359375 0.021484375 0.0390625
1 0.50390625 0.5244140625 0.021484375 0.076171875
1 0.5283203125 0.4501953125 0.03125 0.072265625
1 0.5380859375 0.5283203125 0.05078125 0.05859375
1 0.583984375 0.4716796875 0.041015625 0.12890625
1 0.5302734375 0.36328125 0.037109375 0.060546875
1 0.4853515625 0.36328125 0.044921875 0.060546875
1 0.4453125 0.359375 0.02734375 0.056640625