1 0.365234375 0.4423828125 0.05078125 0.05078125
1 0.3857421875 0.5361328125 0.05859375 0.109375
1 0.43359375 0.48828125 0.04296875 0.04296875
1 0.4375 0.5498046875 0.0546875 0.078125
1 0.458984375 0.455078125 0.021484375 0.044921875
1 0.4814453125 0.4853515625 0.021484375 0.017578125
1 0.4921875 0.45703125 0.01953125 0.04296875
1 0.4765625 0.5107421875 0.03515625 0.01953125
1 0.4755859375 0.552734375 0.021484375 0.04296875
1 0.5068359375 0.5302734375 0.0234375 0.06640625
1 0.5234375 0.4658203125 0.033203125 0.056640625
1 0.54296875 0.5322265625 0.052734375 0.0625
1 0.5751953125 0.4697265625 0.046875 0.123046875
1 0.5068359375 0.375 0.04296875 0.072265625
1 0.4638671875 0.376953125 0.05078125 0.05859375
1 0.4208984375 0.384765625 0.0390625 0.056640625