1 0.3720703125 0.416015625 0.044921875 0.05078125
1 0.380859375 0.5087890625 0.05078125 0.10546875
1 0.4326171875 0.46484375 0.0390625 0.033203125
1 0.4326171875 0.525390625 0.044921875 0.078125
1 0.46484375 0.43359375 0.01953125 0.048828125
1 0.4951171875 0.4384765625 0.017578125 0.05078125
1 0.525390625 0.4482421875 0.025390625 0.07421875
1 0.541015625 0.5205078125 0.05078125 0.052734375
1 0.5810546875 0.4580078125 0.04296875 0.12109375
1 0.482421875 0.466796875 0.013671875 0.013671875
1 0.482421875 0.490234375 0.05078125 0.02734375
1 0.4697265625 0.53125 0.01953125 0.037109375
1 0.4970703125 0.53125 0.029296875 0.04296875
1 0.5166015625 0.35546875 0.03515625 0.064453125
1 0.47265625 0.3583984375 0.041015625 0.05859375
1 0.4326171875 0.357421875 0.03125 0.0546875