1 0.6318359375 0.4306640625 0.04296875 0.0546875
1 0.6181640625 0.5234375 0.056640625 0.10546875
1 0.5654296875 0.478515625 0.044921875 0.041015625
1 0.564453125 0.5380859375 0.0546875 0.078125
1 0.5380859375 0.4423828125 0.0234375 0.046875
1 0.5205078125 0.4775390625 0.01953125 0.013671875
1 0.5224609375 0.50390625 0.03125 0.01953125
1 0.52734375 0.541015625 0.0234375 0.044921875
1 0.505859375 0.4501953125 0.015625 0.046875
1 0.4951171875 0.5234375 0.021484375 0.06640625
1 0.478515625 0.458984375 0.02734375 0.0703125
1 0.45703125 0.5302734375 0.048828125 0.05078125
1 0.419921875 0.4677734375 0.048828125 0.125
1 0.4873046875 0.3671875 0.037109375 0.05859375
1 0.529296875 0.376953125 0.0390625 0.052734375
1 0.568359375 0.3759765625 0.03125 0.0625