1 0.3564453125 0.4443359375 0.0546875 0.05859375
1 0.384765625 0.533203125 0.0703125 0.109375
1 0.4287109375 0.478515625 0.04296875 0.048828125
1 0.439453125 0.537109375 0.056640625 0.0703125
1 0.44921875 0.4404296875 0.029296875 0.048828125
1 0.4775390625 0.47265625 0.017578125 0.017578125
1 0.4814453125 0.494140625 0.04296875 0.03125
1 0.4775390625 0.5390625 0.025390625 0.0390625
1 0.5341796875 0.51953125 0.07421875 0.0546875
1 0.4833984375 0.4423828125 0.0234375 0.044921875
1 0.5126953125 0.447265625 0.037109375 0.06640625
1 0.5693359375 0.4453125 0.05859375 0.119140625
1 0.490234375 0.36328125 0.044921875 0.0625
1 0.4521484375 0.375 0.048828125 0.052734375
1 0.4072265625 0.3798828125 0.0390625 0.06640625
1 0.3603515625 0.3681640625 0.0234375 0.021484375