1 0.375 0.408203125 0.0400390625 0.052734375
1 0.3818359375 0.5048828125 0.05078125 0.1025390625
1 0.4345703125 0.4619140625 0.0361328125 0.0400390625
1 0.4326171875 0.5263671875 0.0439453125 0.0791015625
1 0.4833984375 0.46875 0.017578125 0.0166015625
1 0.4853515625 0.4931640625 0.041015625 0.025390625
1 0.46875 0.53125 0.0185546875 0.041015625
1 0.4990234375 0.4375 0.0185546875 0.04296875
1 0.5263671875 0.453125 0.0244140625 0.056640625
1 0.52734375 0.525390625 0.06640625 0.0419921875
1 0.58203125 0.458984375 0.0341796875 0.11328125
1 0.5234375 0.3603515625 0.029296875 0.0556640625
1 0.482421875 0.359375 0.033203125 0.05859375
1 0.4384765625 0.361328125 0.0322265625 0.0595703125