1 0.3984375 0.3916015625 0.052734375 0.056640625
1 0.3828125 0.4775390625 0.068359375 0.109375
1 0.4443359375 0.453125 0.046875 0.041015625
1 0.4287109375 0.5078125 0.05859375 0.07421875
1 0.4365234375 0.3203125 0.01953125 0.02734375
1 0.4736328125 0.3515625 0.04296875 0.072265625
1 0.5146484375 0.3603515625 0.046875 0.0546875
1 0.552734375 0.3740234375 0.044921875 0.06640625
1 0.4814453125 0.4306640625 0.029296875 0.046875
1 0.4921875 0.4677734375 0.015625 0.017578125
1 0.486328125 0.4912109375 0.048828125 0.037109375
1 0.4619140625 0.52734375 0.0234375 0.044921875
1 0.5224609375 0.533203125 0.072265625 0.044921875
1 0.5361328125 0.4580078125 0.037109375 0.068359375
1 0.5107421875 0.439453125 0.021484375 0.03515625
1 0.587890625 0.486328125 0.05859375 0.12890625