1 0.6171875 0.404296875 0.044921875 0.05078125
1 0.619140625 0.4990234375 0.052734375 0.103515625
1 0.5625 0.4638671875 0.04296875 0.029296875
1 0.5693359375 0.5263671875 0.052734375 0.083984375
1 0.5302734375 0.435546875 0.021484375 0.041015625
1 0.5146484375 0.4697265625 0.01953125 0.013671875
1 0.5244140625 0.494140625 0.02734375 0.015625
1 0.533203125 0.5341796875 0.017578125 0.041015625
1 0.498046875 0.4423828125 0.01953125 0.046875
1 0.4990234375 0.521484375 0.021484375 0.076171875
1 0.470703125 0.4560546875 0.02734375 0.064453125
1 0.462890625 0.5302734375 0.048828125 0.0546875
1 0.41796875 0.4736328125 0.046875 0.125
1 0.466796875 0.3681640625 0.037109375 0.064453125
1 0.5087890625 0.3603515625 0.04296875 0.0546875
1 0.5498046875 0.3623046875 0.029296875 0.060546875