1 0.3935546875 0.3896484375 0.052734375 0.060546875
1 0.3828125 0.48046875 0.06640625 0.10546875
1 0.443359375 0.44921875 0.046875 0.046875
1 0.4306640625 0.5029296875 0.05859375 0.08203125
1 0.4814453125 0.4267578125 0.025390625 0.046875
1 0.509765625 0.4375 0.02734375 0.048828125
1 0.4931640625 0.4619140625 0.021484375 0.013671875
1 0.486328125 0.48828125 0.044921875 0.03125
1 0.462890625 0.5234375 0.021484375 0.0390625
1 0.5224609375 0.5341796875 0.072265625 0.052734375
1 0.537109375 0.4560546875 0.037109375 0.07421875
1 0.587890625 0.48046875 0.05859375 0.12890625
1 0.5517578125 0.3671875 0.046875 0.0625
1 0.5078125 0.3583984375 0.05078125 0.0546875
1 0.4677734375 0.349609375 0.037109375 0.052734375