1 0.3701171875 0.4140625 0.046875 0.046875
1 0.380859375 0.5087890625 0.052734375 0.10546875
1 0.4345703125 0.4677734375 0.041015625 0.03515625
1 0.4326171875 0.5244140625 0.05078125 0.0703125
1 0.4814453125 0.4638671875 0.017578125 0.017578125
1 0.4833984375 0.4892578125 0.044921875 0.021484375
1 0.4716796875 0.529296875 0.017578125 0.041015625
1 0.50390625 0.5263671875 0.017578125 0.04296875
1 0.4931640625 0.43359375 0.01953125 0.046875
1 0.4599609375 0.4345703125 0.01953125 0.044921875
1 0.5244140625 0.4453125 0.03125 0.0703125
1 0.5400390625 0.517578125 0.056640625 0.052734375
1 0.580078125 0.4501953125 0.044921875 0.119140625
1 0.5126953125 0.3583984375 0.0390625 0.0546875
1 0.4677734375 0.3603515625 0.041015625 0.041015625
1 0.4296875 0.3583984375 0.029296875 0.0625