1 0.3583984375 0.4453125 0.0546875 0.0625
1 0.3837890625 0.53125 0.0703125 0.103515625
1 0.4287109375 0.48046875 0.04296875 0.037109375
1 0.4423828125 0.54296875 0.064453125 0.0859375
1 0.4501953125 0.4423828125 0.021484375 0.046875
1 0.484375 0.44140625 0.0234375 0.0390625
1 0.4736328125 0.47265625 0.0234375 0.021484375
1 0.474609375 0.4990234375 0.033203125 0.025390625
1 0.4775390625 0.5380859375 0.025390625 0.0390625
1 0.5068359375 0.5205078125 0.033203125 0.08203125
1 0.5146484375 0.44921875 0.037109375 0.06640625
1 0.54296875 0.5146484375 0.056640625 0.0546875
1 0.5712890625 0.4453125 0.0625 0.125
1 0.4892578125 0.3603515625 0.046875 0.0625
1 0.447265625 0.3671875 0.046875 0.05859375
1 0.408203125 0.3818359375 0.03515625 0.052734375