1 0.392578125 0.412109375 0.052734375 0.064453125
1 0.3759765625 0.509765625 0.068359375 0.11328125
1 0.4375 0.478515625 0.04296875 0.037109375
1 0.421875 0.537109375 0.060546875 0.083984375
1 0.474609375 0.4580078125 0.0234375 0.04296875
1 0.4853515625 0.494140625 0.021484375 0.017578125
1 0.4716796875 0.513671875 0.037109375 0.03125
1 0.4580078125 0.552734375 0.0234375 0.041015625
1 0.50390625 0.4658203125 0.025390625 0.046875
1 0.4931640625 0.544921875 0.033203125 0.080078125
1 0.53125 0.486328125 0.03515625 0.064453125
1 0.5283203125 0.556640625 0.05859375 0.0625
1 0.5810546875 0.505859375 0.05859375 0.12109375
1 0.5439453125 0.3984375 0.041015625 0.064453125
1 0.5009765625 0.390625 0.048828125 0.060546875
1 0.4619140625 0.380859375 0.03515625 0.0625