1 0.359375 0.4365234375 0.0546875 0.056640625
1 0.3837890625 0.5283203125 0.068359375 0.109375
1 0.4345703125 0.5185546875 0.0703125 0.119140625
1 0.453125 0.4462890625 0.021484375 0.046875
1 0.4765625 0.470703125 0.0234375 0.021484375
1 0.4853515625 0.44140625 0.025390625 0.04296875
1 0.482421875 0.498046875 0.048828125 0.02734375
1 0.474609375 0.537109375 0.025390625 0.05078125
1 0.53515625 0.521484375 0.07421875 0.056640625
1 0.517578125 0.447265625 0.033203125 0.0625
1 0.572265625 0.451171875 0.05859375 0.123046875
1 0.4921875 0.361328125 0.046875 0.060546875
1 0.451171875 0.3681640625 0.052734375 0.0703125
1 0.4130859375 0.376953125 0.037109375 0.060546875