1 0.3779296875 0.4951171875 0.080078125 0.173828125
1 0.4345703125 0.515625 0.064453125 0.11328125
1 0.4521484375 0.4404296875 0.02734375 0.046875
1 0.4814453125 0.4482421875 0.041015625 0.0625
1 0.4892578125 0.5224609375 0.0625 0.078125
1 0.5185546875 0.4482421875 0.033203125 0.05859375
1 0.541015625 0.513671875 0.052734375 0.0625
1 0.5751953125 0.4482421875 0.0625 0.130859375
1 0.4970703125 0.3603515625 0.048828125 0.0625
1 0.4521484375 0.3671875 0.048828125 0.068359375
1 0.4130859375 0.3779296875 0.037109375 0.060546875