1 0.3740234375 0.4140625 0.0400390625 0.0458984375
1 0.3818359375 0.5029296875 0.0458984375 0.10546875
1 0.4365234375 0.4658203125 0.0400390625 0.033203125
1 0.431640625 0.5234375 0.0478515625 0.0625
1 0.4677734375 0.43359375 0.017578125 0.0458984375
1 0.4833984375 0.4677734375 0.0166015625 0.0087890625
1 0.4853515625 0.4951171875 0.04296875 0.0234375
1 0.46875 0.53125 0.0146484375 0.037109375
1 0.5009765625 0.529296875 0.017578125 0.0322265625
1 0.49609375 0.4404296875 0.0166015625 0.044921875
1 0.5283203125 0.453125 0.0205078125 0.0625
1 0.5380859375 0.5244140625 0.0458984375 0.041015625
1 0.580078125 0.4697265625 0.033203125 0.1337890625
1 0.525390625 0.3642578125 0.033203125 0.056640625
1 0.4814453125 0.3671875 0.041015625 0.0546875
1 0.44140625 0.3623046875 0.0263671875 0.0576171875
1 0.396484375 0.3359375 0.021484375 0.01953125