1 0.3759765625 0.4091796875 0.044921875 0.0478515625
1 0.380859375 0.50390625 0.0478515625 0.1015625
1 0.431640625 0.5048828125 0.048828125 0.111328125
1 0.4658203125 0.4375 0.0126953125 0.044921875
1 0.4833984375 0.466796875 0.01953125 0.017578125
1 0.498046875 0.439453125 0.0166015625 0.041015625
1 0.4833984375 0.494140625 0.046875 0.017578125
1 0.4677734375 0.53125 0.0146484375 0.048828125
1 0.5302734375 0.5283203125 0.06640625 0.0439453125
1 0.5283203125 0.4521484375 0.021484375 0.0595703125
1 0.5810546875 0.4677734375 0.0341796875 0.1181640625
1 0.521484375 0.3623046875 0.0361328125 0.0546875
1 0.4794921875 0.361328125 0.0400390625 0.0625
1 0.4404296875 0.361328125 0.0263671875 0.056640625