1 0.6142578125 0.3994140625 0.044921875 0.05078125
1 0.6171875 0.48828125 0.05859375 0.109375
1 0.55859375 0.4580078125 0.04296875 0.037109375
1 0.5703125 0.5146484375 0.0546875 0.068359375
1 0.5234375 0.4296875 0.0234375 0.046875
1 0.5126953125 0.4658203125 0.017578125 0.01171875
1 0.513671875 0.4931640625 0.044921875 0.029296875
1 0.53515625 0.52734375 0.01953125 0.0390625
1 0.5029296875 0.529296875 0.021484375 0.033203125
1 0.4970703125 0.4404296875 0.021484375 0.046875
1 0.4658203125 0.45703125 0.02734375 0.064453125
1 0.46484375 0.529296875 0.05078125 0.046875
1 0.4169921875 0.4794921875 0.048828125 0.13671875
1 0.4580078125 0.3681640625 0.0390625 0.060546875
1 0.501953125 0.3662109375 0.046875 0.05859375
1 0.541015625 0.3564453125 0.033203125 0.060546875
1 0.5830078125 0.32421875 0.0234375 0.021484375