1 0.3828125 0.404296875 0.041015625 0.048828125
1 0.3798828125 0.4970703125 0.05859375 0.103515625
1 0.4384765625 0.462890625 0.04296875 0.03125
1 0.4306640625 0.5224609375 0.052734375 0.07421875
1 0.4716796875 0.435546875 0.021484375 0.04296875
1 0.4853515625 0.470703125 0.021484375 0.017578125
1 0.478515625 0.498046875 0.03125 0.021484375
1 0.466796875 0.5322265625 0.017578125 0.046875
1 0.50390625 0.4423828125 0.021484375 0.041015625
1 0.5009765625 0.5244140625 0.01953125 0.0703125
1 0.529296875 0.45703125 0.02734375 0.064453125
1 0.53515625 0.53125 0.052734375 0.0546875
1 0.5810546875 0.4736328125 0.04296875 0.12109375
1 0.533203125 0.3681640625 0.0390625 0.060546875
1 0.4921875 0.361328125 0.0390625 0.046875
1 0.4482421875 0.359375 0.03125 0.052734375