1 0.3779296875 0.41796875 0.044921875 0.0537109375
1 0.380859375 0.509765625 0.0478515625 0.0888671875
1 0.431640625 0.509765625 0.044921875 0.11328125
1 0.466796875 0.4453125 0.01953125 0.044921875
1 0.4833984375 0.4765625 0.0166015625 0.01171875
1 0.498046875 0.4462890625 0.0166015625 0.041015625
1 0.4765625 0.50390625 0.0302734375 0.0205078125
1 0.46875 0.5419921875 0.013671875 0.044921875
1 0.5029296875 0.52734375 0.017578125 0.0751953125
1 0.5263671875 0.4638671875 0.0224609375 0.0634765625
1 0.5400390625 0.5322265625 0.0439453125 0.041015625
1 0.5830078125 0.474609375 0.037109375 0.12109375
1 0.5234375 0.3720703125 0.0361328125 0.0556640625
1 0.484375 0.37109375 0.0380859375 0.0556640625
1 0.4404296875 0.3701171875 0.0244140625 0.0595703125