1 0.375 0.4384765625 0.0400390625 0.05078125
1 0.380859375 0.533203125 0.05078125 0.09375
1 0.435546875 0.49609375 0.037109375 0.0302734375
1 0.4306640625 0.5517578125 0.044921875 0.0703125
1 0.4658203125 0.4638671875 0.0166015625 0.044921875
1 0.484375 0.4951171875 0.0166015625 0.0126953125
1 0.478515625 0.5224609375 0.03515625 0.0166015625
1 0.4677734375 0.5615234375 0.017578125 0.0390625
1 0.498046875 0.466796875 0.0185546875 0.0380859375
1 0.5029296875 0.5439453125 0.015625 0.0654296875
1 0.5244140625 0.482421875 0.0234375 0.0576171875
1 0.5390625 0.55078125 0.0419921875 0.052734375
1 0.5830078125 0.4951171875 0.033203125 0.1298828125
1 0.521484375 0.3896484375 0.0322265625 0.0537109375
1 0.4814453125 0.384765625 0.03515625 0.0517578125
1 0.443359375 0.3916015625 0.0234375 0.0517578125