1 0.63671875 0.4501953125 0.05078125 0.052734375
1 0.6142578125 0.53515625 0.06640625 0.115234375
1 0.5703125 0.4912109375 0.044921875 0.0390625
1 0.55859375 0.5478515625 0.05859375 0.076171875
1 0.521484375 0.482421875 0.0234375 0.017578125
1 0.54296875 0.458984375 0.021484375 0.044921875
1 0.51171875 0.451171875 0.0234375 0.03515625
1 0.5205078125 0.509765625 0.037109375 0.0234375
1 0.5205078125 0.548828125 0.025390625 0.046875
1 0.4921875 0.5263671875 0.02734375 0.078125
1 0.4814453125 0.458984375 0.0390625 0.06640625
1 0.45703125 0.5244140625 0.056640625 0.06640625
1 0.4267578125 0.458984375 0.0625 0.1328125
1 0.505859375 0.3701171875 0.04296875 0.064453125
1 0.54296875 0.3828125 0.048828125 0.0546875
1 0.5869140625 0.388671875 0.033203125 0.056640625