1 0.3740234375 0.427734375 0.03515625 0.0537109375
1 0.3828125 0.521484375 0.0439453125 0.0966796875
1 0.4345703125 0.48046875 0.0400390625 0.03125
1 0.431640625 0.5400390625 0.0419921875 0.0654296875
1 0.4658203125 0.453125 0.0126953125 0.0341796875
1 0.4853515625 0.486328125 0.0126953125 0.017578125
1 0.4765625 0.5107421875 0.029296875 0.0205078125
1 0.46875 0.5498046875 0.0166015625 0.0361328125
1 0.498046875 0.458984375 0.013671875 0.0458984375
1 0.5009765625 0.53125 0.013671875 0.0625
1 0.52734375 0.4716796875 0.021484375 0.064453125
1 0.541015625 0.5419921875 0.0458984375 0.0478515625
1 0.5791015625 0.4814453125 0.0322265625 0.119140625
1 0.5234375 0.3818359375 0.0361328125 0.0517578125
1 0.4814453125 0.37890625 0.0400390625 0.0458984375
1 0.4365234375 0.375 0.0322265625 0.0546875