1 0.3994140625 0.3896484375 0.052734375 0.068359375
1 0.3818359375 0.482421875 0.068359375 0.107421875
1 0.4443359375 0.4541015625 0.04296875 0.037109375
1 0.4267578125 0.509765625 0.0625 0.0859375
1 0.482421875 0.4296875 0.02734375 0.05078125
1 0.4921875 0.4697265625 0.01953125 0.01171875
1 0.4765625 0.4892578125 0.037109375 0.029296875
1 0.4609375 0.52734375 0.0234375 0.041015625
1 0.5126953125 0.4443359375 0.025390625 0.0390625
1 0.4970703125 0.5234375 0.03515625 0.08203125
1 0.53515625 0.466796875 0.037109375 0.0703125
1 0.529296875 0.5390625 0.0546875 0.052734375
1 0.5849609375 0.490234375 0.056640625 0.12109375
1 0.5546875 0.380859375 0.04296875 0.0625
1 0.517578125 0.369140625 0.046875 0.0546875
1 0.4765625 0.3544921875 0.037109375 0.056640625