1 0.3681640625 0.4326171875 0.05078125 0.0546875
1 0.3837890625 0.525390625 0.05859375 0.107421875
1 0.43359375 0.48046875 0.0390625 0.033203125
1 0.4365234375 0.54296875 0.052734375 0.08203125
1 0.4599609375 0.4443359375 0.015625 0.044921875
1 0.48046875 0.4765625 0.01953125 0.015625
1 0.4775390625 0.5048828125 0.03125 0.0234375
1 0.474609375 0.544921875 0.0234375 0.04296875
1 0.4921875 0.4541015625 0.017578125 0.048828125
1 0.5087890625 0.5283203125 0.02734375 0.07421875
1 0.5234375 0.45703125 0.029296875 0.064453125
1 0.541015625 0.52734375 0.046875 0.056640625
1 0.5751953125 0.4619140625 0.046875 0.119140625
1 0.5087890625 0.3681640625 0.03515625 0.056640625
1 0.46484375 0.373046875 0.046875 0.0625
1 0.423828125 0.376953125 0.03515625 0.0625