1 0.3779296875 0.412109375 0.044921875 0.048828125
1 0.3798828125 0.5126953125 0.052734375 0.103515625
1 0.435546875 0.470703125 0.04296875 0.033203125
1 0.431640625 0.53125 0.044921875 0.07421875
1 0.4677734375 0.4375 0.017578125 0.044921875
1 0.484375 0.4697265625 0.01953125 0.015625
1 0.4794921875 0.4990234375 0.033203125 0.01953125
1 0.4677734375 0.53515625 0.01953125 0.0390625
1 0.4990234375 0.439453125 0.015625 0.0390625
1 0.501953125 0.5234375 0.013671875 0.0703125
1 0.529296875 0.4541015625 0.02734375 0.06640625
1 0.537109375 0.5283203125 0.04296875 0.056640625
1 0.58203125 0.46484375 0.0390625 0.11328125
1 0.5244140625 0.365234375 0.03515625 0.052734375
1 0.484375 0.3662109375 0.041015625 0.05859375
1 0.44140625 0.365234375 0.02734375 0.056640625