1 0.3974609375 0.3291015625 0.021484375 0.015625
1 0.37890625 0.4052734375 0.04296875 0.04296875
1 0.384765625 0.4931640625 0.046875 0.103515625
1 0.4345703125 0.458984375 0.044921875 0.037109375
1 0.4326171875 0.515625 0.044921875 0.072265625
1 0.46484375 0.4248046875 0.021484375 0.044921875
1 0.494140625 0.439453125 0.029296875 0.060546875
1 0.486328125 0.5146484375 0.052734375 0.078125
1 0.537109375 0.48046875 0.052734375 0.126953125
1 0.5830078125 0.4619140625 0.037109375 0.119140625
1 0.5244140625 0.357421875 0.033203125 0.056640625
1 0.482421875 0.3515625 0.037109375 0.044921875
1 0.4423828125 0.3515625 0.025390625 0.046875