1 0.3759765625 0.4169921875 0.0380859375 0.0498046875
1 0.380859375 0.5107421875 0.044921875 0.107421875
1 0.4365234375 0.466796875 0.0341796875 0.0361328125
1 0.43359375 0.5263671875 0.04296875 0.0791015625
1 0.466796875 0.4404296875 0.0166015625 0.0439453125
1 0.4990234375 0.4482421875 0.015625 0.0478515625
1 0.482421875 0.47265625 0.017578125 0.0107421875
1 0.4833984375 0.49609375 0.0419921875 0.0234375
1 0.46875 0.5341796875 0.0166015625 0.0478515625
1 0.5302734375 0.533203125 0.06640625 0.044921875
1 0.52734375 0.4541015625 0.0234375 0.0595703125
1 0.580078125 0.466796875 0.0380859375 0.119140625
1 0.5224609375 0.369140625 0.0322265625 0.0625
1 0.4794921875 0.3681640625 0.0361328125 0.056640625
1 0.4384765625 0.3662109375 0.0234375 0.0625