1 0.3701171875 0.416015625 0.048828125 0.05859375
1 0.380859375 0.505859375 0.056640625 0.109375
1 0.4326171875 0.458984375 0.046875 0.044921875
1 0.4326171875 0.5234375 0.052734375 0.078125
1 0.462890625 0.4287109375 0.017578125 0.046875
1 0.494140625 0.431640625 0.01953125 0.046875
1 0.5234375 0.4404296875 0.029296875 0.060546875
1 0.482421875 0.484375 0.04296875 0.0234375
1 0.4716796875 0.52734375 0.025390625 0.046875
1 0.53125 0.521484375 0.0703125 0.05078125
1 0.5791015625 0.4580078125 0.044921875 0.130859375
1 0.5146484375 0.35546875 0.03515625 0.0625
1 0.4716796875 0.3583984375 0.0390625 0.0625
1 0.431640625 0.361328125 0.033203125 0.0625
1 0.384765625 0.33984375 0.0234375 0.021484375