1 0.3701171875 0.44140625 0.044921875 0.064453125
1 0.38671875 0.5390625 0.0546875 0.1015625
1 0.4345703125 0.4912109375 0.037109375 0.037109375
1 0.4365234375 0.5498046875 0.048828125 0.07421875
1 0.4609375 0.4560546875 0.021484375 0.048828125
1 0.484375 0.4912109375 0.01953125 0.01953125
1 0.478515625 0.517578125 0.033203125 0.025390625
1 0.474609375 0.556640625 0.01953125 0.041015625
1 0.494140625 0.4580078125 0.01953125 0.037109375
1 0.50390625 0.5361328125 0.021484375 0.06640625
1 0.5224609375 0.466796875 0.0234375 0.0625
1 0.5419921875 0.5380859375 0.046875 0.060546875
1 0.578125 0.474609375 0.048828125 0.126953125
1 0.5126953125 0.3818359375 0.03515625 0.060546875
1 0.470703125 0.3818359375 0.041015625 0.052734375
1 0.427734375 0.384765625 0.029296875 0.0546875