1 0.6376953125 0.4599609375 0.0546875 0.05859375
1 0.609375 0.5537109375 0.0703125 0.1171875
1 0.5673828125 0.5 0.044921875 0.041015625
1 0.5546875 0.5634765625 0.06640625 0.095703125
1 0.544921875 0.4638671875 0.029296875 0.044921875
1 0.5166015625 0.4931640625 0.01953125 0.013671875
1 0.51953125 0.5185546875 0.037109375 0.025390625
1 0.5166015625 0.5595703125 0.033203125 0.048828125
1 0.513671875 0.458984375 0.03515625 0.0546875
1 0.486328125 0.5400390625 0.033203125 0.072265625
1 0.4814453125 0.4658203125 0.0390625 0.072265625
1 0.453125 0.5302734375 0.060546875 0.0703125
1 0.42578125 0.4638671875 0.06640625 0.130859375
1 0.505859375 0.380859375 0.04296875 0.064453125
1 0.546875 0.384765625 0.048828125 0.0625
1 0.5888671875 0.3974609375 0.04296875 0.060546875