1 0.376953125 0.4091796875 0.0419921875 0.048828125
1 0.380859375 0.5029296875 0.0458984375 0.103515625
1 0.4345703125 0.4609375 0.037109375 0.03125
1 0.431640625 0.521484375 0.0419921875 0.0751953125
1 0.46875 0.431640625 0.017578125 0.0478515625
1 0.498046875 0.4384765625 0.0146484375 0.05078125
1 0.5283203125 0.44921875 0.0224609375 0.072265625
1 0.5400390625 0.5224609375 0.048828125 0.0498046875
1 0.5830078125 0.4619140625 0.0361328125 0.1201171875
1 0.484375 0.4658203125 0.013671875 0.013671875
1 0.4833984375 0.4892578125 0.048828125 0.025390625
1 0.4677734375 0.529296875 0.017578125 0.037109375
1 0.4951171875 0.53125 0.02734375 0.041015625
1 0.5244140625 0.3564453125 0.0322265625 0.0625
1 0.48046875 0.357421875 0.037109375 0.0576171875
1 0.4404296875 0.3544921875 0.029296875 0.0537109375