1 0.37109375 0.4375 0.041015625 0.0546875
1 0.3818359375 0.5302734375 0.05859375 0.10546875
1 0.4345703125 0.48828125 0.041015625 0.03515625
1 0.435546875 0.546875 0.048828125 0.076171875
1 0.462890625 0.4619140625 0.015625 0.04296875
1 0.482421875 0.486328125 0.017578125 0.0234375
1 0.48046875 0.5126953125 0.033203125 0.0234375
1 0.47265625 0.5546875 0.017578125 0.04296875
1 0.4951171875 0.455078125 0.017578125 0.0390625
1 0.5048828125 0.52734375 0.017578125 0.0546875
1 0.5244140625 0.4697265625 0.025390625 0.05859375
1 0.5419921875 0.5380859375 0.044921875 0.046875
1 0.5771484375 0.4755859375 0.04296875 0.119140625
1 0.5146484375 0.3818359375 0.0390625 0.052734375
1 0.4736328125 0.384765625 0.037109375 0.044921875
1 0.4287109375 0.3828125 0.03125 0.044921875