1 0.357421875 0.455078125 0.056640625 0.060546875
1 0.388671875 0.54296875 0.076171875 0.115234375
1 0.431640625 0.4990234375 0.044921875 0.041015625
1 0.443359375 0.5546875 0.05859375 0.078125
1 0.455078125 0.4599609375 0.02734375 0.044921875
1 0.48046875 0.484375 0.021484375 0.017578125
1 0.4853515625 0.4541015625 0.021484375 0.0390625
1 0.4765625 0.51171875 0.033203125 0.02734375
1 0.482421875 0.55078125 0.0234375 0.03515625
1 0.5087890625 0.5263671875 0.029296875 0.072265625
1 0.515625 0.45703125 0.0390625 0.06640625
1 0.5458984375 0.5244140625 0.060546875 0.0625
1 0.572265625 0.4560546875 0.064453125 0.125
1 0.490234375 0.3740234375 0.046875 0.0625
1 0.4501953125 0.3837890625 0.048828125 0.060546875
1 0.408203125 0.396484375 0.041015625 0.060546875