1 0.365234375 0.4541015625 0.05078125 0.0546875
1 0.3857421875 0.544921875 0.0625 0.109375
1 0.431640625 0.4990234375 0.0390625 0.0390625
1 0.44140625 0.55859375 0.060546875 0.083984375
1 0.4619140625 0.466796875 0.0234375 0.046875
1 0.4833984375 0.494140625 0.01953125 0.01953125
1 0.4814453125 0.521484375 0.037109375 0.025390625
1 0.4765625 0.560546875 0.0234375 0.048828125
1 0.490234375 0.4638671875 0.025390625 0.044921875
1 0.5107421875 0.5400390625 0.025390625 0.064453125
1 0.521484375 0.470703125 0.037109375 0.068359375
1 0.5439453125 0.5380859375 0.05859375 0.0625
1 0.580078125 0.4736328125 0.056640625 0.12109375
1 0.501953125 0.38671875 0.041015625 0.05859375
1 0.4580078125 0.380859375 0.05078125 0.068359375
1 0.4189453125 0.3955078125 0.037109375 0.05859375