1 0.3740234375 0.4189453125 0.048828125 0.048828125
1 0.3818359375 0.509765625 0.046875 0.107421875
1 0.435546875 0.4736328125 0.0390625 0.029296875
1 0.431640625 0.533203125 0.046875 0.076171875
1 0.462890625 0.44140625 0.013671875 0.048828125
1 0.4833984375 0.4755859375 0.01953125 0.017578125
1 0.498046875 0.4462890625 0.017578125 0.044921875
1 0.4775390625 0.5009765625 0.02734375 0.017578125
1 0.470703125 0.54296875 0.015625 0.0390625
1 0.5029296875 0.525390625 0.015625 0.0625
1 0.525390625 0.4580078125 0.021484375 0.06640625
1 0.5419921875 0.5322265625 0.044921875 0.0546875
1 0.580078125 0.4697265625 0.044921875 0.126953125
1 0.5205078125 0.3740234375 0.03515625 0.048828125
1 0.478515625 0.3662109375 0.0390625 0.046875
1 0.4384765625 0.369140625 0.029296875 0.052734375