1 0.376953125 0.4052734375 0.0400390625 0.046875
1 0.380859375 0.4951171875 0.0478515625 0.0966796875
1 0.4345703125 0.4609375 0.0380859375 0.033203125
1 0.431640625 0.5126953125 0.0419921875 0.0703125
1 0.46484375 0.431640625 0.01953125 0.0419921875
1 0.482421875 0.4609375 0.021484375 0.013671875
1 0.4853515625 0.486328125 0.0439453125 0.021484375
1 0.470703125 0.5244140625 0.0166015625 0.0439453125
1 0.529296875 0.5205078125 0.06640625 0.0419921875
1 0.4404296875 0.3515625 0.0244140625 0.0634765625
1 0.3994140625 0.3349609375 0.01953125 0.01953125
1 0.48046875 0.353515625 0.0380859375 0.0537109375
1 0.5244140625 0.3564453125 0.0302734375 0.0546875
1 0.4970703125 0.4287109375 0.017578125 0.0517578125
1 0.52734375 0.4423828125 0.0205078125 0.06640625
1 0.580078125 0.458984375 0.03515625 0.1259765625