1 0.3603515625 0.4501953125 0.048828125 0.05859375
1 0.3857421875 0.5419921875 0.0703125 0.107421875
1 0.431640625 0.4892578125 0.046875 0.037109375
1 0.4404296875 0.546875 0.0625 0.080078125
1 0.4541015625 0.4521484375 0.025390625 0.04296875
1 0.478515625 0.4775390625 0.029296875 0.0234375
1 0.4853515625 0.4453125 0.021484375 0.033203125
1 0.478515625 0.5048828125 0.037109375 0.025390625
1 0.4775390625 0.5458984375 0.025390625 0.04296875
1 0.5078125 0.521484375 0.033203125 0.078125
1 0.5166015625 0.4541015625 0.03515625 0.06640625
1 0.544921875 0.521484375 0.05859375 0.068359375
1 0.5703125 0.4541015625 0.05859375 0.123046875
1 0.4921875 0.3671875 0.044921875 0.064453125
1 0.451171875 0.375 0.046875 0.0625
1 0.4111328125 0.3837890625 0.04296875 0.0546875