1 0.375 0.4150390625 0.0380859375 0.0458984375
1 0.3798828125 0.5078125 0.0498046875 0.0986328125
1 0.435546875 0.46875 0.0400390625 0.0283203125
1 0.4326171875 0.5283203125 0.0458984375 0.0712890625
1 0.4658203125 0.4384765625 0.017578125 0.0419921875
1 0.482421875 0.4716796875 0.0205078125 0.015625
1 0.478515625 0.5 0.0302734375 0.01953125
1 0.4697265625 0.53515625 0.0146484375 0.044921875
1 0.4990234375 0.4423828125 0.017578125 0.0400390625
1 0.5029296875 0.5244140625 0.013671875 0.0703125
1 0.525390625 0.455078125 0.0224609375 0.0625
1 0.5380859375 0.5283203125 0.0478515625 0.05078125
1 0.578125 0.466796875 0.033203125 0.1181640625
1 0.521484375 0.3662109375 0.0341796875 0.0576171875
1 0.48046875 0.3623046875 0.03515625 0.044921875
1 0.4365234375 0.3642578125 0.02734375 0.05078125