1 0.3779296875 0.4033203125 0.04296875 0.052734375
1 0.380859375 0.5 0.044921875 0.107421875
1 0.4375 0.4638671875 0.037109375 0.033203125
1 0.4326171875 0.5205078125 0.048828125 0.07421875
1 0.466796875 0.4287109375 0.0234375 0.044921875
1 0.4990234375 0.4384765625 0.013671875 0.046875
1 0.4853515625 0.4638671875 0.017578125 0.015625
1 0.484375 0.490234375 0.046875 0.017578125
1 0.46875 0.525390625 0.015625 0.044921875
1 0.529296875 0.5263671875 0.064453125 0.044921875
1 0.52734375 0.4521484375 0.025390625 0.0625
1 0.5810546875 0.4599609375 0.03515625 0.111328125
1 0.525390625 0.3623046875 0.029296875 0.0546875
1 0.4853515625 0.357421875 0.03515625 0.044921875
1 0.4404296875 0.357421875 0.021484375 0.0546875