1 0.3916015625 0.4013671875 0.046875 0.0625
1 0.37890625 0.4951171875 0.068359375 0.1015625
1 0.4384765625 0.46484375 0.04296875 0.037109375
1 0.4248046875 0.525390625 0.0625 0.087890625
1 0.474609375 0.4453125 0.025390625 0.04296875
1 0.4892578125 0.4794921875 0.02734375 0.017578125
1 0.4755859375 0.5068359375 0.0390625 0.0234375
1 0.458984375 0.541015625 0.025390625 0.04296875
1 0.5068359375 0.4541015625 0.025390625 0.037109375
1 0.498046875 0.533203125 0.03125 0.068359375
1 0.53125 0.4736328125 0.03125 0.072265625
1 0.52734375 0.5498046875 0.048828125 0.044921875
1 0.5810546875 0.498046875 0.05859375 0.1171875
1 0.5458984375 0.3857421875 0.04296875 0.0625
1 0.5048828125 0.373046875 0.05078125 0.06640625
1 0.4677734375 0.3603515625 0.03125 0.052734375