1 0.36328125 0.439453125 0.048828125 0.052734375
1 0.3818359375 0.529296875 0.06640625 0.107421875
1 0.4296875 0.4794921875 0.046875 0.04296875
1 0.4375 0.53515625 0.0546875 0.07421875
1 0.4541015625 0.443359375 0.02734375 0.048828125
1 0.4794921875 0.4697265625 0.017578125 0.013671875
1 0.4853515625 0.4375 0.01953125 0.04296875
1 0.4814453125 0.498046875 0.041015625 0.025390625
1 0.4765625 0.537109375 0.0234375 0.0390625
1 0.5322265625 0.5244140625 0.076171875 0.052734375
1 0.5185546875 0.451171875 0.033203125 0.06640625
1 0.5732421875 0.4501953125 0.0546875 0.123046875
1 0.498046875 0.3623046875 0.044921875 0.0625
1 0.453125 0.3671875 0.046875 0.0625
1 0.4140625 0.373046875 0.037109375 0.0625