1 0.6240234375 0.41796875 0.0390625 0.05078125
1 0.6201171875 0.5107421875 0.048828125 0.1015625
1 0.5634765625 0.4716796875 0.041015625 0.037109375
1 0.568359375 0.53125 0.048828125 0.07421875
1 0.5322265625 0.4384765625 0.01953125 0.046875
1 0.5185546875 0.4755859375 0.01953125 0.01171875
1 0.5224609375 0.501953125 0.029296875 0.017578125
1 0.5322265625 0.537109375 0.021484375 0.04296875
1 0.5009765625 0.4501953125 0.01171875 0.046875
1 0.4970703125 0.5234375 0.017578125 0.064453125
1 0.4736328125 0.4609375 0.021484375 0.068359375
1 0.4609375 0.53515625 0.044921875 0.046875
1 0.4169921875 0.4755859375 0.041015625 0.123046875
1 0.4736328125 0.369140625 0.033203125 0.056640625
1 0.5166015625 0.375 0.03515625 0.05078125
1 0.5556640625 0.369140625 0.02734375 0.060546875