1 0.3828125 0.3955078125 0.05078125 0.048828125
1 0.380859375 0.4873046875 0.0546875 0.10546875
1 0.4365234375 0.4521484375 0.04296875 0.03125
1 0.4306640625 0.5078125 0.048828125 0.07421875
1 0.4697265625 0.4228515625 0.0234375 0.046875
1 0.5029296875 0.4326171875 0.01953125 0.0546875
1 0.529296875 0.4423828125 0.02734375 0.06640625
1 0.5380859375 0.5126953125 0.048828125 0.052734375
1 0.5830078125 0.4609375 0.04296875 0.11328125
1 0.5029296875 0.50390625 0.021484375 0.07421875
1 0.48046875 0.4814453125 0.037109375 0.01953125
1 0.46875 0.5185546875 0.017578125 0.041015625
1 0.5322265625 0.3564453125 0.03515625 0.056640625
1 0.486328125 0.3486328125 0.046875 0.044921875
1 0.4462890625 0.3515625 0.02734375 0.0546875
1 0.408203125 0.326171875 0.03125 0.01953125