1 0.6279296875 0.42578125 0.044921875 0.048828125
1 0.6171875 0.521484375 0.05078125 0.107421875
1 0.5673828125 0.4765625 0.04296875 0.033203125
1 0.5654296875 0.5361328125 0.048828125 0.07421875
1 0.5361328125 0.4453125 0.017578125 0.048828125
1 0.5146484375 0.4765625 0.021484375 0.01171875
1 0.5244140625 0.501953125 0.029296875 0.015625
1 0.5283203125 0.5439453125 0.017578125 0.04296875
1 0.50390625 0.4462890625 0.021484375 0.0390625
1 0.4970703125 0.5263671875 0.01953125 0.068359375
1 0.4755859375 0.4609375 0.021484375 0.0625
1 0.4580078125 0.5302734375 0.046875 0.05859375
1 0.419921875 0.470703125 0.037109375 0.123046875
1 0.482421875 0.3662109375 0.033203125 0.064453125
1 0.5244140625 0.373046875 0.037109375 0.056640625
1 0.5654296875 0.373046875 0.02734375 0.0625