1 0.615234375 0.39453125 0.046875 0.048828125
1 0.619140625 0.4892578125 0.0546875 0.10546875
1 0.5595703125 0.45703125 0.041015625 0.037109375
1 0.5703125 0.513671875 0.05078125 0.0703125
1 0.5126953125 0.4619140625 0.017578125 0.017578125
1 0.5146484375 0.4873046875 0.044921875 0.021484375
1 0.5322265625 0.5244140625 0.01953125 0.041015625
1 0.5 0.5263671875 0.017578125 0.044921875
1 0.49609375 0.43359375 0.01953125 0.046875
1 0.529296875 0.4287109375 0.01953125 0.044921875
1 0.466796875 0.4501953125 0.03125 0.0703125
1 0.462890625 0.5234375 0.05859375 0.052734375
1 0.4130859375 0.4638671875 0.046875 0.119140625
1 0.4658203125 0.3623046875 0.0390625 0.0546875
1 0.509765625 0.357421875 0.041015625 0.04296875
1 0.5478515625 0.3486328125 0.03125 0.064453125