1 0.365234375 0.439453125 0.048828125 0.052734375
1 0.3857421875 0.5341796875 0.0625 0.111328125
1 0.4296875 0.4833984375 0.044921875 0.037109375
1 0.4384765625 0.5419921875 0.056640625 0.078125
1 0.4580078125 0.44921875 0.021484375 0.048828125
1 0.482421875 0.4775390625 0.021484375 0.013671875
1 0.4755859375 0.5048828125 0.03125 0.017578125
1 0.4765625 0.5458984375 0.021484375 0.044921875
1 0.490234375 0.447265625 0.025390625 0.041015625
1 0.505859375 0.525390625 0.02734375 0.0703125
1 0.5205078125 0.4580078125 0.02734375 0.064453125
1 0.544921875 0.525390625 0.052734375 0.0625
1 0.576171875 0.4619140625 0.05078125 0.125
1 0.5029296875 0.365234375 0.0390625 0.06640625
1 0.462890625 0.3759765625 0.04296875 0.05859375
1 0.421875 0.380859375 0.033203125 0.064453125