1 0.3701171875 0.4267578125 0.041015625 0.0625
1 0.3828125 0.51953125 0.05078125 0.1015625
1 0.4326171875 0.4736328125 0.0390625 0.029296875
1 0.43359375 0.5322265625 0.048828125 0.080078125
1 0.4619140625 0.4384765625 0.017578125 0.048828125
1 0.4833984375 0.4736328125 0.017578125 0.0078125
1 0.474609375 0.4970703125 0.033203125 0.0234375
1 0.4716796875 0.5380859375 0.017578125 0.0390625
1 0.4951171875 0.443359375 0.017578125 0.037109375
1 0.50390625 0.5234375 0.017578125 0.08203125
1 0.5234375 0.4580078125 0.0234375 0.068359375
1 0.5400390625 0.5283203125 0.048828125 0.044921875
1 0.578125 0.46484375 0.033203125 0.119140625
1 0.515625 0.3701171875 0.033203125 0.056640625
1 0.4765625 0.3701171875 0.037109375 0.048828125
1 0.4326171875 0.3681640625 0.02734375 0.052734375