1 0.6083984375 0.396484375 0.05078125 0.0546875
1 0.6181640625 0.4921875 0.06640625 0.115234375
1 0.5625 0.4638671875 0.041015625 0.037109375
1 0.5703125 0.521484375 0.052734375 0.07421875
1 0.5244140625 0.4404296875 0.01953125 0.05078125
1 0.5107421875 0.4736328125 0.017578125 0.015625
1 0.5234375 0.4970703125 0.03125 0.021484375
1 0.5361328125 0.5380859375 0.021484375 0.046875
1 0.494140625 0.447265625 0.025390625 0.041015625
1 0.501953125 0.517578125 0.0234375 0.0546875
1 0.4677734375 0.4658203125 0.029296875 0.05859375
1 0.4677734375 0.5322265625 0.05078125 0.06640625
1 0.416015625 0.484375 0.044921875 0.119140625
1 0.4560546875 0.37109375 0.04296875 0.06640625
1 0.4970703125 0.3681640625 0.048828125 0.060546875
1 0.5380859375 0.359375 0.03515625 0.060546875