1 0.63671875 0.451171875 0.0546875 0.0625
1 0.61328125 0.541015625 0.05859375 0.09765625
1 0.5712890625 0.490234375 0.044921875 0.033203125
1 0.5615234375 0.55078125 0.060546875 0.080078125
1 0.5439453125 0.4599609375 0.017578125 0.041015625
1 0.5185546875 0.48828125 0.017578125 0.0234375
1 0.5205078125 0.513671875 0.03125 0.021484375
1 0.521484375 0.5537109375 0.0234375 0.04296875
1 0.5078125 0.4619140625 0.025390625 0.052734375
1 0.490234375 0.53515625 0.029296875 0.076171875
1 0.48046875 0.466796875 0.033203125 0.068359375
1 0.4521484375 0.53515625 0.052734375 0.0546875
1 0.423828125 0.466796875 0.052734375 0.12109375
1 0.5 0.3759765625 0.04296875 0.0625
1 0.54296875 0.380859375 0.05078125 0.0625
1 0.58203125 0.3916015625 0.03515625 0.060546875