1 0.376953125 0.404296875 0.04296875 0.0478515625
1 0.3798828125 0.494140625 0.048828125 0.109375
1 0.435546875 0.4609375 0.0390625 0.037109375
1 0.43359375 0.5205078125 0.04296875 0.0751953125
1 0.4658203125 0.43359375 0.021484375 0.044921875
1 0.4970703125 0.4384765625 0.0185546875 0.0478515625
1 0.4814453125 0.4619140625 0.0126953125 0.0126953125
1 0.4833984375 0.48828125 0.0419921875 0.0234375
1 0.4697265625 0.5302734375 0.0126953125 0.044921875
1 0.5283203125 0.529296875 0.0634765625 0.041015625
1 0.5263671875 0.44921875 0.01953125 0.0615234375
1 0.5810546875 0.458984375 0.037109375 0.1240234375
1 0.5244140625 0.359375 0.033203125 0.052734375
1 0.48046875 0.3544921875 0.0361328125 0.05859375
1 0.439453125 0.3564453125 0.0283203125 0.0595703125