1 0.349609375 0.4443359375 0.013671875 0.03125
1 0.35546875 0.5380859375 0.021484375 0.111328125
1 0.3837890625 0.49609375 0.037109375 0.046875
1 0.3857421875 0.5537109375 0.033203125 0.05859375
1 0.4345703125 0.498046875 0.044921875 0.056640625
1 0.431640625 0.5654296875 0.04296875 0.056640625
1 0.4794921875 0.4990234375 0.041015625 0.0390625
1 0.4814453125 0.556640625 0.03515625 0.060546875
1 0.5234375 0.482421875 0.0234375 0.04296875
1 0.525390625 0.537109375 0.01953125 0.02734375
1 0.4423828125 0.40625 0.044921875 0.076171875