1 0.6376953125 0.4189453125 0.015625 0.029296875
1 0.6533203125 0.5224609375 0.046875 0.126953125
1 0.6162109375 0.490234375 0.04296875 0.04296875
1 0.625 0.541015625 0.04296875 0.048828125
1 0.56640625 0.4921875 0.0546875 0.0703125
1 0.5791015625 0.5546875 0.05078125 0.060546875
1 0.5244140625 0.50390625 0.04296875 0.04296875
1 0.5341796875 0.5556640625 0.046875 0.052734375
1 0.4736328125 0.5029296875 0.029296875 0.041015625
1 0.4833984375 0.5498046875 0.017578125 0.02734375
1 0.541015625 0.404296875 0.0546875 0.0703125