1 0.3564453125 0.421875 0.01953125 0.02734375
1 0.3505859375 0.52734375 0.03515625 0.109375
1 0.3837890625 0.486328125 0.041015625 0.041015625
1 0.3818359375 0.54296875 0.04296875 0.048828125
1 0.4345703125 0.4853515625 0.052734375 0.060546875
1 0.4267578125 0.548828125 0.0546875 0.05859375
1 0.4814453125 0.4873046875 0.044921875 0.046875
1 0.4736328125 0.5517578125 0.044921875 0.06640625
1 0.5224609375 0.482421875 0.041015625 0.046875
1 0.5166015625 0.5390625 0.03125 0.046875
1 0.451171875 0.3994140625 0.052734375 0.06640625