1 0.35546875 0.4248046875 0.017578125 0.03125
1 0.3515625 0.5244140625 0.03515625 0.119140625
1 0.3857421875 0.4892578125 0.04296875 0.04296875
1 0.3828125 0.5419921875 0.037109375 0.04296875
1 0.43359375 0.4892578125 0.052734375 0.064453125
1 0.4296875 0.5576171875 0.046875 0.05859375
1 0.482421875 0.4970703125 0.041015625 0.04296875
1 0.474609375 0.5546875 0.04296875 0.0625
1 0.5263671875 0.486328125 0.037109375 0.046875
1 0.5224609375 0.537109375 0.025390625 0.044921875
1 0.4521484375 0.40234375 0.056640625 0.064453125