1 0.3466796875 0.4443359375 0.015625 0.0283203125
1 0.3583984375 0.541015625 0.0146484375 0.1259765625
1 0.3857421875 0.5 0.0361328125 0.04296875
1 0.38671875 0.5576171875 0.0380859375 0.0439453125
1 0.4326171875 0.5009765625 0.041015625 0.05859375
1 0.4365234375 0.5654296875 0.041015625 0.05078125
1 0.48046875 0.494140625 0.0361328125 0.044921875
1 0.48046875 0.5546875 0.03515625 0.056640625
1 0.5224609375 0.484375 0.0224609375 0.03515625
1 0.5263671875 0.529296875 0.0146484375 0.033203125
1 0.4384765625 0.408203125 0.0478515625 0.0654296875