1 0.3427734375 0.4580078125 0.017578125 0.029296875
1 0.3623046875 0.552734375 0.025390625 0.126953125
1 0.3857421875 0.509765625 0.0390625 0.046875
1 0.392578125 0.5673828125 0.041015625 0.046875
1 0.4326171875 0.5068359375 0.046875 0.0625
1 0.4423828125 0.5703125 0.044921875 0.0546875
1 0.48046875 0.49609375 0.0390625 0.048828125
1 0.4853515625 0.556640625 0.0390625 0.05859375
1 0.521484375 0.482421875 0.025390625 0.037109375
1 0.529296875 0.52734375 0.017578125 0.03515625
1 0.4306640625 0.4140625 0.052734375 0.0703125