1 0.3525390625 0.443359375 0.013671875 0.02734375
1 0.3505859375 0.5390625 0.03515625 0.125
1 0.38671875 0.5048828125 0.0390625 0.044921875
1 0.380859375 0.55859375 0.041015625 0.041015625
1 0.43359375 0.5068359375 0.05078125 0.060546875
1 0.4267578125 0.56640625 0.044921875 0.048828125
1 0.4794921875 0.51171875 0.037109375 0.041015625
1 0.4736328125 0.56640625 0.04296875 0.052734375
1 0.5263671875 0.50390625 0.025390625 0.03515625
1 0.5224609375 0.5546875 0.013671875 0.03515625
1 0.4501953125 0.416015625 0.052734375 0.0703125