1 0.3388671875 0.490234375 0.017578125 0.029296875
1 0.3720703125 0.587890625 0.046875 0.115234375
1 0.3916015625 0.5380859375 0.044921875 0.046875
1 0.408203125 0.5927734375 0.041015625 0.048828125
1 0.4375 0.5205078125 0.0546875 0.06640625
1 0.4580078125 0.583984375 0.046875 0.052734375
1 0.48046875 0.5078125 0.04296875 0.04296875
1 0.4990234375 0.564453125 0.04296875 0.056640625
1 0.5205078125 0.484375 0.03125 0.0546875
1 0.5400390625 0.5341796875 0.02734375 0.029296875
1 0.419921875 0.43359375 0.05859375 0.0703125