1 0.341796875 0.474609375 0.015625 0.033203125
1 0.3623046875 0.564453125 0.0390625 0.125
1 0.38671875 0.5244140625 0.05078125 0.060546875
1 0.400390625 0.5830078125 0.05078125 0.0625
1 0.435546875 0.5146484375 0.05078125 0.060546875
1 0.44921875 0.578125 0.048828125 0.0546875
1 0.4794921875 0.5068359375 0.041015625 0.048828125
1 0.4912109375 0.564453125 0.044921875 0.064453125
1 0.5224609375 0.4853515625 0.02734375 0.03125
1 0.5341796875 0.5341796875 0.025390625 0.03125
1 0.421875 0.423828125 0.056640625 0.072265625