1 0.34765625 0.44140625 0.015625 0.02734375
1 0.3544921875 0.537109375 0.021484375 0.125
1 0.3857421875 0.4990234375 0.0390625 0.04296875
1 0.384765625 0.5546875 0.03515625 0.04296875
1 0.43359375 0.4990234375 0.046875 0.060546875
1 0.4345703125 0.564453125 0.044921875 0.0546875
1 0.478515625 0.49609375 0.037109375 0.044921875
1 0.48046875 0.5556640625 0.037109375 0.056640625
1 0.5234375 0.4814453125 0.021484375 0.033203125
1 0.525390625 0.5341796875 0.013671875 0.03125
1 0.4384765625 0.41015625 0.044921875 0.0625