1 0.6630859375 0.474609375 0.017578125 0.029296875
1 0.6328125 0.5693359375 0.041015625 0.123046875
1 0.61328125 0.5244140625 0.046875 0.05078125
1 0.6005859375 0.578125 0.04296875 0.048828125
1 0.56640625 0.51171875 0.060546875 0.064453125
1 0.55078125 0.57421875 0.052734375 0.05859375
1 0.5205078125 0.5009765625 0.044921875 0.052734375
1 0.5068359375 0.5576171875 0.044921875 0.05859375
1 0.482421875 0.4775390625 0.033203125 0.041015625
1 0.466796875 0.5263671875 0.021484375 0.029296875
1 0.580078125 0.42578125 0.0546875 0.0703125