1 0.3544921875 0.4287109375 0.021484375 0.02734375
1 0.3515625 0.5263671875 0.033203125 0.130859375
1 0.3828125 0.4931640625 0.0390625 0.0390625
1 0.3798828125 0.5458984375 0.041015625 0.0546875
1 0.4345703125 0.48828125 0.052734375 0.06640625
1 0.4287109375 0.5517578125 0.044921875 0.048828125
1 0.482421875 0.494140625 0.04296875 0.044921875
1 0.4736328125 0.55078125 0.04296875 0.056640625
1 0.525390625 0.4873046875 0.025390625 0.033203125
1 0.5224609375 0.5361328125 0.025390625 0.029296875
1 0.44921875 0.400390625 0.048828125 0.06640625