1 0.357421875 0.4189453125 0.01953125 0.0390625
1 0.349609375 0.525390625 0.03515625 0.11328125
1 0.3857421875 0.4853515625 0.037109375 0.04296875
1 0.3818359375 0.5419921875 0.037109375 0.048828125
1 0.4345703125 0.48828125 0.05078125 0.060546875
1 0.427734375 0.5546875 0.05078125 0.056640625
1 0.4794921875 0.494140625 0.04296875 0.048828125
1 0.4736328125 0.55078125 0.041015625 0.056640625
1 0.5224609375 0.4892578125 0.03515625 0.044921875
1 0.5185546875 0.5478515625 0.02734375 0.0390625
1 0.4521484375 0.4033203125 0.052734375 0.0625