1 0.34375 0.47265625 0.015625 0.02734375
1 0.36328125 0.5673828125 0.029296875 0.11328125
1 0.3876953125 0.5234375 0.044921875 0.04296875
1 0.396484375 0.576171875 0.0390625 0.044921875
1 0.4365234375 0.5126953125 0.046875 0.064453125
1 0.4453125 0.5751953125 0.041015625 0.044921875
1 0.482421875 0.51171875 0.041015625 0.04296875
1 0.4892578125 0.5625 0.037109375 0.05078125
1 0.5234375 0.490234375 0.029296875 0.037109375
1 0.533203125 0.54296875 0.015625 0.02734375
1 0.4267578125 0.41796875 0.046875 0.068359375