1 0.3466796875 0.447265625 0.01171875 0.037109375
1 0.3564453125 0.544921875 0.0205078125 0.111328125
1 0.38671875 0.5029296875 0.041015625 0.0458984375
1 0.38671875 0.5576171875 0.0341796875 0.044921875
1 0.4345703125 0.5009765625 0.0419921875 0.05859375
1 0.4365234375 0.568359375 0.0478515625 0.060546875
1 0.48046875 0.5 0.0380859375 0.05078125
1 0.482421875 0.5556640625 0.0380859375 0.0576171875
1 0.5234375 0.482421875 0.0322265625 0.0390625
1 0.525390625 0.533203125 0.017578125 0.03125
1 0.439453125 0.4091796875 0.0458984375 0.0615234375