1 0.6494140625 0.455078125 0.015625 0.037109375
1 0.6474609375 0.548828125 0.021484375 0.1171875
1 0.6171875 0.5146484375 0.0390625 0.046875
1 0.6162109375 0.56640625 0.0390625 0.044921875
1 0.5673828125 0.5078125 0.044921875 0.056640625
1 0.5654296875 0.5732421875 0.04296875 0.046875
1 0.5205078125 0.5107421875 0.037109375 0.04296875
1 0.51953125 0.5654296875 0.03515625 0.0546875
1 0.4755859375 0.4970703125 0.0234375 0.037109375
1 0.474609375 0.55078125 0.017578125 0.02734375
1 0.5625 0.4189453125 0.044921875 0.0625