1 0.3515625 0.43359375 0.01171875 0.025390625
1 0.353515625 0.5283203125 0.021484375 0.126953125
1 0.3837890625 0.490234375 0.041015625 0.046875
1 0.384765625 0.5458984375 0.0390625 0.046875
1 0.43359375 0.4892578125 0.046875 0.0625
1 0.43359375 0.5595703125 0.04296875 0.05859375
1 0.4794921875 0.4912109375 0.037109375 0.0390625
1 0.4794921875 0.5537109375 0.041015625 0.060546875
1 0.52734375 0.48046875 0.0234375 0.03125
1 0.525390625 0.53125 0.017578125 0.03125
1 0.44140625 0.4072265625 0.04296875 0.056640625