1 0.3515625 0.4404296875 0.013671875 0.03125
1 0.349609375 0.5380859375 0.033203125 0.1171875
1 0.384765625 0.505859375 0.0390625 0.046875
1 0.3818359375 0.5537109375 0.037109375 0.05078125
1 0.43359375 0.5029296875 0.046875 0.0546875
1 0.4287109375 0.5732421875 0.048828125 0.048828125
1 0.48046875 0.51171875 0.037109375 0.0390625
1 0.4755859375 0.5634765625 0.037109375 0.05859375
1 0.5224609375 0.4990234375 0.02734375 0.029296875
1 0.5234375 0.55078125 0.017578125 0.025390625
1 0.4423828125 0.4130859375 0.056640625 0.07421875