1 0.3466796875 0.4423828125 0.0146484375 0.0224609375
1 0.357421875 0.5380859375 0.015625 0.1318359375
1 0.384765625 0.5 0.0361328125 0.041015625
1 0.3896484375 0.5595703125 0.0341796875 0.056640625
1 0.4345703125 0.49609375 0.046875 0.0576171875
1 0.4365234375 0.5634765625 0.04296875 0.05078125
1 0.478515625 0.4921875 0.037109375 0.0458984375
1 0.482421875 0.552734375 0.0341796875 0.056640625
1 0.5205078125 0.4794921875 0.0322265625 0.0400390625
1 0.5224609375 0.5361328125 0.0205078125 0.0390625
1 0.4365234375 0.408203125 0.0419921875 0.05859375