1 0.66015625 0.49609375 0.017578125 0.03125
1 0.6240234375 0.58984375 0.05078125 0.125
1 0.607421875 0.5400390625 0.05078125 0.056640625
1 0.5908203125 0.59375 0.044921875 0.05078125
1 0.5615234375 0.5234375 0.052734375 0.060546875
1 0.5439453125 0.5888671875 0.05078125 0.056640625
1 0.5205078125 0.51171875 0.04296875 0.04296875
1 0.5009765625 0.564453125 0.044921875 0.0546875
1 0.48046875 0.4853515625 0.029296875 0.03125
1 0.458984375 0.5361328125 0.0234375 0.025390625
1 0.580078125 0.4365234375 0.060546875 0.072265625