1 0.6591796875 0.4736328125 0.015625 0.037109375
1 0.6328125 0.5673828125 0.03515625 0.111328125
1 0.611328125 0.52734375 0.046875 0.05078125
1 0.5986328125 0.5791015625 0.05078125 0.060546875
1 0.5654296875 0.513671875 0.0546875 0.06640625
1 0.552734375 0.5732421875 0.046875 0.060546875
1 0.5185546875 0.5029296875 0.044921875 0.056640625
1 0.5078125 0.5556640625 0.046875 0.0625
1 0.466796875 0.529296875 0.01953125 0.029296875
1 0.4775390625 0.478515625 0.029296875 0.037109375
1 0.578125 0.4228515625 0.0546875 0.06640625