1 0.6630859375 0.4755859375 0.017578125 0.03515625
1 0.6337890625 0.568359375 0.044921875 0.126953125
1 0.611328125 0.53515625 0.044921875 0.052734375
1 0.5986328125 0.5771484375 0.04296875 0.05078125
1 0.5654296875 0.509765625 0.05859375 0.0703125
1 0.5478515625 0.578125 0.052734375 0.0625
1 0.51953125 0.4990234375 0.044921875 0.048828125
1 0.5048828125 0.5556640625 0.046875 0.0625
1 0.4814453125 0.478515625 0.02734375 0.04296875
1 0.466796875 0.525390625 0.0234375 0.02734375
1 0.580078125 0.42578125 0.0546875 0.0625