1 0.337890625 0.4833984375 0.017578125 0.03515625
1 0.369140625 0.576171875 0.046875 0.12109375
1 0.3876953125 0.5283203125 0.048828125 0.060546875
1 0.408203125 0.583984375 0.04296875 0.0625
1 0.43359375 0.5146484375 0.0546875 0.072265625
1 0.4541015625 0.5771484375 0.052734375 0.0625
1 0.478515625 0.501953125 0.044921875 0.05078125
1 0.49609375 0.55859375 0.048828125 0.0625
1 0.517578125 0.4833984375 0.03125 0.046875
1 0.5341796875 0.525390625 0.02734375 0.037109375
1 0.41796875 0.4287109375 0.064453125 0.08203125