1 0.337890625 0.4755859375 0.021484375 0.02734375
1 0.3681640625 0.5771484375 0.041015625 0.109375
1 0.3857421875 0.52734375 0.04296875 0.04296875
1 0.4033203125 0.580078125 0.044921875 0.05078125
1 0.43359375 0.5078125 0.056640625 0.0625
1 0.4482421875 0.5712890625 0.056640625 0.060546875
1 0.4775390625 0.4951171875 0.046875 0.048828125
1 0.4931640625 0.5576171875 0.048828125 0.068359375
1 0.5146484375 0.4755859375 0.04296875 0.048828125
1 0.5283203125 0.53125 0.033203125 0.048828125
1 0.419921875 0.421875 0.056640625 0.0703125