1 0.34765625 0.451171875 0.0078125 0.029296875
1 0.3564453125 0.5458984375 0.0166015625 0.123046875
1 0.384765625 0.5126953125 0.0400390625 0.0439453125
1 0.388671875 0.5634765625 0.03515625 0.048828125
1 0.4345703125 0.5087890625 0.0419921875 0.0595703125
1 0.4365234375 0.572265625 0.041015625 0.0458984375
1 0.478515625 0.50390625 0.0361328125 0.0380859375
1 0.4833984375 0.560546875 0.0341796875 0.048828125
1 0.5244140625 0.490234375 0.0205078125 0.03515625
1 0.5263671875 0.541015625 0.015625 0.03125
1 0.4384765625 0.4189453125 0.041015625 0.0654296875