1 0.3583984375 0.4267578125 0.015625 0.029296875
1 0.34765625 0.52734375 0.0390625 0.109375
1 0.3837890625 0.4912109375 0.041015625 0.044921875
1 0.376953125 0.5439453125 0.041015625 0.048828125
1 0.4345703125 0.4912109375 0.0546875 0.068359375
1 0.421875 0.5556640625 0.046875 0.052734375
1 0.478515625 0.501953125 0.046875 0.04296875
1 0.46875 0.5595703125 0.044921875 0.06640625
1 0.525390625 0.4990234375 0.02734375 0.033203125
1 0.5185546875 0.5537109375 0.015625 0.0234375
1 0.4560546875 0.4072265625 0.0546875 0.07421875