1 0.361328125 0.4228515625 0.015625 0.025390625
1 0.3466796875 0.5244140625 0.044921875 0.12890625
1 0.3857421875 0.486328125 0.048828125 0.060546875
1 0.375 0.5458984375 0.04296875 0.0546875
1 0.431640625 0.4951171875 0.0546875 0.0625
1 0.419921875 0.5546875 0.052734375 0.048828125
1 0.4765625 0.5078125 0.044921875 0.048828125
1 0.466796875 0.560546875 0.041015625 0.05078125
1 0.51171875 0.5576171875 0.01953125 0.029296875
1 0.5244140625 0.505859375 0.02734375 0.033203125
1 0.4560546875 0.4072265625 0.05859375 0.080078125