1 0.365234375 0.4169921875 0.025390625 0.037109375
1 0.3515625 0.5029296875 0.04296875 0.119140625
1 0.388671875 0.478515625 0.044921875 0.044921875
1 0.3779296875 0.529296875 0.04296875 0.048828125
1 0.4345703125 0.484375 0.0546875 0.06640625
1 0.423828125 0.5458984375 0.052734375 0.060546875
1 0.48046875 0.4912109375 0.04296875 0.044921875
1 0.4697265625 0.5458984375 0.044921875 0.052734375
1 0.52734375 0.48828125 0.03125 0.048828125
1 0.5185546875 0.541015625 0.01953125 0.033203125
1 0.4580078125 0.3984375 0.0546875 0.05859375