1 0.337890625 0.4873046875 0.017578125 0.025390625
1 0.37109375 0.5751953125 0.05078125 0.12890625
1 0.3896484375 0.5302734375 0.044921875 0.052734375
1 0.4052734375 0.5849609375 0.05078125 0.0546875
1 0.4365234375 0.5185546875 0.052734375 0.0703125
1 0.455078125 0.578125 0.046875 0.052734375
1 0.478515625 0.5 0.048828125 0.05078125
1 0.4970703125 0.55859375 0.048828125 0.05859375
1 0.517578125 0.4775390625 0.03125 0.044921875
1 0.53515625 0.5263671875 0.0234375 0.025390625
1 0.4150390625 0.4287109375 0.056640625 0.064453125