1 0.6591796875 0.4580078125 0.01953125 0.03515625
1 0.638671875 0.5537109375 0.033203125 0.1328125
1 0.615234375 0.509765625 0.03515625 0.04296875
1 0.6064453125 0.5615234375 0.037109375 0.041015625
1 0.568359375 0.501953125 0.048828125 0.060546875
1 0.5576171875 0.5693359375 0.046875 0.060546875
1 0.5205078125 0.4931640625 0.044921875 0.04296875
1 0.513671875 0.552734375 0.041015625 0.0625
1 0.4814453125 0.4755859375 0.02734375 0.03515625
1 0.4755859375 0.5361328125 0.0234375 0.05078125
1 0.56640625 0.41796875 0.05859375 0.048828125