1 0.662109375 0.478515625 0.025390625 0.033203125
1 0.6298828125 0.57421875 0.04296875 0.119140625
1 0.61328125 0.5244140625 0.041015625 0.046875
1 0.595703125 0.576171875 0.041015625 0.05078125
1 0.56640625 0.5107421875 0.056640625 0.0625
1 0.5478515625 0.57421875 0.048828125 0.05859375
1 0.521484375 0.4970703125 0.04296875 0.046875
1 0.5048828125 0.5556640625 0.048828125 0.0625
1 0.4833984375 0.478515625 0.029296875 0.03515625
1 0.4677734375 0.5244140625 0.015625 0.02734375
1 0.5830078125 0.4267578125 0.0546875 0.0625