1 0.3486328125 0.44140625 0.0107421875 0.0244140625
1 0.35546875 0.5361328125 0.0146484375 0.126953125
1 0.3837890625 0.49609375 0.0380859375 0.044921875
1 0.3876953125 0.5517578125 0.0361328125 0.044921875
1 0.43359375 0.4931640625 0.04296875 0.0595703125
1 0.4365234375 0.5625 0.041015625 0.0556640625
1 0.4794921875 0.4921875 0.0361328125 0.0380859375
1 0.482421875 0.5546875 0.0380859375 0.0595703125
1 0.5263671875 0.4794921875 0.021484375 0.0302734375
1 0.52734375 0.5302734375 0.0166015625 0.03125
1 0.4365234375 0.41015625 0.0400390625 0.0546875