1 0.6494140625 0.431640625 0.017578125 0.037109375
1 0.6474609375 0.5390625 0.025390625 0.111328125
1 0.615234375 0.49609375 0.03515625 0.041015625
1 0.6142578125 0.5517578125 0.03515625 0.046875
1 0.56640625 0.494140625 0.046875 0.056640625
1 0.5673828125 0.560546875 0.046875 0.052734375
1 0.521484375 0.4951171875 0.0390625 0.044921875
1 0.521484375 0.5537109375 0.037109375 0.0546875
1 0.478515625 0.4873046875 0.03125 0.041015625
1 0.4775390625 0.5458984375 0.0234375 0.0390625
1 0.556640625 0.408203125 0.048828125 0.05859375