1 0.345703125 0.44140625 0.01171875 0.0283203125
1 0.35546875 0.5400390625 0.0166015625 0.123046875
1 0.3837890625 0.5 0.0380859375 0.04296875
1 0.3857421875 0.5556640625 0.0341796875 0.04296875
1 0.4326171875 0.498046875 0.0498046875 0.0546875
1 0.4345703125 0.5615234375 0.0419921875 0.0517578125
1 0.4794921875 0.4970703125 0.0361328125 0.0458984375
1 0.4814453125 0.5546875 0.0341796875 0.0517578125
1 0.521484375 0.4814453125 0.02734375 0.03515625
1 0.52734375 0.533203125 0.015625 0.0263671875
1 0.4375 0.4111328125 0.0419921875 0.0625