1 0.3525390625 0.4306640625 0.013671875 0.0234375
1 0.353515625 0.5302734375 0.025390625 0.123046875
1 0.3857421875 0.4931640625 0.037109375 0.041015625
1 0.3857421875 0.5439453125 0.03515625 0.05078125
1 0.4345703125 0.4931640625 0.044921875 0.0546875
1 0.4345703125 0.55859375 0.04296875 0.048828125
1 0.4794921875 0.4892578125 0.0390625 0.04296875
1 0.48046875 0.5546875 0.04296875 0.06640625
1 0.525390625 0.4794921875 0.029296875 0.04296875
1 0.5224609375 0.5302734375 0.015625 0.03125
1 0.443359375 0.4052734375 0.046875 0.052734375