1 0.35546875 0.4306640625 0.01171875 0.029296875
1 0.3515625 0.525390625 0.033203125 0.125
1 0.3837890625 0.49609375 0.044921875 0.048828125
1 0.380859375 0.5478515625 0.041015625 0.052734375
1 0.43359375 0.5 0.05078125 0.064453125
1 0.4267578125 0.5625 0.046875 0.05078125
1 0.478515625 0.5009765625 0.041015625 0.04296875
1 0.4755859375 0.5576171875 0.041015625 0.052734375
1 0.525390625 0.494140625 0.025390625 0.037109375
1 0.5205078125 0.5439453125 0.01953125 0.033203125
1 0.4501953125 0.4111328125 0.048828125 0.0703125