1 0.6416015625 0.416015625 0.015625 0.02734375
1 0.6484375 0.513671875 0.03515625 0.1171875
1 0.6142578125 0.478515625 0.044921875 0.05078125
1 0.619140625 0.5341796875 0.041015625 0.05078125
1 0.5634765625 0.482421875 0.048828125 0.060546875
1 0.5732421875 0.5478515625 0.046875 0.0546875
1 0.51953125 0.4892578125 0.04296875 0.0390625
1 0.525390625 0.544921875 0.04296875 0.064453125
1 0.4765625 0.4833984375 0.025390625 0.03515625
1 0.4755859375 0.53125 0.017578125 0.03125
1 0.546875 0.404296875 0.046875 0.0546875