1 0.34375 0.44140625 0.01171875 0.025390625
1 0.3544921875 0.548828125 0.021484375 0.1162109375
1 0.384765625 0.5068359375 0.03515625 0.03125
1 0.38671875 0.5517578125 0.033203125 0.0361328125
1 0.435546875 0.4921875 0.0439453125 0.0595703125
1 0.4365234375 0.5595703125 0.0400390625 0.052734375
1 0.4794921875 0.4912109375 0.0361328125 0.0400390625
1 0.482421875 0.552734375 0.03515625 0.05859375
1 0.5205078125 0.48046875 0.0302734375 0.044921875
1 0.5224609375 0.541015625 0.0205078125 0.0390625
1 0.439453125 0.4189453125 0.0419921875 0.0390625