1 0.33984375 0.484375 0.017578125 0.03125
1 0.3701171875 0.57421875 0.04296875 0.11328125
1 0.38671875 0.5263671875 0.044921875 0.052734375
1 0.4033203125 0.5810546875 0.04296875 0.0625
1 0.4365234375 0.5146484375 0.0546875 0.0625
1 0.4501953125 0.5810546875 0.052734375 0.064453125
1 0.48046875 0.5048828125 0.046875 0.046875
1 0.4970703125 0.5595703125 0.044921875 0.064453125
1 0.517578125 0.4765625 0.03125 0.046875
1 0.5341796875 0.529296875 0.0234375 0.03125
1 0.419921875 0.423828125 0.056640625 0.08203125