1 0.3447265625 0.453125 0.013671875 0.037109375
1 0.3583984375 0.5498046875 0.0234375 0.111328125
1 0.38671875 0.5068359375 0.04296875 0.046875
1 0.388671875 0.5615234375 0.03515625 0.046875
1 0.4345703125 0.5029296875 0.044921875 0.060546875
1 0.4384765625 0.5703125 0.05078125 0.0625
1 0.48046875 0.5009765625 0.0390625 0.052734375
1 0.484375 0.556640625 0.041015625 0.05859375
1 0.5224609375 0.4814453125 0.033203125 0.041015625
1 0.5263671875 0.5322265625 0.01953125 0.03125
1 0.4365234375 0.4111328125 0.048828125 0.0625