1 0.6484375 0.4306640625 0.013671875 0.017578125
1 0.646484375 0.5263671875 0.029296875 0.125
1 0.61328125 0.4892578125 0.03515625 0.03515625
1 0.615234375 0.5458984375 0.03515625 0.052734375
1 0.5654296875 0.4892578125 0.044921875 0.056640625
1 0.5693359375 0.55859375 0.046875 0.0546875
1 0.51953125 0.4912109375 0.0390625 0.033203125
1 0.5234375 0.5458984375 0.0390625 0.052734375
1 0.4775390625 0.484375 0.0234375 0.041015625
1 0.474609375 0.537109375 0.01953125 0.025390625
1 0.5556640625 0.40625 0.048828125 0.052734375