1 0.3583984375 0.4287109375 0.021484375 0.03515625
1 0.3525390625 0.515625 0.033203125 0.12109375
1 0.3876953125 0.48828125 0.04296875 0.04296875
1 0.380859375 0.5390625 0.041015625 0.046875
1 0.43359375 0.4892578125 0.05078125 0.0625
1 0.427734375 0.5517578125 0.048828125 0.056640625
1 0.48046875 0.4931640625 0.041015625 0.04296875
1 0.4736328125 0.548828125 0.041015625 0.05078125
1 0.5263671875 0.486328125 0.029296875 0.046875
1 0.5224609375 0.5400390625 0.017578125 0.03125
1 0.44921875 0.40234375 0.05078125 0.0546875