1 0.6611328125 0.4755859375 0.017578125 0.03515625
1 0.630859375 0.5712890625 0.037109375 0.115234375
1 0.61328125 0.5224609375 0.041015625 0.041015625
1 0.59765625 0.5751953125 0.04296875 0.046875
1 0.5654296875 0.5126953125 0.052734375 0.060546875
1 0.55078125 0.5751953125 0.05078125 0.05859375
1 0.5205078125 0.501953125 0.0390625 0.046875
1 0.5087890625 0.5576171875 0.046875 0.064453125
1 0.482421875 0.4794921875 0.0390625 0.04296875
1 0.4658203125 0.5234375 0.02734375 0.03125
1 0.576171875 0.4228515625 0.05859375 0.0703125