1 0.3408203125 0.4638671875 0.017578125 0.029296875
1 0.361328125 0.5576171875 0.033203125 0.126953125
1 0.38671875 0.5146484375 0.04296875 0.046875
1 0.3935546875 0.5703125 0.0390625 0.044921875
1 0.4345703125 0.5078125 0.052734375 0.06640625
1 0.4443359375 0.5732421875 0.05078125 0.060546875
1 0.478515625 0.4990234375 0.041015625 0.048828125
1 0.48828125 0.5576171875 0.041015625 0.060546875
1 0.521484375 0.478515625 0.025390625 0.03515625
1 0.5302734375 0.5302734375 0.017578125 0.033203125
1 0.42578125 0.419921875 0.05078125 0.06640625