1 0.3466796875 0.4443359375 0.0107421875 0.033203125
1 0.3544921875 0.5419921875 0.0185546875 0.12109375
1 0.3837890625 0.5 0.0380859375 0.052734375
1 0.390625 0.5595703125 0.0302734375 0.0576171875
1 0.431640625 0.498046875 0.0390625 0.0654296875
1 0.4365234375 0.5634765625 0.041015625 0.0546875
1 0.478515625 0.4970703125 0.0361328125 0.04296875
1 0.482421875 0.5556640625 0.0361328125 0.0556640625
1 0.521484375 0.48828125 0.021484375 0.04296875
1 0.52734375 0.533203125 0.01953125 0.033203125
1 0.4375 0.4111328125 0.0478515625 0.0732421875