1 0.6572265625 0.46875 0.015625 0.033203125
1 0.6396484375 0.5595703125 0.03515625 0.125
1 0.6142578125 0.5205078125 0.048828125 0.060546875
1 0.6025390625 0.5791015625 0.048828125 0.060546875
1 0.5654296875 0.51171875 0.05078125 0.05859375
1 0.5537109375 0.576171875 0.046875 0.052734375
1 0.5205078125 0.505859375 0.0390625 0.048828125
1 0.5107421875 0.5634765625 0.04296875 0.0625
1 0.4775390625 0.486328125 0.025390625 0.03125
1 0.4677734375 0.53515625 0.0234375 0.029296875
1 0.5751953125 0.4208984375 0.0546875 0.072265625