1 0.6591796875 0.47265625 0.017578125 0.033203125
1 0.6357421875 0.5576171875 0.037109375 0.1328125
1 0.6123046875 0.51953125 0.048828125 0.0546875
1 0.5986328125 0.578125 0.046875 0.0546875
1 0.564453125 0.51171875 0.05078125 0.0625
1 0.5498046875 0.580078125 0.05078125 0.0625
1 0.5234375 0.4990234375 0.046875 0.046875
1 0.5068359375 0.5556640625 0.04296875 0.056640625
1 0.482421875 0.4755859375 0.03515625 0.046875
1 0.466796875 0.5302734375 0.021484375 0.029296875
1 0.5791015625 0.4228515625 0.052734375 0.068359375