1 0.3642578125 0.4091796875 0.017578125 0.03515625
1 0.3486328125 0.505859375 0.046875 0.12109375
1 0.3876953125 0.4716796875 0.048828125 0.060546875
1 0.3798828125 0.53125 0.04296875 0.0625
1 0.4345703125 0.4814453125 0.0546875 0.072265625
1 0.4228515625 0.5458984375 0.052734375 0.0625
1 0.4794921875 0.4921875 0.044921875 0.05078125
1 0.4697265625 0.5498046875 0.048828125 0.0625
1 0.5234375 0.494140625 0.03125 0.046875
1 0.5185546875 0.5390625 0.02734375 0.037109375
1 0.4609375 0.3984375 0.064453125 0.08203125