1 0.6533203125 0.4462890625 0.017578125 0.02734375
1 0.64453125 0.5546875 0.01953125 0.107421875
1 0.615234375 0.5078125 0.037109375 0.0390625
1 0.61328125 0.55859375 0.03125 0.037109375
1 0.5654296875 0.5029296875 0.041015625 0.056640625
1 0.568359375 0.5654296875 0.04296875 0.046875
1 0.5224609375 0.498046875 0.037109375 0.037109375
1 0.5205078125 0.5595703125 0.037109375 0.056640625
1 0.478515625 0.4873046875 0.02734375 0.04296875
1 0.4736328125 0.537109375 0.021484375 0.029296875
1 0.5595703125 0.4150390625 0.046875 0.05078125