1 0.3408203125 0.4931640625 0.015625 0.029296875
1 0.375 0.591796875 0.046875 0.126953125
1 0.392578125 0.5458984375 0.04296875 0.04296875
1 0.4091796875 0.5947265625 0.04296875 0.048828125
1 0.4375 0.5244140625 0.0546875 0.0703125
1 0.4560546875 0.5859375 0.05078125 0.060546875
1 0.48046875 0.5146484375 0.04296875 0.04296875
1 0.49609375 0.5654296875 0.046875 0.052734375
1 0.5244140625 0.490234375 0.029296875 0.041015625
1 0.5380859375 0.5361328125 0.017578125 0.02734375
1 0.4189453125 0.4345703125 0.0546875 0.0703125