1 0.3671875 0.4462890625 0.04296875 0.060546875
1 0.384765625 0.54296875 0.05859375 0.109375
1 0.4326171875 0.4931640625 0.0390625 0.037109375
1 0.4375 0.556640625 0.05859375 0.0859375
1 0.462890625 0.4638671875 0.025390625 0.052734375
1 0.4833984375 0.49609375 0.015625 0.015625
1 0.4951171875 0.4658203125 0.021484375 0.0390625
1 0.48046875 0.5205078125 0.03125 0.02734375
1 0.4765625 0.5615234375 0.021484375 0.04296875
1 0.5078125 0.5380859375 0.02734375 0.07421875
1 0.5224609375 0.4716796875 0.025390625 0.060546875
1 0.5439453125 0.5390625 0.048828125 0.0546875
1 0.578125 0.4794921875 0.048828125 0.123046875
1 0.509765625 0.384765625 0.0390625 0.052734375
1 0.4658203125 0.3876953125 0.044921875 0.064453125
1 0.4267578125 0.38671875 0.03515625 0.06640625