1 0.3544921875 0.42578125 0.015625 0.0234375
1 0.3515625 0.5205078125 0.03515625 0.126953125
1 0.3857421875 0.4833984375 0.04296875 0.04296875
1 0.3828125 0.5400390625 0.041015625 0.048828125
1 0.4345703125 0.4853515625 0.046875 0.05859375
1 0.4296875 0.5556640625 0.05078125 0.056640625
1 0.482421875 0.490234375 0.04296875 0.046875
1 0.4775390625 0.552734375 0.04296875 0.0625
1 0.5263671875 0.4814453125 0.02734375 0.033203125
1 0.5205078125 0.5322265625 0.021484375 0.033203125
1 0.44921875 0.3974609375 0.05078125 0.068359375