1 0.3642578125 0.4072265625 0.021484375 0.033203125
1 0.3525390625 0.501953125 0.046875 0.1328125
1 0.3876953125 0.47265625 0.046875 0.056640625
1 0.376953125 0.5283203125 0.041015625 0.05078125
1 0.435546875 0.4794921875 0.052734375 0.068359375
1 0.423828125 0.5478515625 0.044921875 0.052734375
1 0.4794921875 0.494140625 0.044921875 0.04296875
1 0.46875 0.548828125 0.046875 0.060546875
1 0.52734375 0.4853515625 0.029296875 0.0390625
1 0.517578125 0.5390625 0.021484375 0.03515625
1 0.458984375 0.3994140625 0.0625 0.068359375