1 0.3466796875 0.447265625 0.017578125 0.0263671875
1 0.35546875 0.5439453125 0.0185546875 0.12890625
1 0.3828125 0.5078125 0.0341796875 0.0361328125
1 0.38671875 0.560546875 0.03515625 0.05078125
1 0.43359375 0.49609375 0.044921875 0.0615234375
1 0.435546875 0.5595703125 0.0400390625 0.0439453125
1 0.4814453125 0.49609375 0.0380859375 0.0400390625
1 0.48046875 0.5537109375 0.0361328125 0.0517578125
1 0.5234375 0.484375 0.0224609375 0.03125
1 0.5263671875 0.533203125 0.0224609375 0.0263671875
1 0.4375 0.4072265625 0.041015625 0.0625