1 0.6337890625 0.44921875 0.044921875 0.060546875
1 0.6142578125 0.544921875 0.060546875 0.111328125
1 0.5673828125 0.4951171875 0.0390625 0.037109375
1 0.5615234375 0.5576171875 0.05859375 0.0859375
1 0.537109375 0.46484375 0.02734375 0.052734375
1 0.5166015625 0.49609375 0.015625 0.015625
1 0.505859375 0.4658203125 0.021484375 0.0390625
1 0.5185546875 0.5205078125 0.033203125 0.02734375
1 0.5224609375 0.5625 0.0234375 0.04296875
1 0.4912109375 0.5380859375 0.02734375 0.07421875
1 0.478515625 0.4716796875 0.02734375 0.0625
1 0.455078125 0.5380859375 0.048828125 0.056640625
1 0.421875 0.478515625 0.05078125 0.123046875
1 0.4921875 0.384765625 0.0390625 0.052734375
1 0.5361328125 0.388671875 0.046875 0.064453125
1 0.5751953125 0.388671875 0.03515625 0.068359375