1 0.3427734375 0.4951171875 0.017578125 0.029296875
1 0.37109375 0.5859375 0.044921875 0.119140625
1 0.388671875 0.541015625 0.046875 0.05078125
1 0.40625 0.59375 0.041015625 0.05078125
1 0.435546875 0.5244140625 0.0546875 0.06640625
1 0.4580078125 0.5888671875 0.052734375 0.0546875
1 0.482421875 0.5126953125 0.04296875 0.048828125
1 0.4970703125 0.56640625 0.04296875 0.05078125
1 0.5205078125 0.490234375 0.02734375 0.0390625
1 0.5361328125 0.54296875 0.021484375 0.029296875
1 0.4208984375 0.435546875 0.060546875 0.07421875