1 0.3515625 0.4267578125 0.017578125 0.02734375
1 0.3515625 0.5234375 0.033203125 0.1328125
1 0.384765625 0.4921875 0.037109375 0.044921875
1 0.3828125 0.5458984375 0.037109375 0.060546875
1 0.4345703125 0.4892578125 0.046875 0.056640625
1 0.431640625 0.5546875 0.048828125 0.056640625
1 0.4814453125 0.4912109375 0.0390625 0.04296875
1 0.4775390625 0.5537109375 0.044921875 0.06640625
1 0.5224609375 0.4833984375 0.029296875 0.041015625
1 0.5185546875 0.5400390625 0.025390625 0.04296875
1 0.4443359375 0.400390625 0.048828125 0.064453125