1 0.640625 0.416015625 0.015625 0.029296875
1 0.6474609375 0.5107421875 0.04296875 0.130859375
1 0.6142578125 0.484375 0.041015625 0.044921875
1 0.6171875 0.5361328125 0.044921875 0.052734375
1 0.564453125 0.4853515625 0.0546875 0.06640625
1 0.572265625 0.552734375 0.048828125 0.060546875
1 0.51953125 0.4912109375 0.041015625 0.044921875
1 0.52734375 0.55078125 0.046875 0.06640625
1 0.474609375 0.48828125 0.025390625 0.03515625
1 0.4775390625 0.537109375 0.0234375 0.029296875
1 0.5439453125 0.400390625 0.056640625 0.06640625