1 0.3486328125 0.447265625 0.0107421875 0.03125
1 0.353515625 0.5400390625 0.0185546875 0.1240234375
1 0.3837890625 0.50390625 0.0419921875 0.0546875
1 0.3876953125 0.564453125 0.0419921875 0.0556640625
1 0.43359375 0.5029296875 0.04296875 0.0537109375
1 0.4365234375 0.568359375 0.041015625 0.0478515625
1 0.478515625 0.5029296875 0.0341796875 0.0439453125
1 0.48046875 0.5615234375 0.03515625 0.05859375
1 0.5244140625 0.4892578125 0.0224609375 0.0283203125
1 0.52734375 0.5390625 0.0205078125 0.02734375
1 0.4365234375 0.4111328125 0.046875 0.0654296875