1 0.658203125 0.447265625 0.015625 0.029296875
1 0.64453125 0.513671875 0.017578125 0.01953125
1 0.638671875 0.572265625 0.017578125 0.064453125
1 0.615234375 0.5126953125 0.03125 0.033203125
1 0.611328125 0.5595703125 0.03125 0.044921875
1 0.56640625 0.49609375 0.044921875 0.05859375
1 0.5595703125 0.5615234375 0.044921875 0.048828125
1 0.51953125 0.4931640625 0.0390625 0.041015625
1 0.5146484375 0.552734375 0.037109375 0.05859375
1 0.48046875 0.4755859375 0.03125 0.046875
1 0.4775390625 0.5341796875 0.025390625 0.0390625