1 0.6611328125 0.4677734375 0.015625 0.02734375
1 0.63671875 0.5595703125 0.041015625 0.125
1 0.61328125 0.5224609375 0.04296875 0.044921875
1 0.6015625 0.572265625 0.044921875 0.05078125
1 0.56640625 0.5087890625 0.052734375 0.06640625
1 0.5498046875 0.576171875 0.05078125 0.060546875
1 0.521484375 0.4990234375 0.041015625 0.046875
1 0.5068359375 0.55859375 0.048828125 0.064453125
1 0.48046875 0.4794921875 0.033203125 0.037109375
1 0.470703125 0.525390625 0.015625 0.025390625
1 0.5771484375 0.421875 0.05078125 0.068359375