1 0.3466796875 0.4423828125 0.0166015625 0.0244140625
1 0.35546875 0.5478515625 0.01953125 0.1083984375
1 0.3828125 0.5029296875 0.0361328125 0.0361328125
1 0.388671875 0.55859375 0.0361328125 0.044921875
1 0.43359375 0.494140625 0.0458984375 0.0537109375
1 0.4345703125 0.55859375 0.0478515625 0.0517578125
1 0.4794921875 0.490234375 0.0390625 0.0419921875
1 0.4814453125 0.5546875 0.037109375 0.0615234375
1 0.51953125 0.4794921875 0.03515625 0.0419921875
1 0.521484375 0.5361328125 0.0244140625 0.0439453125
1 0.4375 0.4072265625 0.044921875 0.0615234375