1 0.337890625 0.4609375 0.015625 0.02734375
1 0.361328125 0.56640625 0.03515625 0.1171875
1 0.38671875 0.5205078125 0.0390625 0.03515625
1 0.3935546875 0.5654296875 0.037109375 0.0390625
1 0.435546875 0.5 0.05078125 0.064453125
1 0.4443359375 0.56640625 0.046875 0.056640625
1 0.478515625 0.494140625 0.041015625 0.044921875
1 0.4892578125 0.5546875 0.04296875 0.0625
1 0.517578125 0.478515625 0.03515625 0.048828125
1 0.52734375 0.5380859375 0.025390625 0.041015625
1 0.4296875 0.4267578125 0.046875 0.04296875