1 0.3466796875 0.4384765625 0.0126953125 0.0263671875
1 0.3564453125 0.5341796875 0.017578125 0.1318359375
1 0.3857421875 0.49609375 0.03515625 0.044921875
1 0.3876953125 0.5537109375 0.03125 0.0517578125
1 0.43359375 0.4931640625 0.041015625 0.0576171875
1 0.4345703125 0.560546875 0.0390625 0.05078125
1 0.4794921875 0.4951171875 0.0361328125 0.037109375
1 0.482421875 0.55078125 0.033203125 0.0576171875
1 0.5224609375 0.478515625 0.0224609375 0.0263671875
1 0.5244140625 0.5380859375 0.017578125 0.033203125
1 0.4384765625 0.4111328125 0.037109375 0.0556640625