1 0.345703125 0.4619140625 0.009765625 0.025390625
1 0.3583984375 0.5634765625 0.015625 0.130859375
1 0.3857421875 0.5166015625 0.037109375 0.0546875
1 0.390625 0.5771484375 0.033203125 0.048828125
1 0.4326171875 0.5126953125 0.04296875 0.0546875
1 0.4365234375 0.5732421875 0.044921875 0.041015625
1 0.4794921875 0.5126953125 0.03515625 0.04296875
1 0.4833984375 0.56640625 0.033203125 0.044921875
1 0.5263671875 0.552734375 0.013671875 0.02734375
1 0.525390625 0.5 0.021484375 0.029296875
1 0.43359375 0.421875 0.044921875 0.072265625