1 0.6494140625 0.4453125 0.01171875 0.02734375
1 0.6484375 0.544921875 0.0234375 0.111328125
1 0.615234375 0.505859375 0.0390625 0.05078125
1 0.615234375 0.556640625 0.033203125 0.05078125
1 0.5673828125 0.5029296875 0.046875 0.060546875
1 0.5703125 0.56640625 0.037109375 0.046875
1 0.521484375 0.5068359375 0.041015625 0.037109375
1 0.5263671875 0.5625 0.044921875 0.056640625
1 0.4775390625 0.4951171875 0.029296875 0.03515625
1 0.474609375 0.5478515625 0.0234375 0.02734375
1 0.556640625 0.4150390625 0.05078125 0.05859375