1 0.6435546875 0.4326171875 0.017578125 0.03125
1 0.6513671875 0.53515625 0.03515625 0.12109375
1 0.6162109375 0.49609375 0.044921875 0.0546875
1 0.62109375 0.5478515625 0.037109375 0.046875
1 0.5654296875 0.501953125 0.05078125 0.064453125
1 0.578125 0.564453125 0.052734375 0.05078125
1 0.5205078125 0.5107421875 0.046875 0.048828125
1 0.5302734375 0.5634765625 0.046875 0.052734375
1 0.47265625 0.5048828125 0.021484375 0.029296875
1 0.4814453125 0.5517578125 0.015625 0.021484375
1 0.548828125 0.4150390625 0.05078125 0.072265625