1 0.3486328125 0.4755859375 0.0107421875 0.03125
1 0.35546875 0.568359375 0.0224609375 0.1240234375
1 0.38671875 0.52734375 0.0390625 0.0546875
1 0.3916015625 0.5888671875 0.037109375 0.0546875
1 0.4345703125 0.525390625 0.0439453125 0.052734375
1 0.4384765625 0.59375 0.041015625 0.0556640625
1 0.4814453125 0.5244140625 0.0361328125 0.04296875
1 0.482421875 0.58203125 0.0361328125 0.056640625
1 0.5263671875 0.5078125 0.0205078125 0.0400390625
1 0.52734375 0.5615234375 0.01171875 0.037109375
1 0.4375 0.435546875 0.048828125 0.0625