1 0.34375 0.494140625 0.017578125 0.021484375
1 0.373046875 0.5859375 0.033203125 0.09375
1 0.3935546875 0.544921875 0.041015625 0.04296875
1 0.40625 0.5927734375 0.0390625 0.048828125
1 0.439453125 0.5302734375 0.05859375 0.06640625
1 0.4541015625 0.58984375 0.048828125 0.044921875
1 0.4853515625 0.5185546875 0.04296875 0.04296875
1 0.4970703125 0.5751953125 0.046875 0.056640625
1 0.5205078125 0.4970703125 0.03125 0.0390625
1 0.5380859375 0.546875 0.0234375 0.033203125
1 0.42578125 0.4375 0.060546875 0.0703125