1 0.6513671875 0.4560546875 0.01171875 0.03515625
1 0.6455078125 0.552734375 0.025390625 0.111328125
1 0.615234375 0.51171875 0.037109375 0.05078125
1 0.61328125 0.5712890625 0.0390625 0.05078125
1 0.568359375 0.509765625 0.05078125 0.056640625
1 0.5673828125 0.5771484375 0.041015625 0.05859375
1 0.51953125 0.5078125 0.0390625 0.046875
1 0.5185546875 0.568359375 0.037109375 0.05859375
1 0.4755859375 0.5 0.025390625 0.037109375
1 0.4765625 0.548828125 0.015625 0.03515625
1 0.5595703125 0.419921875 0.046875 0.07421875