1 0.3544921875 0.4375 0.01953125 0.02734375
1 0.3505859375 0.5341796875 0.0390625 0.12109375
1 0.3857421875 0.494140625 0.044921875 0.0546875
1 0.376953125 0.5517578125 0.0390625 0.056640625
1 0.43359375 0.50390625 0.052734375 0.068359375
1 0.4248046875 0.5712890625 0.046875 0.064453125
1 0.4765625 0.513671875 0.046875 0.0546875
1 0.4697265625 0.5693359375 0.044921875 0.064453125
1 0.5244140625 0.5048828125 0.029296875 0.04296875
1 0.5205078125 0.5546875 0.017578125 0.03515625
1 0.453125 0.4130859375 0.056640625 0.076171875