1 0.3466796875 0.4697265625 0.0087890625 0.025390625
1 0.357421875 0.5654296875 0.0166015625 0.130859375
1 0.3896484375 0.517578125 0.0439453125 0.0751953125
1 0.390625 0.5859375 0.03515625 0.06640625
1 0.43359375 0.521484375 0.0380859375 0.0556640625
1 0.4375 0.587890625 0.041015625 0.056640625
1 0.4833984375 0.517578125 0.037109375 0.048828125
1 0.4814453125 0.580078125 0.037109375 0.0595703125
1 0.5244140625 0.513671875 0.0234375 0.03515625
1 0.52734375 0.5625 0.017578125 0.0390625
1 0.439453125 0.4306640625 0.0478515625 0.060546875