1 0.6494140625 0.455078125 0.017578125 0.03125
1 0.6494140625 0.548828125 0.033203125 0.126953125
1 0.61328125 0.51953125 0.04296875 0.046875
1 0.6171875 0.5732421875 0.04296875 0.05078125
1 0.56640625 0.5146484375 0.046875 0.064453125
1 0.56640625 0.5771484375 0.044921875 0.04296875
1 0.5185546875 0.513671875 0.0390625 0.046875
1 0.5234375 0.5751953125 0.0390625 0.0625
1 0.478515625 0.5087890625 0.033203125 0.03515625
1 0.4814453125 0.5673828125 0.02734375 0.056640625
1 0.5576171875 0.42578125 0.04296875 0.060546875