1 0.650390625 0.50390625 0.01953125 0.02734375
1 0.63671875 0.5947265625 0.0234375 0.126953125
1 0.609375 0.5595703125 0.041015625 0.05078125
1 0.60546875 0.6162109375 0.04296875 0.056640625
1 0.560546875 0.548828125 0.046875 0.0625
1 0.556640625 0.619140625 0.04296875 0.05859375
1 0.515625 0.546875 0.037109375 0.05078125
1 0.5087890625 0.6025390625 0.037109375 0.0546875
1 0.4775390625 0.5341796875 0.03125 0.0390625
1 0.47265625 0.587890625 0.029296875 0.048828125
1 0.5625 0.45703125 0.044921875 0.064453125