1 0.349609375 0.49609375 0.017578125 0.02734375
1 0.3583984375 0.587890625 0.0166015625 0.1259765625
1 0.3876953125 0.5537109375 0.0380859375 0.048828125
1 0.388671875 0.6103515625 0.0400390625 0.0537109375
1 0.4365234375 0.5458984375 0.0439453125 0.0595703125
1 0.4375 0.6162109375 0.0400390625 0.0556640625
1 0.482421875 0.5458984375 0.03515625 0.048828125
1 0.486328125 0.6015625 0.0341796875 0.0537109375
1 0.5205078125 0.53515625 0.0283203125 0.0380859375
1 0.5224609375 0.5888671875 0.02734375 0.046875
1 0.439453125 0.4541015625 0.041015625 0.0615234375