1 0.3515625 0.443359375 0.015625 0.02734375
1 0.3486328125 0.5439453125 0.03125 0.1171875
1 0.384765625 0.5009765625 0.04296875 0.044921875
1 0.3798828125 0.5576171875 0.041015625 0.048828125
1 0.4326171875 0.501953125 0.046875 0.068359375
1 0.4287109375 0.564453125 0.046875 0.044921875
1 0.4775390625 0.5048828125 0.04296875 0.04296875
1 0.474609375 0.5625 0.0390625 0.056640625
1 0.525390625 0.4970703125 0.025390625 0.044921875
1 0.525390625 0.55078125 0.01953125 0.02734375
1 0.4453125 0.419921875 0.052734375 0.0625