1 0.34375 0.498046875 0.015625 0.03515625
1 0.37109375 0.5927734375 0.037109375 0.119140625
1 0.3955078125 0.5478515625 0.046875 0.05078125
1 0.4052734375 0.603515625 0.04296875 0.05078125
1 0.439453125 0.537109375 0.0546875 0.068359375
1 0.4541015625 0.6025390625 0.041015625 0.052734375
1 0.484375 0.525390625 0.046875 0.0625
1 0.49609375 0.5908203125 0.046875 0.068359375
1 0.5263671875 0.50390625 0.029296875 0.041015625
1 0.5390625 0.5576171875 0.02734375 0.037109375
1 0.427734375 0.44921875 0.05859375 0.078125