1 0.3505859375 0.498046875 0.025390625 0.037109375
1 0.3671875 0.5869140625 0.037109375 0.1171875
1 0.3955078125 0.548828125 0.044921875 0.056640625
1 0.40234375 0.6064453125 0.033203125 0.041015625
1 0.4375 0.5361328125 0.05078125 0.064453125
1 0.447265625 0.6005859375 0.048828125 0.060546875
1 0.4853515625 0.5263671875 0.046875 0.056640625
1 0.4921875 0.580078125 0.041015625 0.05078125
1 0.521484375 0.5 0.037109375 0.0703125
1 0.5341796875 0.5693359375 0.02734375 0.044921875
1 0.4296875 0.4423828125 0.056640625 0.07421875