1 0.3583984375 0.4365234375 0.017578125 0.025390625
1 0.3427734375 0.533203125 0.046875 0.125
1 0.3828125 0.5048828125 0.04296875 0.044921875
1 0.3720703125 0.5546875 0.037109375 0.0390625
1 0.4326171875 0.5087890625 0.0546875 0.068359375
1 0.419921875 0.572265625 0.046875 0.048828125
1 0.4775390625 0.51171875 0.046875 0.0546875
1 0.466796875 0.5751953125 0.046875 0.064453125
1 0.5244140625 0.5107421875 0.025390625 0.04296875
1 0.5146484375 0.56640625 0.025390625 0.033203125
1 0.455078125 0.4150390625 0.05859375 0.076171875