1 0.654296875 0.5048828125 0.01953125 0.029296875
1 0.623046875 0.6005859375 0.044921875 0.1171875
1 0.60546875 0.5458984375 0.044921875 0.0546875
1 0.587890625 0.6025390625 0.044921875 0.048828125
1 0.55859375 0.53515625 0.0546875 0.060546875
1 0.541015625 0.5986328125 0.048828125 0.0625
1 0.5126953125 0.52734375 0.044921875 0.044921875
1 0.498046875 0.5771484375 0.044921875 0.052734375
1 0.4755859375 0.5 0.033203125 0.037109375
1 0.4609375 0.5498046875 0.02734375 0.02734375
1 0.57421875 0.4443359375 0.0546875 0.060546875