1 0.65234375 0.4560546875 0.013671875 0.03125
1 0.6435546875 0.5576171875 0.015625 0.12109375
1 0.615234375 0.5146484375 0.037109375 0.05078125
1 0.6123046875 0.56640625 0.03125 0.04296875
1 0.564453125 0.5126953125 0.04296875 0.05859375
1 0.56640625 0.576171875 0.046875 0.04296875
1 0.5185546875 0.5146484375 0.041015625 0.04296875
1 0.51953125 0.5673828125 0.0390625 0.046875
1 0.47265625 0.5 0.017578125 0.02734375
1 0.4736328125 0.5478515625 0.01171875 0.021484375
1 0.5615234375 0.423828125 0.04296875 0.06640625