1 0.6416015625 0.4384765625 0.013671875 0.03125
1 0.6533203125 0.529296875 0.044921875 0.123046875
1 0.6162109375 0.501953125 0.046875 0.05859375
1 0.6259765625 0.556640625 0.041015625 0.048828125
1 0.5693359375 0.505859375 0.056640625 0.068359375
1 0.580078125 0.5634765625 0.05078125 0.0546875
1 0.5224609375 0.5146484375 0.046875 0.048828125
1 0.5361328125 0.56640625 0.044921875 0.056640625
1 0.4765625 0.5166015625 0.0390625 0.046875
1 0.4833984375 0.5693359375 0.03125 0.0390625
1 0.54296875 0.4228515625 0.0625 0.07421875