1 0.3525390625 0.4423828125 0.01171875 0.029296875
1 0.353515625 0.5380859375 0.03125 0.12109375
1 0.384765625 0.5107421875 0.037109375 0.04296875
1 0.38671875 0.560546875 0.0390625 0.05078125
1 0.43359375 0.50390625 0.048828125 0.0625
1 0.4306640625 0.5654296875 0.0390625 0.056640625
1 0.48046875 0.5107421875 0.0390625 0.0390625
1 0.4765625 0.564453125 0.041015625 0.05859375
1 0.5244140625 0.486328125 0.029296875 0.048828125
1 0.525390625 0.5478515625 0.021484375 0.0390625
1 0.443359375 0.416015625 0.048828125 0.068359375