1 0.6416015625 0.4345703125 0.021484375 0.03125
1 0.654296875 0.52734375 0.048828125 0.126953125
1 0.615234375 0.50390625 0.046875 0.05078125
1 0.6259765625 0.5556640625 0.046875 0.0546875
1 0.5673828125 0.505859375 0.052734375 0.068359375
1 0.5771484375 0.5673828125 0.048828125 0.046875
1 0.5205078125 0.51171875 0.044921875 0.05078125
1 0.533203125 0.5712890625 0.046875 0.06640625
1 0.4794921875 0.51171875 0.037109375 0.0390625
1 0.4912109375 0.5693359375 0.03515625 0.05859375
1 0.5458984375 0.41796875 0.05078125 0.064453125