1 0.349609375 0.4736328125 0.013671875 0.02734375
1 0.3583984375 0.5712890625 0.0234375 0.126953125
1 0.38671875 0.5302734375 0.0390625 0.046875
1 0.3916015625 0.5869140625 0.03125 0.046875
1 0.435546875 0.5234375 0.041015625 0.05859375
1 0.4404296875 0.5869140625 0.041015625 0.044921875
1 0.482421875 0.5185546875 0.03515625 0.046875
1 0.4853515625 0.57421875 0.037109375 0.052734375
1 0.525390625 0.5068359375 0.025390625 0.0390625
1 0.533203125 0.5595703125 0.01953125 0.029296875
1 0.4375 0.435546875 0.05078125 0.06640625