1 0.6513671875 0.462890625 0.015625 0.029296875
1 0.6416015625 0.55859375 0.0234375 0.12890625
1 0.6142578125 0.5224609375 0.04296875 0.048828125
1 0.6123046875 0.5732421875 0.037109375 0.048828125
1 0.5654296875 0.509765625 0.044921875 0.0625
1 0.5625 0.5751953125 0.037109375 0.056640625
1 0.51953125 0.5107421875 0.041015625 0.044921875
1 0.517578125 0.5712890625 0.037109375 0.056640625
1 0.4765625 0.4951171875 0.025390625 0.033203125
1 0.47265625 0.548828125 0.021484375 0.04296875
1 0.5576171875 0.4248046875 0.044921875 0.064453125