1 0.6474609375 0.4482421875 0.01171875 0.025390625
1 0.650390625 0.544921875 0.03515625 0.1328125
1 0.611328125 0.501953125 0.0546875 0.080078125
1 0.6201171875 0.5703125 0.044921875 0.0703125
1 0.568359375 0.51171875 0.044921875 0.060546875
1 0.57421875 0.578125 0.048828125 0.0625
1 0.5185546875 0.5146484375 0.04296875 0.052734375
1 0.529296875 0.5771484375 0.044921875 0.064453125
1 0.4775390625 0.5166015625 0.02734375 0.037109375
1 0.4814453125 0.5654296875 0.0234375 0.041015625
1 0.55078125 0.4228515625 0.056640625 0.06640625