1 0.3466796875 0.4921875 0.015625 0.033203125
1 0.3681640625 0.5869140625 0.03125 0.12109375
1 0.390625 0.5419921875 0.041015625 0.056640625
1 0.400390625 0.5986328125 0.04296875 0.046875
1 0.4375 0.5322265625 0.05078125 0.06640625
1 0.44921875 0.6025390625 0.048828125 0.060546875
1 0.486328125 0.5263671875 0.041015625 0.048828125
1 0.4931640625 0.583984375 0.04296875 0.064453125
1 0.5234375 0.5029296875 0.03125 0.046875
1 0.5322265625 0.5625 0.01953125 0.041015625
1 0.431640625 0.4443359375 0.044921875 0.06640625