1 0.3427734375 0.48046875 0.017578125 0.02734375
1 0.3642578125 0.5791015625 0.03515625 0.1171875
1 0.388671875 0.5283203125 0.04296875 0.046875
1 0.3974609375 0.5849609375 0.04296875 0.048828125
1 0.435546875 0.517578125 0.048828125 0.0703125
1 0.4462890625 0.5791015625 0.046875 0.046875
1 0.4794921875 0.509765625 0.044921875 0.04296875
1 0.490234375 0.56640625 0.041015625 0.05859375
1 0.5244140625 0.490234375 0.02734375 0.044921875
1 0.537109375 0.54296875 0.021484375 0.029296875
1 0.427734375 0.435546875 0.052734375 0.064453125