1 0.6552734375 0.50390625 0.01953125 0.029296875
1 0.623046875 0.5947265625 0.046875 0.130859375
1 0.6044921875 0.5517578125 0.048828125 0.056640625
1 0.5908203125 0.607421875 0.044921875 0.060546875
1 0.5576171875 0.533203125 0.0546875 0.07421875
1 0.5390625 0.59765625 0.048828125 0.052734375
1 0.5107421875 0.525390625 0.046875 0.048828125
1 0.4951171875 0.578125 0.046875 0.05859375
1 0.4736328125 0.5009765625 0.03125 0.037109375
1 0.4609375 0.5556640625 0.02734375 0.044921875
1 0.5751953125 0.447265625 0.056640625 0.07421875