1 0.650390625 0.44921875 0.013671875 0.041015625
1 0.6455078125 0.55078125 0.025390625 0.126953125
1 0.6142578125 0.51171875 0.0390625 0.048828125
1 0.6123046875 0.5673828125 0.0390625 0.048828125
1 0.564453125 0.5107421875 0.048828125 0.0625
1 0.564453125 0.57421875 0.04296875 0.052734375
1 0.5224609375 0.5107421875 0.041015625 0.068359375
1 0.5205078125 0.5712890625 0.04296875 0.060546875
1 0.4755859375 0.5009765625 0.0234375 0.044921875
1 0.4736328125 0.5546875 0.021484375 0.03125
1 0.5576171875 0.4228515625 0.0546875 0.07421875