1 0.6552734375 0.46484375 0.013671875 0.041015625
1 0.6396484375 0.56640625 0.025390625 0.126953125
1 0.6123046875 0.5234375 0.0390625 0.048828125
1 0.6044921875 0.5791015625 0.0390625 0.048828125
1 0.5625 0.5166015625 0.048828125 0.0625
1 0.556640625 0.580078125 0.04296875 0.052734375
1 0.5205078125 0.5126953125 0.041015625 0.068359375
1 0.5126953125 0.5732421875 0.04296875 0.060546875
1 0.4755859375 0.4990234375 0.0234375 0.044921875
1 0.4677734375 0.5517578125 0.021484375 0.03125
1 0.5654296875 0.4287109375 0.0546875 0.07421875