1 0.6376953125 0.43359375 0.01953125 0.029296875
1 0.6552734375 0.529296875 0.048828125 0.126953125
1 0.6171875 0.498046875 0.046875 0.052734375
1 0.6279296875 0.5537109375 0.041015625 0.05078125
1 0.568359375 0.5048828125 0.05078125 0.064453125
1 0.5810546875 0.5673828125 0.048828125 0.05078125
1 0.5224609375 0.5126953125 0.04296875 0.05078125
1 0.53515625 0.56640625 0.046875 0.05859375
1 0.4775390625 0.513671875 0.03125 0.04296875
1 0.484375 0.56640625 0.025390625 0.033203125
1 0.54296875 0.4208984375 0.0625 0.07421875