0 0.953125 0.314453125 0.017578125 0.029296875
0 0.9609375 0.2333984375 0.01953125 0.02734375
0 0.943359375 0.380859375 0.01953125 0.048828125
0 0.94140625 0.4638671875 0.017578125 0.041015625
0 0.9345703125 0.5078125 0.01953125 0.041015625
0 0.9013671875 0.4765625 0.017578125 0.015625
0 0.908203125 0.3505859375 0.01953125 0.02734375
0 0.9111328125 0.3134765625 0.0234375 0.01953125
0 0.8994140625 0.2666015625 0.01953125 0.048828125
0 0.8115234375 0.1240234375 0.017578125 0.02734375
0 0.7724609375 0.3623046875 0.013671875 0.025390625
0 0.759765625 0.5517578125 0.01953125 0.02734375
0 0.755859375 0.5986328125 0.015625 0.0234375
0 0.755859375 0.6484375 0.01171875 0.017578125
0 0.748046875 0.677734375 0.017578125 0.041015625
0 0.8896484375 0.6103515625 0.017578125 0.04296875
0 0.8955078125 0.529296875 0.017578125 0.041015625
0 0.892578125 0.572265625 0.01953125 0.0234375
0 0.90234375 0.4384765625 0.01953125 0.04296875
0 0.8076171875 0.1884765625 0.013671875 0.029296875
0 0.8388671875 0.1083984375 0.01171875 0.033203125
0 0.830078125 0.1982421875 0.0234375 0.041015625
0 0.5048828125 0.3525390625 0.033203125 0.33203125