0 0.69140625 0.4033203125 0.044921875 0.046875
0 0.767578125 0.4453125 0.05859375 0.05859375
0 0.826171875 0.4462890625 0.060546875 0.05859375
0 0.8974609375 0.3828125 0.044921875 0.05078125
0 0.9482421875 0.3505859375 0.048828125 0.0390625
0 0.712890625 0.333984375 0.044921875 0.044921875
0 0.796875 0.5625 0.04296875 0.044921875
0 0.833984375 0.572265625 0.048828125 0.0546875
0 0.8984375 0.58984375 0.060546875 0.046875
0 0.8798828125 0.529296875 0.04296875 0.0390625
0 0.9501953125 0.62890625 0.048828125 0.041015625
0 0.876953125 0.6513671875 0.052734375 0.048828125
0 0.5634765625 0.4140625 0.03515625 0.04296875