0 0.59375 0.6923828125 0.046875 0.046875
0 0.55078125 0.7685546875 0.060546875 0.060546875
0 0.548828125 0.8271484375 0.060546875 0.0625
0 0.6103515625 0.8994140625 0.052734375 0.046875
0 0.6416015625 0.9501953125 0.0390625 0.048828125
0 0.6630859375 0.7158203125 0.046875 0.046875
0 0.4326171875 0.7958984375 0.046875 0.044921875
0 0.421875 0.83203125 0.0546875 0.048828125
0 0.4033203125 0.896484375 0.046875 0.0625
0 0.46484375 0.8798828125 0.0390625 0.04296875
0 0.36328125 0.947265625 0.041015625 0.048828125
0 0.3427734375 0.8740234375 0.048828125 0.0546875
0 0.5849609375 0.5654296875 0.04296875 0.037109375