0 0.61328125 0.681640625 0.046875 0.046875
0 0.578125 0.76171875 0.060546875 0.060546875
0 0.58203125 0.8203125 0.060546875 0.0625
0 0.6513671875 0.8857421875 0.052734375 0.046875
0 0.6875 0.93359375 0.0390625 0.048828125
0 0.6845703125 0.697265625 0.046875 0.046875
0 0.4638671875 0.80078125 0.046875 0.044921875
0 0.45703125 0.8388671875 0.0546875 0.048828125
0 0.4453125 0.9052734375 0.046875 0.0625
0 0.50390625 0.880859375 0.0390625 0.04296875
0 0.41015625 0.958984375 0.041015625 0.048828125
0 0.3828125 0.888671875 0.048828125 0.0546875
0 0.5908203125 0.5556640625 0.04296875 0.037109375