0 0.302734375 0.4169921875 0.048828125 0.048828125
0 0.2294921875 0.4638671875 0.0625 0.0625
0 0.1708984375 0.46875 0.064453125 0.0625
0 0.0947265625 0.4111328125 0.048828125 0.0546875
0 0.04296875 0.3818359375 0.05078125 0.041015625
0 0.2763671875 0.3486328125 0.048828125 0.048828125
0 0.2080078125 0.5830078125 0.046875 0.048828125
0 0.171875 0.595703125 0.052734375 0.056640625
0 0.1083984375 0.6181640625 0.064453125 0.05078125
0 0.123046875 0.5556640625 0.044921875 0.041015625
0 0.060546875 0.66015625 0.05078125 0.04296875
0 0.134765625 0.6767578125 0.056640625 0.052734375
0 0.4306640625 0.4189453125 0.0390625 0.044921875