0 0.32421875 0.3779296875 0.048828125 0.048828125
0 0.2421875 0.408203125 0.0625 0.0625
0 0.1845703125 0.4013671875 0.064453125 0.0625
0 0.1220703125 0.3291015625 0.048828125 0.0546875
0 0.0771484375 0.2900390625 0.05078125 0.041015625
0 0.3125 0.3056640625 0.048828125 0.048828125
0 0.197265625 0.5205078125 0.046875 0.048828125
0 0.1591796875 0.525390625 0.052734375 0.056640625
0 0.0927734375 0.5341796875 0.064453125 0.05078125
0 0.119140625 0.4755859375 0.044921875 0.041015625
0 0.0361328125 0.5654296875 0.05078125 0.04296875
0 0.10546875 0.5966796875 0.056640625 0.052734375
0 0.44921875 0.40625 0.0390625 0.044921875