0 0.615234375 0.4072265625 0.029296875 0.02734375
0 0.654296875 0.44921875 0.025390625 0.025390625
0 0.677734375 0.4208984375 0.021484375 0.0234375
0 0.6826171875 0.470703125 0.021484375 0.015625
0 0.7177734375 0.474609375 0.021484375 0.021484375
0 0.7109375 0.484375 0.017578125 0.017578125
0 0.751953125 0.513671875 0.01953125 0.021484375
0 0.73828125 0.5693359375 0.017578125 0.017578125
0 0.7119140625 0.5771484375 0.01953125 0.021484375
0 0.6552734375 0.5908203125 0.0234375 0.017578125
0 0.736328125 0.32421875 0.025390625 0.0234375
0 0.6962890625 0.314453125 0.025390625 0.025390625
0 0.681640625 0.2958984375 0.01953125 0.021484375
0 0.712890625 0.2900390625 0.025390625 0.025390625
0 0.73828125 0.447265625 0.0234375 0.029296875