0 0.412109375 0.3818359375 0.02734375 0.029296875
0 0.455078125 0.3447265625 0.025390625 0.025390625
0 0.427734375 0.3193359375 0.0234375 0.021484375
0 0.4765625 0.31640625 0.015625 0.01953125
0 0.482421875 0.28125 0.021484375 0.021484375
0 0.4912109375 0.2880859375 0.017578125 0.015625
0 0.5224609375 0.248046875 0.021484375 0.01953125
0 0.5771484375 0.2646484375 0.017578125 0.015625
0 0.583984375 0.291015625 0.021484375 0.01953125
0 0.5966796875 0.3486328125 0.015625 0.0234375
0 0.33203125 0.2578125 0.021484375 0.0234375
0 0.3212890625 0.2978515625 0.025390625 0.025390625
0 0.3017578125 0.3115234375 0.021484375 0.01953125
0 0.2978515625 0.2802734375 0.025390625 0.025390625
0 0.4560546875 0.259765625 0.02734375 0.0234375