0 0.6201171875 0.4140625 0.029296875 0.02734375
0 0.65625 0.45703125 0.025390625 0.025390625
0 0.681640625 0.4306640625 0.021484375 0.0234375
0 0.68359375 0.4794921875 0.01953125 0.015625
0 0.7197265625 0.486328125 0.01953125 0.021484375
0 0.7119140625 0.4951171875 0.015625 0.017578125
0 0.7509765625 0.5263671875 0.017578125 0.021484375
0 0.734375 0.5810546875 0.015625 0.017578125
0 0.7080078125 0.587890625 0.017578125 0.021484375
0 0.650390625 0.5986328125 0.0234375 0.015625
0 0.7451171875 0.3369140625 0.0234375 0.021484375
0 0.7060546875 0.3251953125 0.025390625 0.025390625
0 0.69140625 0.3056640625 0.017578125 0.021484375
0 0.7236328125 0.3017578125 0.025390625 0.025390625
0 0.7412109375 0.4599609375 0.021484375 0.02734375