0 0.58203125 0.376953125 0.025390625 0.02734375
0 0.537109375 0.341796875 0.0234375 0.0234375
0 0.5625 0.3154296875 0.0234375 0.01953125
0 0.513671875 0.3154296875 0.015625 0.01953125
0 0.505859375 0.2802734375 0.021484375 0.01953125
0 0.4970703125 0.2880859375 0.017578125 0.015625
0 0.46484375 0.25 0.01953125 0.017578125
0 0.41015625 0.2685546875 0.017578125 0.015625
0 0.4052734375 0.2958984375 0.01953125 0.017578125
0 0.3955078125 0.353515625 0.015625 0.0234375
0 0.654296875 0.2490234375 0.021484375 0.0234375
0 0.66796875 0.2880859375 0.0234375 0.0234375
0 0.6875 0.3017578125 0.01953125 0.017578125
0 0.6904296875 0.26953125 0.0234375 0.0234375
0 0.53125 0.2578125 0.02734375 0.021484375