0 0.357421875 0.462890625 0.029296875 0.02734375
0 0.3388671875 0.5166015625 0.025390625 0.025390625
0 0.3056640625 0.5 0.021484375 0.0234375
0 0.3212890625 0.546875 0.021484375 0.015625
0 0.2900390625 0.5654296875 0.021484375 0.021484375
0 0.30078125 0.5712890625 0.017578125 0.017578125
0 0.2744140625 0.615234375 0.01953125 0.021484375
0 0.310546875 0.66015625 0.017578125 0.017578125
0 0.337890625 0.65625 0.01953125 0.021484375
0 0.3955078125 0.646484375 0.0234375 0.017578125
0 0.212890625 0.435546875 0.025390625 0.0234375
0 0.2451171875 0.41015625 0.025390625 0.025390625
0 0.2509765625 0.38671875 0.01953125 0.021484375
0 0.2197265625 0.39453125 0.025390625 0.025390625
0 0.2607421875 0.548828125 0.0234375 0.029296875