0 0.37890625 0.416015625 0.029296875 0.02734375
0 0.3427734375 0.4599609375 0.0234375 0.0234375
0 0.3173828125 0.43359375 0.01953125 0.0234375
0 0.31640625 0.4833984375 0.01953125 0.015625
0 0.2802734375 0.490234375 0.01953125 0.021484375
0 0.2880859375 0.4990234375 0.015625 0.017578125
0 0.2490234375 0.53125 0.017578125 0.021484375
0 0.2666015625 0.5859375 0.015625 0.017578125
0 0.2939453125 0.591796875 0.017578125 0.021484375
0 0.3515625 0.6015625 0.0234375 0.015625
0 0.251953125 0.3408203125 0.0234375 0.021484375
0 0.291015625 0.3291015625 0.0234375 0.0234375
0 0.3046875 0.30859375 0.017578125 0.021484375
0 0.2724609375 0.3056640625 0.0234375 0.0234375
0 0.2587890625 0.4638671875 0.021484375 0.02734375