0 0.5732421875 0.6279296875 0.025390625 0.02734375
0 0.5263671875 0.66015625 0.0234375 0.0234375
0 0.5498046875 0.6884765625 0.021484375 0.01953125
0 0.5009765625 0.6845703125 0.013671875 0.01953125
0 0.4912109375 0.7197265625 0.01953125 0.017578125
0 0.482421875 0.7109375 0.015625 0.013671875
0 0.447265625 0.7470703125 0.01953125 0.015625
0 0.39453125 0.724609375 0.015625 0.013671875
0 0.390625 0.697265625 0.01953125 0.015625
0 0.3857421875 0.638671875 0.013671875 0.021484375
0 0.63671875 0.7607421875 0.01953125 0.021484375
0 0.65234375 0.72265625 0.0234375 0.0234375
0 0.673828125 0.7109375 0.01953125 0.015625
0 0.673828125 0.7431640625 0.0234375 0.0234375
0 0.5146484375 0.744140625 0.025390625 0.01953125