0 0.6181640625 0.412109375 0.029296875 0.02734375
0 0.6552734375 0.455078125 0.025390625 0.025390625
0 0.6806640625 0.427734375 0.021484375 0.0234375
0 0.68359375 0.4765625 0.01953125 0.015625
0 0.71875 0.482421875 0.021484375 0.021484375
0 0.7119140625 0.4912109375 0.015625 0.017578125
0 0.751953125 0.5224609375 0.01953125 0.021484375
0 0.7353515625 0.5771484375 0.015625 0.017578125
0 0.708984375 0.583984375 0.01953125 0.021484375
0 0.6513671875 0.5966796875 0.0234375 0.015625
0 0.7421875 0.33203125 0.0234375 0.021484375
0 0.7021484375 0.3212890625 0.025390625 0.025390625
0 0.6884765625 0.3017578125 0.01953125 0.021484375
0 0.7197265625 0.2978515625 0.025390625 0.025390625
0 0.740234375 0.4560546875 0.0234375 0.02734375