0 0.5322265625 0.1943359375 0.03125 0.033203125
0 0.6533203125 0.20703125 0.037109375 0.037109375
0 0.537109375 0.248046875 0.037109375 0.0390625
0 0.611328125 0.25 0.037109375 0.037109375
0 0.4853515625 0.044921875 0.04296875 0.04296875
0 0.3662109375 0.0703125 0.05078125 0.048828125
0 0.384765625 0.1689453125 0.04296875 0.0390625
0 0.3603515625 0.224609375 0.037109375 0.0390625
0 0.4677734375 0.25 0.033203125 0.033203125
0 0.478515625 0.2783203125 0.03125 0.04296875
0 0.2412109375 0.3671875 0.046875 0.044921875
0 0.203125 0.2734375 0.0390625 0.044921875
0 0.1044921875 0.0810546875 0.041015625 0.056640625
0 0.3349609375 0.1767578125 0.0390625 0.033203125
0 0.5087890625 0.205078125 0.0390625 0.04296875
0 0.7373046875 0.8447265625 0.037109375 0.0390625
0 0.7060546875 0.8466796875 0.033203125 0.025390625
0 0.6787109375 0.8369140625 0.029296875 0.02734375
0 0.6572265625 0.830078125 0.02734375 0.033203125
0 0.5478515625 0.767578125 0.033203125 0.037109375
0 0.515625 0.7548828125 0.04296875 0.0390625
0 0.4912109375 0.8193359375 0.03125 0.0390625
0 0.4814453125 0.78515625 0.02734375 0.033203125
0 0.33203125 0.7705078125 0.033203125 0.033203125
0 0.3447265625 0.8173828125 0.029296875 0.0390625
0 0.298828125 0.78515625 0.029296875 0.029296875
0 0.2802734375 0.7646484375 0.0234375 0.029296875
0 0.263671875 0.7451171875 0.033203125 0.037109375
0 0.2666015625 0.7119140625 0.025390625 0.03515625
0 0.2705078125 0.94140625 0.03125 0.03515625
0 0.306640625 0.9580078125 0.029296875 0.03125
0 0.5771484375 0.8486328125 0.037109375 0.03515625
0 0.7734375 0.703125 0.0234375 0.03515625
0 0.4326171875 0.2138671875 0.029296875 0.037109375