0 0.478515625 0.193359375 0.033203125 0.033203125
0 0.3564453125 0.2021484375 0.037109375 0.037109375
0 0.4716796875 0.2470703125 0.037109375 0.041015625
0 0.3974609375 0.2470703125 0.037109375 0.037109375
0 0.5302734375 0.0458984375 0.044921875 0.044921875
0 0.6484375 0.076171875 0.05078125 0.048828125
0 0.626953125 0.173828125 0.044921875 0.041015625
0 0.6494140625 0.2294921875 0.037109375 0.041015625
0 0.541015625 0.2509765625 0.03515625 0.03515625
0 0.529296875 0.279296875 0.033203125 0.04296875
0 0.763671875 0.3759765625 0.048828125 0.044921875
0 0.8046875 0.283203125 0.041015625 0.044921875
0 0.91015625 0.095703125 0.04296875 0.05859375
0 0.67578125 0.1826171875 0.041015625 0.03515625
0 0.501953125 0.205078125 0.041015625 0.044921875
0 0.2509765625 0.8359375 0.037109375 0.0390625
0 0.28125 0.83984375 0.033203125 0.02734375
0 0.310546875 0.8310546875 0.03125 0.02734375
0 0.3310546875 0.82421875 0.029296875 0.033203125
0 0.4423828125 0.765625 0.03515625 0.037109375
0 0.4755859375 0.75390625 0.044921875 0.041015625
0 0.498046875 0.8203125 0.033203125 0.0390625
0 0.5078125 0.78515625 0.029296875 0.033203125
0 0.658203125 0.7763671875 0.03515625 0.03515625
0 0.6435546875 0.822265625 0.029296875 0.0390625
0 0.69140625 0.7919921875 0.03125 0.03125
0 0.7099609375 0.7724609375 0.0234375 0.03125
0 0.7275390625 0.75390625 0.03515625 0.037109375
0 0.7265625 0.7197265625 0.02734375 0.03515625
0 0.7138671875 0.94921875 0.03125 0.03515625
0 0.6767578125 0.96484375 0.029296875 0.03125
0 0.41015625 0.845703125 0.037109375 0.037109375
0 0.2197265625 0.693359375 0.025390625 0.037109375
0 0.5771484375 0.216796875 0.029296875 0.0390625