0 0.8076171875 0.5048828125 0.037109375 0.03515625
0 0.8095703125 0.3828125 0.041015625 0.041015625
0 0.7548828125 0.494140625 0.04296875 0.041015625
0 0.76171875 0.419921875 0.041015625 0.041015625
0 0.9501953125 0.5693359375 0.048828125 0.048828125
0 0.91015625 0.685546875 0.052734375 0.0546875
0 0.814453125 0.654296875 0.044921875 0.046875
0 0.755859375 0.671875 0.04296875 0.041015625
0 0.744140625 0.5625 0.037109375 0.037109375
0 0.7177734375 0.5478515625 0.044921875 0.03515625
0 0.6005859375 0.7734375 0.048828125 0.05078125
0 0.689453125 0.822265625 0.048828125 0.04296875
0 0.8671875 0.943359375 0.060546875 0.046875
0 0.80078125 0.703125 0.037109375 0.04296875
0 0.7939453125 0.52734375 0.046875 0.044921875
0 0.1865234375 0.22265625 0.041015625 0.041015625
0 0.1806640625 0.2529296875 0.029296875 0.03515625
0 0.1875 0.2822265625 0.03125 0.033203125
0 0.1923828125 0.3037109375 0.03515625 0.03125
0 0.240234375 0.419921875 0.0390625 0.037109375
0 0.2490234375 0.453125 0.044921875 0.046875
0 0.181640625 0.4697265625 0.04296875 0.03515625
0 0.21484375 0.4833984375 0.03515625 0.03125
0 0.2109375 0.6337890625 0.037109375 0.037109375
0 0.166015625 0.615234375 0.041015625 0.033203125
0 0.1923828125 0.6650390625 0.033203125 0.033203125
0 0.2099609375 0.685546875 0.03125 0.02734375
0 0.2275390625 0.705078125 0.0390625 0.037109375
0 0.2607421875 0.7060546875 0.037109375 0.029296875
0 0.033203125 0.673828125 0.03515625 0.033203125
0 0.021484375 0.6357421875 0.033203125 0.03125
0 0.1630859375 0.380859375 0.0390625 0.0390625
0 0.33203125 0.2041015625 0.037109375 0.02734375
0 0.775390625 0.6015625 0.041015625 0.033203125