0 0.7919921875 0.404296875 0.03515625 0.033203125
0 0.75390625 0.2890625 0.0390625 0.0390625
0 0.7392578125 0.4111328125 0.041015625 0.0390625
0 0.720703125 0.3388671875 0.0390625 0.0390625
0 0.9482421875 0.4189453125 0.046875 0.046875
0 0.947265625 0.5419921875 0.05078125 0.052734375
0 0.84765625 0.5439453125 0.04296875 0.044921875
0 0.7978515625 0.5791015625 0.041015625 0.0390625
0 0.751953125 0.4794921875 0.03515625 0.03515625
0 0.7216796875 0.474609375 0.044921875 0.033203125
0 0.68359375 0.7255859375 0.046875 0.048828125
0 0.783203125 0.7431640625 0.046875 0.041015625
0 0.9814453125 0.7998046875 0.037109375 0.044921875
0 0.8505859375 0.59375 0.03515625 0.041015625
0 0.787109375 0.4296875 0.044921875 0.04296875
0 0.11328125 0.3388671875 0.041015625 0.0390625
0 0.1181640625 0.3701171875 0.02734375 0.03515625
0 0.1328125 0.3955078125 0.029296875 0.03125
0 0.14453125 0.4150390625 0.03515625 0.029296875
0 0.228515625 0.5087890625 0.0390625 0.03515625
0 0.248046875 0.537109375 0.04296875 0.044921875
0 0.189453125 0.5751953125 0.041015625 0.033203125
0 0.224609375 0.5771484375 0.03515625 0.029296875
0 0.2705078125 0.720703125 0.03515625 0.03515625
0 0.2216796875 0.7177734375 0.041015625 0.03125
0 0.2626953125 0.755859375 0.03125 0.03125
0 0.2861328125 0.76953125 0.03125 0.025390625
0 0.30859375 0.7822265625 0.0390625 0.03515625
0 0.3408203125 0.7724609375 0.037109375 0.02734375
0 0.115234375 0.81640625 0.03515625 0.033203125
0 0.091796875 0.7841796875 0.033203125 0.029296875
0 0.142578125 0.4970703125 0.037109375 0.0390625
0 0.244140625 0.2744140625 0.037109375 0.025390625
0 0.7939453125 0.505859375 0.0390625 0.03125