0 0.7939453125 0.41015625 0.03515625 0.033203125
0 0.7578125 0.29296875 0.0390625 0.0390625
0 0.740234375 0.4150390625 0.041015625 0.0390625
0 0.7236328125 0.3427734375 0.0390625 0.0390625
0 0.94921875 0.4267578125 0.044921875 0.044921875
0 0.947265625 0.5498046875 0.05078125 0.052734375
0 0.8466796875 0.5498046875 0.041015625 0.044921875
0 0.796875 0.5849609375 0.041015625 0.0390625
0 0.751953125 0.4833984375 0.03515625 0.03515625
0 0.7216796875 0.478515625 0.044921875 0.033203125
0 0.6796875 0.728515625 0.046875 0.048828125
0 0.779296875 0.748046875 0.046875 0.041015625
0 0.978515625 0.80859375 0.04296875 0.04296875
0 0.8486328125 0.599609375 0.03515625 0.041015625
0 0.7880859375 0.435546875 0.044921875 0.041015625
0 0.1162109375 0.3330078125 0.0390625 0.0390625
0 0.1201171875 0.36328125 0.02734375 0.033203125
0 0.134765625 0.3896484375 0.029296875 0.03125
0 0.146484375 0.408203125 0.033203125 0.029296875
0 0.2275390625 0.50390625 0.037109375 0.03515625
0 0.2470703125 0.533203125 0.041015625 0.044921875
0 0.1875 0.5693359375 0.041015625 0.033203125
0 0.2236328125 0.572265625 0.033203125 0.029296875
0 0.2666015625 0.716796875 0.03515625 0.03515625
0 0.2177734375 0.712890625 0.041015625 0.03125
0 0.2587890625 0.751953125 0.03125 0.03125
0 0.2822265625 0.765625 0.03125 0.025390625
0 0.3037109375 0.779296875 0.037109375 0.03515625
0 0.3359375 0.76953125 0.03515625 0.02734375
0 0.1103515625 0.8095703125 0.03515625 0.03125
0 0.0869140625 0.77734375 0.033203125 0.029296875
0 0.142578125 0.4912109375 0.037109375 0.037109375
0 0.248046875 0.2705078125 0.037109375 0.025390625
0 0.7939453125 0.5107421875 0.0390625 0.03125