0 0.8076171875 0.5107421875 0.037109375 0.03515625
0 0.8115234375 0.388671875 0.041015625 0.041015625
0 0.7548828125 0.498046875 0.04296875 0.041015625
0 0.7626953125 0.423828125 0.041015625 0.041015625
0 0.94921875 0.5771484375 0.048828125 0.048828125
0 0.90625 0.6923828125 0.052734375 0.0546875
0 0.8115234375 0.66015625 0.044921875 0.046875
0 0.7529296875 0.6767578125 0.04296875 0.041015625
0 0.7431640625 0.56640625 0.037109375 0.037109375
0 0.716796875 0.5517578125 0.046875 0.037109375
0 0.595703125 0.7744140625 0.048828125 0.05078125
0 0.68359375 0.8251953125 0.048828125 0.044921875
0 0.859375 0.9501953125 0.060546875 0.046875
0 0.796875 0.7080078125 0.0390625 0.04296875
0 0.7939453125 0.5322265625 0.046875 0.044921875
0 0.19140625 0.216796875 0.04296875 0.041015625
0 0.185546875 0.2470703125 0.029296875 0.03515625
0 0.19140625 0.2763671875 0.03125 0.033203125
0 0.1953125 0.298828125 0.03515625 0.03125
0 0.2412109375 0.4150390625 0.0390625 0.037109375
0 0.25 0.44921875 0.044921875 0.046875
0 0.181640625 0.46484375 0.04296875 0.037109375
0 0.21484375 0.478515625 0.03515625 0.03125
0 0.208984375 0.62890625 0.037109375 0.037109375
0 0.1640625 0.609375 0.041015625 0.033203125
0 0.189453125 0.6591796875 0.033203125 0.033203125
0 0.20703125 0.6806640625 0.03125 0.02734375
0 0.2236328125 0.7001953125 0.0390625 0.037109375
0 0.2578125 0.7021484375 0.037109375 0.029296875
0 0.0302734375 0.666015625 0.037109375 0.03515625
0 0.01953125 0.6279296875 0.033203125 0.03125
0 0.1650390625 0.375 0.0390625 0.041015625
0 0.3369140625 0.201171875 0.037109375 0.02734375
0 0.7744140625 0.6064453125 0.041015625 0.033203125