0 0.4521484375 0.50390625 0.048828125 0.041015625
0 0.5966796875 0.474609375 0.044921875 0.03515625
0 0.578125 0.3623046875 0.05078125 0.04296875
0 0.4404296875 0.3916015625 0.05078125 0.0390625
0 0.876953125 0.412109375 0.037109375 0.03515625
0 0.9853515625 0.4384765625 0.025390625 0.033203125
0 0.1513671875 0.5419921875 0.041015625 0.041015625
0 0.205078125 0.5400390625 0.037109375 0.029296875
0 0.154296875 0.5849609375 0.041015625 0.0390625
0 0.146484375 0.4775390625 0.037109375 0.033203125
0 0.142578125 0.4287109375 0.03515625 0.033203125
0 0.0576171875 0.5048828125 0.037109375 0.03515625
0 0.1748046875 0.68359375 0.041015625 0.033203125
0 0.1748046875 0.6552734375 0.03515625 0.03125