0 0.5048828125 0.4521484375 0.0390625 0.044921875
0 0.5087890625 0.599609375 0.033203125 0.04296875
0 0.6220703125 0.6015625 0.0390625 0.048828125
0 0.6171875 0.4599609375 0.037109375 0.048828125
0 0.5205078125 0.88671875 0.033203125 0.03515625
0 0.4765625 0.98828125 0.033203125 0.0234375
0 0.51953125 0.1494140625 0.0390625 0.0390625
0 0.51171875 0.2021484375 0.02734375 0.03515625
0 0.4765625 0.14453125 0.03515625 0.0390625
0 0.583984375 0.15625 0.029296875 0.03515625
0 0.6318359375 0.1611328125 0.03125 0.033203125
0 0.5712890625 0.0634765625 0.033203125 0.03515625
0 0.3759765625 0.1484375 0.03125 0.0390625
0 0.4033203125 0.15234375 0.029296875 0.033203125