0 0.5478515625 0.5048828125 0.048828125 0.041015625
0 0.404296875 0.47265625 0.044921875 0.037109375
0 0.423828125 0.361328125 0.05078125 0.04296875
0 0.5615234375 0.392578125 0.05078125 0.041015625
0 0.125 0.40625 0.0390625 0.03515625
0 0.015625 0.4296875 0.025390625 0.033203125
0 0.8486328125 0.5478515625 0.041015625 0.041015625
0 0.7939453125 0.544921875 0.037109375 0.029296875
0 0.84375 0.5908203125 0.041015625 0.0390625
0 0.853515625 0.4833984375 0.037109375 0.033203125
0 0.8583984375 0.4345703125 0.03515625 0.033203125
0 0.9423828125 0.5126953125 0.0390625 0.03515625
0 0.8212890625 0.689453125 0.041015625 0.033203125
0 0.822265625 0.6611328125 0.03515625 0.033203125