0 0.6884765625 0.2744140625 0.033203125 0.033203125
0 0.5576171875 0.1962890625 0.0390625 0.03125
0 0.6328125 0.58984375 0.041015625 0.037109375
0 0.7314453125 0.595703125 0.03515625 0.029296875
0 0.75390625 0.556640625 0.044921875 0.03125
0 0.787109375 0.6025390625 0.021484375 0.025390625
0 0.80859375 0.6298828125 0.03515625 0.03125
0 0.90625 0.7548828125 0.0390625 0.037109375
0 0.677734375 0.7958984375 0.041015625 0.037109375
0 0.7509765625 0.7978515625 0.03515625 0.033203125
0 0.6142578125 0.8359375 0.044921875 0.03515625
0 0.5810546875 0.7197265625 0.03515625 0.03515625
0 0.6259765625 0.685546875 0.033203125 0.03125
0 0.7451171875 0.6572265625 0.033203125 0.033203125
0 0.2265625 0.658203125 0.03125 0.029296875
0 0.2724609375 0.6708984375 0.03125 0.0234375
0 0.3076171875 0.6748046875 0.033203125 0.029296875
0 0.412109375 0.634765625 0.037109375 0.03515625
0 0.4921875 0.724609375 0.03125 0.03515625
0 0.5478515625 0.7158203125 0.03515625 0.029296875
0 0.2333984375 0.88671875 0.04296875 0.041015625
0 0.1748046875 0.84375 0.046875 0.03515625
0 0.158203125 0.78125 0.03125 0.02734375
0 0.396484375 0.845703125 0.03515625 0.029296875
0 0.2998046875 0.8583984375 0.029296875 0.025390625
0 0.3095703125 0.8798828125 0.033203125 0.03515625