0 0.26171875 0.3271484375 0.033203125 0.033203125
0 0.193359375 0.4638671875 0.033203125 0.041015625
0 0.580078125 0.361328125 0.0390625 0.04296875
0 0.5791015625 0.26171875 0.03125 0.037109375
0 0.5390625 0.2421875 0.033203125 0.044921875
0 0.5830078125 0.2060546875 0.02734375 0.0234375
0 0.6083984375 0.18359375 0.033203125 0.037109375
0 0.7255859375 0.0771484375 0.0390625 0.041015625
0 0.783203125 0.302734375 0.0390625 0.04296875
0 0.779296875 0.2294921875 0.03515625 0.037109375
0 0.8271484375 0.3623046875 0.037109375 0.046875
0 0.712890625 0.4033203125 0.037109375 0.037109375
0 0.6767578125 0.361328125 0.033203125 0.03515625
0 0.6396484375 0.244140625 0.033203125 0.033203125
0 0.6767578125 0.76171875 0.03125 0.033203125
0 0.685546875 0.71484375 0.025390625 0.03125
0 0.6875 0.6796875 0.03125 0.03515625
0 0.640625 0.578125 0.037109375 0.0390625
0 0.724609375 0.4921875 0.037109375 0.033203125
0 0.7119140625 0.4375 0.03125 0.037109375
0 0.904296875 0.7392578125 0.04296875 0.044921875
0 0.8662109375 0.80078125 0.037109375 0.048828125
0 0.8046875 0.8212890625 0.029296875 0.033203125
0 0.8515625 0.5791015625 0.03125 0.037109375
0 0.87109375 0.6748046875 0.02734375 0.029296875
0 0.892578125 0.6640625 0.037109375 0.03515625