0 0.3525390625 0.2451171875 0.033203125 0.033203125
0 0.234375 0.341796875 0.03125 0.041015625
0 0.6298828125 0.40625 0.037109375 0.041015625
0 0.6689453125 0.3154296875 0.03125 0.03515625
0 0.640625 0.2802734375 0.033203125 0.044921875
0 0.6953125 0.265625 0.02734375 0.0234375
0 0.7275390625 0.2548828125 0.03125 0.03515625
0 0.87890625 0.205078125 0.037109375 0.0390625
0 0.8388671875 0.4345703125 0.037109375 0.04296875
0 0.865234375 0.3662109375 0.033203125 0.03515625
0 0.8544921875 0.5068359375 0.037109375 0.044921875
0 0.734375 0.4990234375 0.037109375 0.037109375
0 0.7177734375 0.4443359375 0.03125 0.033203125
0 0.7314453125 0.3232421875 0.033203125 0.033203125
0 0.5546875 0.8115234375 0.03125 0.033203125
0 0.58203125 0.771484375 0.0234375 0.03125
0 0.5986328125 0.7412109375 0.03125 0.033203125
0 0.5966796875 0.6279296875 0.037109375 0.0390625
0 0.7080078125 0.583984375 0.03515625 0.03125
0 0.7197265625 0.5283203125 0.03125 0.03515625
0 0.771484375 0.8828125 0.04296875 0.04296875
0 0.7119140625 0.9228515625 0.037109375 0.048828125
0 0.6474609375 0.91796875 0.029296875 0.033203125
0 0.7890625 0.7158203125 0.03125 0.03515625
0 0.767578125 0.810546875 0.025390625 0.029296875
0 0.7919921875 0.8095703125 0.03515625 0.033203125