0 0.259765625 0.3310546875 0.03125 0.03125
0 0.365234375 0.2216796875 0.0390625 0.029296875
0 0.39453125 0.62109375 0.0390625 0.03515625
0 0.30078125 0.65234375 0.033203125 0.029296875
0 0.26953125 0.6201171875 0.04296875 0.029296875
0 0.2490234375 0.673828125 0.021484375 0.025390625
0 0.236328125 0.705078125 0.033203125 0.029296875
0 0.173828125 0.8515625 0.037109375 0.03515625
0 0.4052734375 0.83203125 0.041015625 0.03515625
0 0.3349609375 0.8525390625 0.033203125 0.03125
0 0.4765625 0.8544921875 0.04296875 0.033203125
0 0.478515625 0.7333984375 0.03515625 0.03515625
0 0.42578125 0.7119140625 0.03125 0.029296875
0 0.3037109375 0.71484375 0.03125 0.03125
0 0.8046875 0.58203125 0.03125 0.02734375
0 0.763671875 0.60546875 0.029296875 0.021484375
0 0.7314453125 0.619140625 0.03125 0.02734375
0 0.619140625 0.607421875 0.037109375 0.03515625
0 0.5654296875 0.71484375 0.029296875 0.033203125
0 0.509765625 0.720703125 0.033203125 0.029296875
0 0.8583984375 0.8037109375 0.041015625 0.0390625
0 0.9033203125 0.748046875 0.046875 0.033203125
0 0.9033203125 0.68359375 0.03125 0.025390625
0 0.689453125 0.806640625 0.033203125 0.029296875
0 0.7861328125 0.7939453125 0.02734375 0.0234375
0 0.783203125 0.818359375 0.03125 0.033203125