0 0.7158203125 0.2998046875 0.03125 0.03125
0 0.80078125 0.4267578125 0.029296875 0.0390625
0 0.4033203125 0.3720703125 0.03515625 0.0390625
0 0.392578125 0.2734375 0.029296875 0.033203125
0 0.4296875 0.2490234375 0.029296875 0.04296875
0 0.3818359375 0.21875 0.025390625 0.021484375
0 0.353515625 0.19921875 0.029296875 0.033203125
0 0.2236328125 0.107421875 0.03515625 0.037109375
0 0.1953125 0.337890625 0.03515625 0.041015625
0 0.189453125 0.2646484375 0.03125 0.033203125
0 0.158203125 0.4033203125 0.033203125 0.04296875
0 0.2763671875 0.4306640625 0.03515625 0.03515625
0 0.3076171875 0.3837890625 0.029296875 0.03125
0 0.330078125 0.263671875 0.03125 0.03125
0 0.3564453125 0.78125 0.02734375 0.03125
0 0.341796875 0.7353515625 0.021484375 0.029296875
0 0.3349609375 0.7021484375 0.02734375 0.03125
0 0.3701171875 0.5947265625 0.03515625 0.037109375
0 0.2763671875 0.51953125 0.033203125 0.029296875
0 0.2822265625 0.462890625 0.029296875 0.033203125
0 0.1279296875 0.787109375 0.0390625 0.041015625
0 0.1728515625 0.8427734375 0.033203125 0.046875
0 0.236328125 0.8564453125 0.025390625 0.03125
0 0.16015625 0.62109375 0.029296875 0.033203125
0 0.1533203125 0.71875 0.0234375 0.02734375
0 0.1298828125 0.7109375 0.033203125 0.03125