0 0.7080078125 0.2919921875 0.029296875 0.029296875
0 0.7978515625 0.416015625 0.02734375 0.037109375
0 0.3994140625 0.375 0.033203125 0.0390625
0 0.384765625 0.27734375 0.02734375 0.033203125
0 0.421875 0.251953125 0.02734375 0.04296875
0 0.3720703125 0.22265625 0.025390625 0.01953125
0 0.34375 0.2041015625 0.029296875 0.033203125
0 0.2109375 0.1171875 0.033203125 0.037109375
0 0.189453125 0.3486328125 0.033203125 0.0390625
0 0.181640625 0.2763671875 0.03125 0.033203125
0 0.1552734375 0.4150390625 0.03125 0.04296875
0 0.2744140625 0.4384765625 0.033203125 0.033203125
0 0.3037109375 0.390625 0.029296875 0.03125
0 0.322265625 0.26953125 0.029296875 0.029296875
0 0.3662109375 0.7861328125 0.02734375 0.029296875
0 0.349609375 0.7412109375 0.01953125 0.029296875
0 0.3427734375 0.70703125 0.02734375 0.03125
0 0.3740234375 0.5986328125 0.033203125 0.03515625
0 0.2763671875 0.52734375 0.033203125 0.029296875
0 0.28125 0.470703125 0.02734375 0.033203125
0 0.138671875 0.7998046875 0.0390625 0.0390625
0 0.185546875 0.853515625 0.03125 0.044921875
0 0.2490234375 0.865234375 0.025390625 0.029296875
0 0.1650390625 0.6328125 0.02734375 0.033203125
0 0.1611328125 0.73046875 0.0234375 0.02734375
0 0.1376953125 0.7236328125 0.033203125 0.03125