0 0.7080078125 0.2919921875 0.029296875 0.029296875
0 0.583984375 0.2021484375 0.037109375 0.02734375
0 0.625 0.6005859375 0.0390625 0.033203125
0 0.72265625 0.615234375 0.033203125 0.02734375
0 0.748046875 0.578125 0.04296875 0.02734375
0 0.77734375 0.6279296875 0.01953125 0.025390625
0 0.7958984375 0.65625 0.033203125 0.029296875
0 0.8828125 0.7890625 0.037109375 0.033203125
0 0.6513671875 0.810546875 0.0390625 0.033203125
0 0.7236328125 0.818359375 0.033203125 0.03125
0 0.5849609375 0.8447265625 0.04296875 0.03125
0 0.5615234375 0.7255859375 0.033203125 0.033203125
0 0.609375 0.6962890625 0.03125 0.029296875
0 0.73046875 0.677734375 0.029296875 0.029296875
0 0.2138671875 0.6337890625 0.029296875 0.02734375
0 0.2587890625 0.650390625 0.029296875 0.01953125
0 0.29296875 0.6572265625 0.03125 0.02734375
0 0.4013671875 0.6259765625 0.03515625 0.033203125
0 0.47265625 0.7236328125 0.029296875 0.033203125
0 0.529296875 0.71875 0.033203125 0.02734375
0 0.2001953125 0.861328125 0.0390625 0.0390625
0 0.146484375 0.814453125 0.044921875 0.03125
0 0.134765625 0.7509765625 0.029296875 0.025390625
0 0.3671875 0.8349609375 0.033203125 0.02734375
0 0.26953125 0.8388671875 0.02734375 0.0234375
0 0.2763671875 0.8623046875 0.03125 0.033203125