0 0.7373046875 0.3271484375 0.03125 0.03125
0 0.6298828125 0.21875 0.0390625 0.029296875
0 0.607421875 0.619140625 0.0390625 0.03515625
0 0.701171875 0.6494140625 0.033203125 0.02734375
0 0.7333984375 0.6162109375 0.04296875 0.029296875
0 0.75390625 0.6689453125 0.021484375 0.025390625
0 0.767578125 0.701171875 0.033203125 0.029296875
0 0.83203125 0.845703125 0.037109375 0.033203125
0 0.6005859375 0.830078125 0.0390625 0.03515625
0 0.6708984375 0.849609375 0.033203125 0.03125
0 0.5302734375 0.853515625 0.04296875 0.033203125
0 0.525390625 0.732421875 0.033203125 0.033203125
0 0.5771484375 0.7109375 0.03125 0.029296875
0 0.7001953125 0.7119140625 0.03125 0.03125
0 0.1962890625 0.5869140625 0.03125 0.02734375
0 0.23828125 0.6103515625 0.029296875 0.021484375
0 0.2705078125 0.623046875 0.03125 0.02734375
0 0.3828125 0.609375 0.03515625 0.033203125
0 0.4375 0.7158203125 0.029296875 0.033203125
0 0.494140625 0.720703125 0.033203125 0.02734375
0 0.1474609375 0.810546875 0.041015625 0.0390625
0 0.1015625 0.7548828125 0.046875 0.03125
0 0.099609375 0.6904296875 0.029296875 0.025390625
0 0.31640625 0.810546875 0.033203125 0.02734375
0 0.21875 0.798828125 0.02734375 0.0234375
0 0.22265625 0.8232421875 0.03125 0.033203125