0 0.5927734375 0.3681640625 0.037109375 0.03515625
0 0.513671875 0.35546875 0.033203125 0.03125
0 0.3662109375 0.2919921875 0.02734375 0.02734375
0 0.3515625 0.271484375 0.03125 0.025390625
0 0.3134765625 0.2646484375 0.03125 0.025390625
0 0.267578125 0.2568359375 0.0390625 0.03515625
0 0.2265625 0.28125 0.037109375 0.02734375
0 0.2451171875 0.3369140625 0.03125 0.03515625
0 0.2412109375 0.40234375 0.029296875 0.02734375
0 0.1435546875 0.4580078125 0.03515625 0.025390625
0 0.1318359375 0.4951171875 0.025390625 0.0234375
0 0.0927734375 0.431640625 0.033203125 0.02734375
0 0.130859375 0.3798828125 0.03515625 0.037109375
0 0.1181640625 0.3271484375 0.03125 0.033203125
0 0.1162109375 0.29296875 0.044921875 0.037109375
0 0.173828125 0.259765625 0.041015625 0.041015625
0 0.3818359375 0.2138671875 0.037109375 0.03125
0 0.3974609375 0.267578125 0.037109375 0.03125
0 0.3154296875 0.15234375 0.03515625 0.033203125
0 0.40234375 0.82421875 0.025390625 0.02734375
0 0.46484375 0.8076171875 0.0390625 0.029296875
0 0.3828125 0.826171875 0.025390625 0.025390625
0 0.2333984375 0.8271484375 0.03515625 0.02734375
0 0.1865234375 0.8330078125 0.0390625 0.033203125
0 0.4453125 0.6875 0.041015625 0.029296875
0 0.759765625 0.244140625 0.03125 0.029296875
0 0.7080078125 0.2451171875 0.03515625 0.033203125
0 0.6533203125 0.1669921875 0.037109375 0.0390625