0 0.4130859375 0.3642578125 0.033203125 0.03515625
0 0.37109375 0.43359375 0.029296875 0.03125
0 0.2568359375 0.546875 0.02734375 0.02734375
0 0.232421875 0.552734375 0.0234375 0.03125
0 0.2119140625 0.5849609375 0.0234375 0.03125
0 0.1875 0.625 0.033203125 0.0390625
0 0.1953125 0.6708984375 0.025390625 0.037109375
0 0.25390625 0.67578125 0.033203125 0.029296875
0 0.3125 0.7041015625 0.025390625 0.029296875
0 0.3271484375 0.814453125 0.0234375 0.033203125
0 0.357421875 0.8388671875 0.021484375 0.0234375
0 0.2841796875 0.8525390625 0.025390625 0.033203125
0 0.25 0.7978515625 0.03515625 0.033203125
0 0.197265625 0.7890625 0.03125 0.029296875
0 0.1640625 0.7783203125 0.033203125 0.04296875
0 0.1552734375 0.7119140625 0.0390625 0.0390625
0 0.1904296875 0.501953125 0.029296875 0.03515625
0 0.2451171875 0.5078125 0.029296875 0.03515625
0 0.109375 0.541015625 0.03125 0.033203125
0 0.763671875 0.7119140625 0.025390625 0.0234375
0 0.7724609375 0.6474609375 0.02734375 0.037109375
0 0.7578125 0.73046875 0.025390625 0.025390625
0 0.703125 0.869140625 0.025390625 0.03515625
0 0.69140625 0.9150390625 0.03125 0.037109375
0 0.6533203125 0.62109375 0.02734375 0.0390625
0 0.3603515625 0.1630859375 0.02734375 0.029296875
0 0.341796875 0.2119140625 0.03125 0.033203125
0 0.2490234375 0.232421875 0.0390625 0.03515625