0 0.4248046875 0.357421875 0.03515625 0.037109375
0 0.3779296875 0.421875 0.03125 0.033203125
0 0.25390625 0.525390625 0.029296875 0.029296875
0 0.2294921875 0.529296875 0.025390625 0.03125
0 0.205078125 0.5595703125 0.025390625 0.03125
0 0.177734375 0.5966796875 0.03515625 0.0390625
0 0.181640625 0.6435546875 0.02734375 0.0390625
0 0.2392578125 0.6533203125 0.03515625 0.03125
0 0.2958984375 0.6865234375 0.02734375 0.029296875
0 0.30078125 0.798828125 0.025390625 0.03515625
0 0.328125 0.8251953125 0.0234375 0.025390625
0 0.25390625 0.83203125 0.02734375 0.033203125
0 0.2255859375 0.7744140625 0.037109375 0.03515625
0 0.1728515625 0.76171875 0.033203125 0.03125
0 0.1416015625 0.748046875 0.037109375 0.044921875
0 0.1376953125 0.681640625 0.041015625 0.041015625
0 0.19140625 0.4755859375 0.03125 0.037109375
0 0.24609375 0.486328125 0.03125 0.037109375
0 0.1064453125 0.5068359375 0.033203125 0.03515625
0 0.744140625 0.734375 0.02734375 0.025390625
0 0.7578125 0.6708984375 0.029296875 0.0390625
0 0.7373046875 0.751953125 0.025390625 0.025390625
0 0.6708984375 0.8857421875 0.029296875 0.03515625
0 0.654296875 0.9296875 0.033203125 0.0390625
0 0.6416015625 0.6337890625 0.029296875 0.041015625
0 0.390625 0.15234375 0.029296875 0.03125
0 0.3671875 0.19921875 0.033203125 0.03515625
0 0.2724609375 0.2119140625 0.041015625 0.037109375