0 0.3994140625 0.3740234375 0.029296875 0.033203125
0 0.365234375 0.447265625 0.02734375 0.029296875
0 0.263671875 0.5712890625 0.025390625 0.025390625
0 0.2392578125 0.580078125 0.01953125 0.029296875
0 0.2216796875 0.6142578125 0.01953125 0.029296875
0 0.2021484375 0.65625 0.029296875 0.03515625
0 0.21484375 0.7021484375 0.021484375 0.03515625
0 0.2734375 0.7001953125 0.03125 0.02734375
0 0.3349609375 0.7216796875 0.0234375 0.02734375
0 0.361328125 0.8310546875 0.01953125 0.03125
0 0.3935546875 0.8525390625 0.01953125 0.021484375
0 0.322265625 0.873046875 0.0234375 0.03125
0 0.2822265625 0.822265625 0.033203125 0.029296875
0 0.2294921875 0.8193359375 0.029296875 0.02734375
0 0.1953125 0.8115234375 0.03125 0.041015625
0 0.1787109375 0.7470703125 0.03515625 0.03515625
0 0.1923828125 0.53515625 0.02734375 0.033203125
0 0.248046875 0.53515625 0.02734375 0.033203125
0 0.115234375 0.5810546875 0.02734375 0.03125
0 0.78515625 0.68359375 0.025390625 0.021484375
0 0.7861328125 0.619140625 0.0234375 0.03515625
0 0.78125 0.7021484375 0.0234375 0.0234375
0 0.7412109375 0.845703125 0.0234375 0.033203125
0 0.7333984375 0.892578125 0.02734375 0.03515625
0 0.6650390625 0.6044921875 0.0234375 0.0390625
0 0.326171875 0.1796875 0.025390625 0.02734375
0 0.3125 0.23046875 0.02734375 0.03125
0 0.2216796875 0.2607421875 0.03515625 0.03125