0 0.400390625 0.373046875 0.03515625 0.033203125
0 0.478515625 0.3564453125 0.033203125 0.029296875
0 0.623046875 0.2861328125 0.02734375 0.02734375
0 0.63671875 0.2646484375 0.03125 0.0234375
0 0.673828125 0.2548828125 0.03125 0.0234375
0 0.7197265625 0.2451171875 0.0390625 0.033203125
0 0.7607421875 0.267578125 0.037109375 0.025390625
0 0.74609375 0.32421875 0.029296875 0.033203125
0 0.75390625 0.388671875 0.029296875 0.025390625
0 0.853515625 0.439453125 0.033203125 0.0234375
0 0.8671875 0.4755859375 0.0234375 0.021484375
0 0.9033203125 0.41015625 0.033203125 0.025390625
0 0.8623046875 0.3603515625 0.033203125 0.03515625
0 0.8720703125 0.3076171875 0.029296875 0.033203125
0 0.8720703125 0.2734375 0.04296875 0.03515625
0 0.8134765625 0.2431640625 0.0390625 0.0390625
0 0.603515625 0.2080078125 0.03515625 0.03125
0 0.5908203125 0.26171875 0.03515625 0.03125
0 0.666015625 0.1435546875 0.033203125 0.03125
0 0.6142578125 0.818359375 0.0234375 0.02734375
0 0.55078125 0.8056640625 0.037109375 0.02734375
0 0.6337890625 0.8193359375 0.025390625 0.025390625
0 0.783203125 0.8125 0.03515625 0.02734375
0 0.830078125 0.81640625 0.0390625 0.03125
0 0.564453125 0.68359375 0.041015625 0.02734375
0 0.2275390625 0.2587890625 0.029296875 0.02734375
0 0.279296875 0.2568359375 0.033203125 0.03125
0 0.3291015625 0.17578125 0.03515625 0.0390625