0 0.396484375 0.376953125 0.03515625 0.033203125
0 0.4736328125 0.357421875 0.03125 0.029296875
0 0.615234375 0.28125 0.02734375 0.02734375
0 0.62890625 0.259765625 0.03125 0.021484375
0 0.6650390625 0.2490234375 0.03125 0.021484375
0 0.7099609375 0.2373046875 0.037109375 0.033203125
0 0.7529296875 0.2587890625 0.037109375 0.025390625
0 0.740234375 0.3154296875 0.029296875 0.033203125
0 0.75 0.3798828125 0.02734375 0.025390625
0 0.8515625 0.4267578125 0.033203125 0.0234375
0 0.8662109375 0.462890625 0.0234375 0.021484375
0 0.900390625 0.396484375 0.03125 0.025390625
0 0.857421875 0.34765625 0.033203125 0.03515625
0 0.865234375 0.294921875 0.029296875 0.03125
0 0.8642578125 0.259765625 0.04296875 0.033203125
0 0.8037109375 0.232421875 0.0390625 0.0390625
0 0.5927734375 0.2041015625 0.03515625 0.029296875
0 0.58203125 0.2587890625 0.03515625 0.029296875
0 0.6533203125 0.1376953125 0.033203125 0.029296875
0 0.625 0.814453125 0.0234375 0.025390625
0 0.5615234375 0.8037109375 0.037109375 0.025390625
0 0.6455078125 0.814453125 0.0234375 0.0234375
0 0.7939453125 0.802734375 0.033203125 0.025390625
0 0.8408203125 0.8046875 0.037109375 0.03125
0 0.5712890625 0.681640625 0.0390625 0.02734375
0 0.21875 0.2685546875 0.029296875 0.02734375
0 0.2705078125 0.2646484375 0.033203125 0.029296875
0 0.318359375 0.181640625 0.033203125 0.037109375