0 0.6298828125 0.4052734375 0.03515625 0.037109375
0 0.64453125 0.4833984375 0.03125 0.033203125
0 0.7099609375 0.630859375 0.02734375 0.02734375
0 0.73046875 0.64453125 0.0234375 0.03125
0 0.73828125 0.6826171875 0.0234375 0.03125
0 0.7470703125 0.728515625 0.03515625 0.0390625
0 0.7236328125 0.76953125 0.02734375 0.037109375
0 0.6669921875 0.751953125 0.033203125 0.03125
0 0.6025390625 0.7568359375 0.025390625 0.029296875
0 0.5478515625 0.85546875 0.025390625 0.03515625
0 0.51171875 0.8681640625 0.0234375 0.025390625
0 0.5751953125 0.90625 0.02734375 0.033203125
0 0.626953125 0.8671875 0.037109375 0.03515625
0 0.6787109375 0.87890625 0.033203125 0.03125
0 0.7138671875 0.8798828125 0.03515625 0.044921875
0 0.74609375 0.822265625 0.041015625 0.041015625
0 0.7880859375 0.61328125 0.03125 0.03515625
0 0.734375 0.5986328125 0.03125 0.03515625
0 0.8505859375 0.6787109375 0.03125 0.033203125
0 0.177734375 0.603515625 0.02734375 0.025390625
0 0.1923828125 0.541015625 0.02734375 0.037109375
0 0.1767578125 0.623046875 0.025390625 0.025390625
0 0.177734375 0.771484375 0.02734375 0.03515625
0 0.1728515625 0.818359375 0.033203125 0.0390625
0 0.3134765625 0.55859375 0.029296875 0.041015625
0 0.7509765625 0.2353515625 0.029296875 0.03125
0 0.7509765625 0.2880859375 0.03125 0.033203125
0 0.830078125 0.3408203125 0.0390625 0.03515625