0 0.3681640625 0.4072265625 0.03515625 0.037109375
0 0.35546875 0.486328125 0.03125 0.033203125
0 0.2919921875 0.6337890625 0.02734375 0.02734375
0 0.271484375 0.6484375 0.025390625 0.03125
0 0.2646484375 0.6865234375 0.025390625 0.03125
0 0.2568359375 0.732421875 0.03515625 0.0390625
0 0.28125 0.7734375 0.02734375 0.037109375
0 0.3369140625 0.7548828125 0.03515625 0.03125
0 0.40234375 0.7587890625 0.02734375 0.029296875
0 0.4580078125 0.8564453125 0.025390625 0.03515625
0 0.4951171875 0.8681640625 0.0234375 0.025390625
0 0.431640625 0.9072265625 0.02734375 0.033203125
0 0.3798828125 0.869140625 0.037109375 0.03515625
0 0.3271484375 0.8818359375 0.033203125 0.03125
0 0.29296875 0.8837890625 0.037109375 0.044921875
0 0.259765625 0.826171875 0.041015625 0.041015625
0 0.2138671875 0.6181640625 0.03125 0.037109375
0 0.267578125 0.6025390625 0.03125 0.037109375
0 0.15234375 0.6845703125 0.033203125 0.03515625
0 0.82421875 0.59765625 0.02734375 0.025390625
0 0.8076171875 0.53515625 0.029296875 0.0390625
0 0.826171875 0.6171875 0.025390625 0.025390625
0 0.8271484375 0.7666015625 0.02734375 0.03515625
0 0.8330078125 0.8134765625 0.033203125 0.0390625
0 0.6875 0.5546875 0.029296875 0.041015625
0 0.244140625 0.240234375 0.029296875 0.03125
0 0.2451171875 0.2919921875 0.033203125 0.03515625
0 0.1669921875 0.3466796875 0.0390625 0.037109375