0 0.7919921875 0.478515625 0.08203125 0.0859375
0 0.7744140625 0.533203125 0.052734375 0.0546875
0 0.94140625 0.5146484375 0.044921875 0.05078125
0 0.9521484375 0.4697265625 0.048828125 0.052734375
0 0.9697265625 0.5517578125 0.044921875 0.0546875
0 0.9169921875 0.5546875 0.052734375 0.05078125
0 0.9140625 0.4775390625 0.048828125 0.056640625
0 0.740234375 0.44921875 0.041015625 0.046875
0 0.779296875 0.572265625 0.04296875 0.04296875
0 0.818359375 0.634765625 0.048828125 0.052734375
0 0.681640625 0.560546875 0.0546875 0.064453125
0 0.654296875 0.5283203125 0.044921875 0.0546875
0 0.5029296875 0.544921875 0.06640625 0.07421875
0 0.5546875 0.5361328125 0.044921875 0.0546875
0 0.421875 0.4482421875 0.05859375 0.064453125
0 0.4091796875 0.513671875 0.0546875 0.06640625
0 0.423828125 0.576171875 0.056640625 0.072265625
0 0.404296875 0.6328125 0.056640625 0.078125
0 0.3369140625 0.6533203125 0.0625 0.080078125
0 0.2978515625 0.541015625 0.05859375 0.06640625
0 0.37109375 0.5615234375 0.060546875 0.0703125
0 0.3271484375 0.474609375 0.056640625 0.072265625
0 0.6103515625 0.4150390625 0.048828125 0.05078125
0 0.578125 0.484375 0.056640625 0.06640625
0 0.5478515625 0.44140625 0.048828125 0.05859375
0 0.5029296875 0.4423828125 0.05078125 0.056640625
0 0.208984375 0.505859375 0.056640625 0.072265625
0 0.2197265625 0.6630859375 0.0703125 0.0859375