0 0.7919921875 0.486328125 0.07421875 0.078125
0 0.7685546875 0.43359375 0.046875 0.048828125
0 0.9365234375 0.431640625 0.0390625 0.044921875
0 0.9521484375 0.474609375 0.044921875 0.048828125
0 0.958984375 0.390625 0.0390625 0.05078125
0 0.9072265625 0.3955078125 0.046875 0.046875
0 0.9140625 0.4716796875 0.04296875 0.052734375
0 0.744140625 0.521484375 0.037109375 0.04296875
0 0.7685546875 0.3935546875 0.0390625 0.037109375
0 0.7998046875 0.3271484375 0.04296875 0.048828125
0 0.6728515625 0.41796875 0.046875 0.05859375
0 0.650390625 0.453125 0.0390625 0.05078125
0 0.4970703125 0.455078125 0.060546875 0.068359375
0 0.5498046875 0.4580078125 0.0390625 0.05078125
0 0.4287109375 0.560546875 0.052734375 0.05859375
0 0.408203125 0.4970703125 0.048828125 0.0625
0 0.4150390625 0.43359375 0.05078125 0.06640625
0 0.388671875 0.3798828125 0.048828125 0.07421875
0 0.3193359375 0.3671875 0.052734375 0.07421875
0 0.294921875 0.484375 0.052734375 0.0625
0 0.3642578125 0.455078125 0.052734375 0.064453125
0 0.3310546875 0.5458984375 0.05078125 0.068359375
0 0.619140625 0.5712890625 0.04296875 0.046875
0 0.580078125 0.505859375 0.05078125 0.0625
0 0.5546875 0.552734375 0.04296875 0.0546875
0 0.509765625 0.5576171875 0.046875 0.05078125
0 0.2109375 0.5302734375 0.05078125 0.06640625
0 0.201171875 0.3720703125 0.060546875 0.080078125