0 0.22265625 0.59375 0.0859375 0.08984375
0 0.259765625 0.6376953125 0.0546875 0.056640625
0 0.0986328125 0.685546875 0.046875 0.052734375
0 0.072265625 0.6484375 0.05078125 0.0546875
0 0.087890625 0.7314453125 0.046875 0.056640625
0 0.1376953125 0.712890625 0.052734375 0.052734375
0 0.109375 0.6416015625 0.05078125 0.05859375
0 0.2587890625 0.546875 0.04296875 0.046875
0 0.271484375 0.67578125 0.044921875 0.04296875
0 0.259765625 0.7490234375 0.05078125 0.0546875
0 0.3564453125 0.6259765625 0.056640625 0.064453125
0 0.3681640625 0.5869140625 0.046875 0.056640625
0 0.5146484375 0.54296875 0.0703125 0.076171875
0 0.4638671875 0.5546875 0.046875 0.056640625
0 0.5517578125 0.421875 0.060546875 0.06640625
0 0.5888671875 0.4775390625 0.056640625 0.068359375
0 0.599609375 0.5400390625 0.060546875 0.07421875
0 0.6396484375 0.5849609375 0.060546875 0.080078125
0 0.7099609375 0.578125 0.064453125 0.08203125
0 0.7021484375 0.4580078125 0.060546875 0.068359375
0 0.642578125 0.505859375 0.0625 0.072265625
0 0.6494140625 0.4091796875 0.060546875 0.07421875
0 0.365234375 0.46484375 0.05078125 0.052734375
0 0.421875 0.515625 0.05859375 0.068359375
0 0.4326171875 0.46484375 0.05078125 0.060546875
0 0.474609375 0.447265625 0.0546875 0.056640625
0 0.76953125 0.3916015625 0.060546875 0.07421875
0 0.822265625 0.541015625 0.072265625 0.087890625