0 0.2109375 0.5419921875 0.0859375 0.08984375
0 0.2236328125 0.486328125 0.0546875 0.056640625
0 0.05859375 0.5166015625 0.046875 0.05078125
0 0.0517578125 0.5615234375 0.052734375 0.0546875
0 0.0283203125 0.48046875 0.048828125 0.056640625
0 0.080078125 0.474609375 0.0546875 0.052734375
0 0.087890625 0.5517578125 0.052734375 0.05859375
0 0.2646484375 0.5673828125 0.04296875 0.048828125
0 0.2158203125 0.447265625 0.044921875 0.044921875
0 0.1728515625 0.3876953125 0.05078125 0.0546875
0 0.3154296875 0.4521484375 0.056640625 0.06640625
0 0.34375 0.482421875 0.048828125 0.056640625
0 0.494140625 0.455078125 0.0703125 0.078125
0 0.4423828125 0.4677734375 0.046875 0.056640625
0 0.58203125 0.5458984375 0.0625 0.06640625
0 0.58984375 0.4794921875 0.05859375 0.068359375
0 0.5703125 0.4189453125 0.060546875 0.07421875
0 0.5859375 0.3603515625 0.060546875 0.080078125
0 0.65234375 0.3349609375 0.06640625 0.08203125
0 0.69921875 0.4453125 0.0625 0.0703125
0 0.6240234375 0.4296875 0.0625 0.072265625
0 0.673828125 0.5126953125 0.060546875 0.07421875
0 0.396484375 0.5927734375 0.05078125 0.052734375
0 0.4228515625 0.521484375 0.060546875 0.068359375
0 0.4560546875 0.5625 0.052734375 0.060546875
0 0.5009765625 0.5576171875 0.0546875 0.05859375
0 0.7890625 0.474609375 0.060546875 0.07421875
0 0.7685546875 0.3173828125 0.07421875 0.08984375