0 0.7919921875 0.51953125 0.072265625 0.078125
0 0.767578125 0.5703125 0.046875 0.048828125
0 0.935546875 0.5751953125 0.0390625 0.046875
0 0.951171875 0.533203125 0.04296875 0.048828125
0 0.95703125 0.6171875 0.0390625 0.05078125
0 0.9052734375 0.6123046875 0.046875 0.044921875
0 0.9140625 0.53515625 0.04296875 0.05078125
0 0.7451171875 0.482421875 0.03515625 0.04296875
0 0.7666015625 0.611328125 0.0390625 0.037109375
0 0.796875 0.6787109375 0.04296875 0.048828125
0 0.6708984375 0.5849609375 0.046875 0.05859375
0 0.6494140625 0.5498046875 0.0390625 0.05078125
0 0.4970703125 0.544921875 0.05859375 0.06640625
0 0.5498046875 0.54296875 0.037109375 0.05078125
0 0.4296875 0.4375 0.05078125 0.05859375
0 0.408203125 0.5009765625 0.046875 0.060546875
0 0.4140625 0.564453125 0.048828125 0.06640625
0 0.38671875 0.6181640625 0.046875 0.07421875
0 0.3173828125 0.6298828125 0.052734375 0.07421875
0 0.2939453125 0.51171875 0.05078125 0.060546875
0 0.36328125 0.54296875 0.052734375 0.064453125
0 0.33203125 0.451171875 0.048828125 0.06640625
0 0.62109375 0.431640625 0.04296875 0.044921875
0 0.580078125 0.4951171875 0.048828125 0.060546875
0 0.5556640625 0.4482421875 0.04296875 0.052734375
0 0.5107421875 0.443359375 0.044921875 0.05078125
0 0.2119140625 0.46484375 0.048828125 0.06640625
0 0.19921875 0.623046875 0.05859375 0.080078125