0 0.7861328125 0.4404296875 0.078125 0.08203125
0 0.7548828125 0.392578125 0.048828125 0.05078125
0 0.9208984375 0.3642578125 0.041015625 0.046875
0 0.9423828125 0.404296875 0.046875 0.05078125
0 0.9365234375 0.3203125 0.04296875 0.052734375
0 0.8857421875 0.3330078125 0.048828125 0.048828125
0 0.904296875 0.4072265625 0.046875 0.0546875
0 0.7451171875 0.4833984375 0.0390625 0.044921875
0 0.7490234375 0.353515625 0.041015625 0.0390625
0 0.7685546875 0.2822265625 0.044921875 0.05078125
0 0.6572265625 0.392578125 0.05078125 0.060546875
0 0.640625 0.4306640625 0.04296875 0.052734375
0 0.490234375 0.4560546875 0.0625 0.0703125
0 0.54296875 0.4501953125 0.041015625 0.052734375
0 0.4384765625 0.5712890625 0.0546875 0.0625
0 0.4091796875 0.51171875 0.05078125 0.064453125
0 0.40625 0.4482421875 0.052734375 0.068359375
0 0.37109375 0.3984375 0.052734375 0.076171875
0 0.30078125 0.3974609375 0.056640625 0.076171875
0 0.294921875 0.5166015625 0.0546875 0.064453125
0 0.359375 0.4765625 0.056640625 0.06640625
0 0.3408203125 0.5712890625 0.052734375 0.0703125
0 0.62890625 0.55078125 0.044921875 0.048828125
0 0.580078125 0.4931640625 0.052734375 0.064453125
0 0.5625 0.5439453125 0.046875 0.056640625
0 0.5185546875 0.5546875 0.048828125 0.052734375
0 0.21875 0.57421875 0.052734375 0.068359375
0 0.185546875 0.419921875 0.064453125 0.083984375