0 0.36328125 0.4267578125 0.0234375 0.0234375
0 0.40625 0.4091796875 0.021484375 0.01953125
0 0.38671875 0.365234375 0.015625 0.015625
0 0.4365234375 0.384765625 0.017578125 0.017578125
0 0.439453125 0.40625 0.013671875 0.013671875
0 0.546875 0.416015625 0.017578125 0.017578125
0 0.4814453125 0.3759765625 0.015625 0.013671875
0 0.431640625 0.3564453125 0.017578125 0.017578125
0 0.4677734375 0.408203125 0.017578125 0.017578125
0 0.5419921875 0.3896484375 0.009765625 0.013671875
0 0.5126953125 0.3544921875 0.017578125 0.01953125
0 0.5341796875 0.3291015625 0.017578125 0.01953125
0 0.5615234375 0.3603515625 0.015625 0.017578125
0 0.5654296875 0.4189453125 0.01171875 0.015625
0 0.5849609375 0.3427734375 0.013671875 0.015625
0 0.603515625 0.3935546875 0.013671875 0.015625
0 0.4296875 0.419921875 0.017578125 0.017578125