0 0.4384765625 0.357421875 0.025390625 0.025390625
0 0.41796875 0.3994140625 0.021484375 0.0234375
0 0.375 0.375 0.017578125 0.015625
0 0.390625 0.4267578125 0.017578125 0.017578125
0 0.412109375 0.431640625 0.015625 0.015625
0 0.4130859375 0.5400390625 0.017578125 0.017578125
0 0.3779296875 0.470703125 0.015625 0.017578125
0 0.3623046875 0.4189453125 0.017578125 0.017578125
0 0.4111328125 0.4599609375 0.017578125 0.017578125
0 0.3857421875 0.5322265625 0.013671875 0.01171875
0 0.353515625 0.5 0.021484375 0.017578125
0 0.3271484375 0.51953125 0.021484375 0.017578125
0 0.35546875 0.5498046875 0.01953125 0.015625
0 0.4140625 0.55859375 0.017578125 0.013671875
0 0.3359375 0.5712890625 0.017578125 0.015625
0 0.3857421875 0.59375 0.017578125 0.015625
0 0.42578125 0.4228515625 0.017578125 0.017578125