0 0.5537109375 0.3544921875 0.025390625 0.025390625
0 0.576171875 0.39453125 0.021484375 0.0234375
0 0.6181640625 0.369140625 0.017578125 0.017578125
0 0.6044921875 0.4208984375 0.017578125 0.017578125
0 0.583984375 0.4267578125 0.015625 0.015625
0 0.5888671875 0.53515625 0.017578125 0.017578125
0 0.6201171875 0.46484375 0.015625 0.017578125
0 0.6328125 0.412109375 0.017578125 0.017578125
0 0.5859375 0.4560546875 0.017578125 0.017578125
0 0.615234375 0.5263671875 0.013671875 0.01171875
0 0.646484375 0.4921875 0.021484375 0.01953125
0 0.673828125 0.509765625 0.021484375 0.01953125
0 0.646484375 0.5419921875 0.01953125 0.017578125
0 0.5888671875 0.5537109375 0.017578125 0.013671875
0 0.66796875 0.5625 0.017578125 0.015625
0 0.619140625 0.587890625 0.017578125 0.015625
0 0.5693359375 0.4189453125 0.017578125 0.017578125