0 0.3935546875 0.3876953125 0.025390625 0.025390625
0 0.388671875 0.43359375 0.021484375 0.0234375
0 0.33984375 0.42578125 0.017578125 0.015625
0 0.3720703125 0.4677734375 0.017578125 0.017578125
0 0.3935546875 0.4658203125 0.015625 0.015625
0 0.431640625 0.5673828125 0.017578125 0.017578125
0 0.375 0.5146484375 0.015625 0.017578125
0 0.3427734375 0.470703125 0.017578125 0.017578125
0 0.4033203125 0.4931640625 0.017578125 0.017578125
0 0.404296875 0.5693359375 0.013671875 0.01171875
0 0.3623046875 0.5498046875 0.021484375 0.01953125
0 0.34375 0.5771484375 0.021484375 0.01953125
0 0.380859375 0.595703125 0.01953125 0.017578125
0 0.4384765625 0.5849609375 0.017578125 0.013671875
0 0.3701171875 0.623046875 0.017578125 0.015625
0 0.423828125 0.626953125 0.017578125 0.015625
0 0.404296875 0.453125 0.017578125 0.017578125