0 0.435546875 0.3583984375 0.0234375 0.0234375
0 0.416015625 0.400390625 0.021484375 0.0234375
0 0.373046875 0.3779296875 0.017578125 0.015625
0 0.3896484375 0.4287109375 0.017578125 0.017578125
0 0.4111328125 0.43359375 0.013671875 0.015625
0 0.4130859375 0.541015625 0.017578125 0.017578125
0 0.3779296875 0.47265625 0.015625 0.017578125
0 0.361328125 0.4208984375 0.017578125 0.017578125
0 0.4111328125 0.4619140625 0.017578125 0.017578125
0 0.38671875 0.5341796875 0.013671875 0.01171875
0 0.353515625 0.501953125 0.021484375 0.017578125
0 0.3271484375 0.5224609375 0.021484375 0.017578125
0 0.3564453125 0.5517578125 0.01953125 0.015625
0 0.4150390625 0.5595703125 0.017578125 0.013671875
0 0.3369140625 0.5732421875 0.017578125 0.015625
0 0.38671875 0.595703125 0.017578125 0.015625
0 0.4248046875 0.4248046875 0.017578125 0.017578125