0 0.5712890625 0.6376953125 0.0234375 0.0234375
0 0.5888671875 0.5947265625 0.01953125 0.021484375
0 0.6328125 0.615234375 0.017578125 0.015625
0 0.6142578125 0.5654296875 0.017578125 0.017578125
0 0.5927734375 0.5625 0.013671875 0.015625
0 0.583984375 0.4541015625 0.017578125 0.017578125
0 0.6240234375 0.5205078125 0.013671875 0.017578125
0 0.642578125 0.5712890625 0.017578125 0.017578125
0 0.5908203125 0.533203125 0.017578125 0.017578125
0 0.611328125 0.4599609375 0.013671875 0.01171875
0 0.6455078125 0.490234375 0.01953125 0.017578125
0 0.6708984375 0.46875 0.01953125 0.017578125
0 0.640625 0.4404296875 0.01953125 0.015625
0 0.58203125 0.435546875 0.015625 0.01171875
0 0.6591796875 0.41796875 0.017578125 0.013671875
0 0.607421875 0.3984375 0.017578125 0.013671875
0 0.5791015625 0.5712890625 0.017578125 0.017578125