0 0.37890625 0.4033203125 0.0234375 0.0234375
0 0.423828125 0.39453125 0.021484375 0.021484375
0 0.412109375 0.34765625 0.015625 0.017578125
0 0.45703125 0.3759765625 0.017578125 0.017578125
0 0.45703125 0.3974609375 0.015625 0.013671875
0 0.560546875 0.42578125 0.017578125 0.017578125
0 0.5029296875 0.375 0.017578125 0.013671875
0 0.45703125 0.3466796875 0.017578125 0.017578125
0 0.484375 0.404296875 0.017578125 0.017578125
0 0.560546875 0.3984375 0.01171875 0.013671875
0 0.537109375 0.3583984375 0.017578125 0.01953125
0 0.5634765625 0.337890625 0.017578125 0.01953125
0 0.5849609375 0.373046875 0.015625 0.01953125
0 0.5791015625 0.431640625 0.01171875 0.017578125
0 0.611328125 0.359375 0.013671875 0.017578125
0 0.6201171875 0.4130859375 0.013671875 0.017578125
0 0.4443359375 0.4091796875 0.017578125 0.017578125