0 0.4541015625 0.3525390625 0.025390625 0.025390625
0 0.4287109375 0.390625 0.0234375 0.025390625
0 0.388671875 0.36328125 0.01953125 0.017578125
0 0.3994140625 0.4150390625 0.01953125 0.01953125
0 0.419921875 0.4228515625 0.015625 0.015625
0 0.4091796875 0.5302734375 0.01953125 0.01953125
0 0.3818359375 0.4580078125 0.015625 0.017578125
0 0.3720703125 0.4052734375 0.01953125 0.01953125
0 0.416015625 0.451171875 0.01953125 0.01953125
0 0.3837890625 0.5205078125 0.015625 0.013671875
0 0.3544921875 0.484375 0.021484375 0.01953125
0 0.326171875 0.5009765625 0.021484375 0.01953125
0 0.3515625 0.5341796875 0.021484375 0.017578125
0 0.408203125 0.548828125 0.017578125 0.013671875
0 0.3291015625 0.5537109375 0.017578125 0.015625
0 0.3759765625 0.5810546875 0.017578125 0.015625
0 0.4345703125 0.416015625 0.01953125 0.01953125