0 0.361328125 0.37890625 0.033203125 0.033203125
0 0.3408203125 0.3994140625 0.029296875 0.02734375
0 0.4375 0.421875 0.029296875 0.029296875
0 0.490234375 0.44140625 0.025390625 0.021484375
0 0.5126953125 0.45703125 0.03125 0.02734375
0 0.5322265625 0.509765625 0.025390625 0.025390625
0 0.619140625 0.443359375 0.037109375 0.037109375
0 0.6845703125 0.560546875 0.025390625 0.029296875
0 0.744140625 0.494140625 0.033203125 0.03125
0 0.4423828125 0.7021484375 0.021484375 0.025390625
0 0.37109375 0.6611328125 0.025390625 0.02734375
0 0.3525390625 0.634765625 0.03515625 0.033203125
0 0.39453125 0.642578125 0.021484375 0.025390625
0 0.375 0.6220703125 0.029296875 0.029296875
0 0.373046875 0.548828125 0.033203125 0.033203125
0 0.2158203125 0.5458984375 0.029296875 0.029296875
0 0.2607421875 0.6474609375 0.029296875 0.029296875
0 0.169921875 0.6328125 0.0390625 0.0390625
0 0.109375 0.38671875 0.041015625 0.041015625
0 0.2744140625 0.3408203125 0.029296875 0.025390625
0 0.3017578125 0.2958984375 0.025390625 0.029296875
0 0.3212890625 0.248046875 0.037109375 0.02734375
0 0.2177734375 0.345703125 0.03125 0.029296875
0 0.4140625 0.3857421875 0.021484375 0.021484375
0 0.4189453125 0.4169921875 0.0234375 0.025390625
0 0.4052734375 0.419921875 0.02734375 0.021484375
0 0.4287109375 0.3837890625 0.03125 0.033203125
0 0.2724609375 0.2900390625 0.0234375 0.029296875
0 0.4033203125 0.7177734375 0.033203125 0.029296875