0 0.5068359375 0.7119140625 0.052734375 0.044921875
0 0.5869140625 0.736328125 0.060546875 0.056640625
0 0.6474609375 0.6240234375 0.05078125 0.046875
0 0.8623046875 0.6083984375 0.05078125 0.05078125
0 0.8642578125 0.5732421875 0.05078125 0.044921875
0 0.5673828125 0.6005859375 0.046875 0.041015625
0 0.5732421875 0.6416015625 0.05078125 0.048828125
0 0.60546875 0.5810546875 0.05078125 0.05078125
0 0.6357421875 0.5537109375 0.0546875 0.052734375
0 0.6845703125 0.5595703125 0.044921875 0.0546875
0 0.95703125 0.380859375 0.052734375 0.048828125
0 0.740234375 0.482421875 0.056640625 0.0546875
0 0.6767578125 0.46484375 0.056640625 0.0546875
0 0.6396484375 0.40625 0.056640625 0.052734375
0 0.6240234375 0.3720703125 0.064453125 0.052734375
0 0.3125 0.322265625 0.068359375 0.048828125
0 0.0166015625 0.421875 0.033203125 0.05859375
0 0.1376953125 0.1826171875 0.060546875 0.068359375
0 0.408203125 0.1796875 0.03515625 0.0390625
0 0.353515625 0.21484375 0.048828125 0.048828125
0 0.509765625 0.154296875 0.044921875 0.046875
0 0.5478515625 0.12890625 0.04296875 0.05078125
0 0.5546875 0.076171875 0.048828125 0.048828125
0 0.5224609375 0.0693359375 0.037109375 0.037109375
0 0.7080078125 0.099609375 0.07421875 0.0625
0 0.658203125 0.0556640625 0.060546875 0.056640625
0 0.626953125 0.0087890625 0.05859375 0.017578125