0 0.2880859375 0.5068359375 0.044921875 0.052734375
0 0.263671875 0.5869140625 0.056640625 0.060546875
0 0.3759765625 0.6474609375 0.046875 0.05078125
0 0.3916015625 0.8623046875 0.05078125 0.05078125
0 0.4267578125 0.8642578125 0.044921875 0.05078125
0 0.3994140625 0.5673828125 0.041015625 0.046875
0 0.3583984375 0.5732421875 0.048828125 0.05078125
0 0.4189453125 0.60546875 0.05078125 0.05078125
0 0.4462890625 0.6357421875 0.052734375 0.0546875
0 0.4404296875 0.6845703125 0.0546875 0.044921875
0 0.619140625 0.95703125 0.048828125 0.052734375
0 0.517578125 0.740234375 0.0546875 0.056640625
0 0.53515625 0.6767578125 0.0546875 0.056640625
0 0.59375 0.6396484375 0.052734375 0.056640625
0 0.6279296875 0.6240234375 0.052734375 0.064453125
0 0.677734375 0.3125 0.048828125 0.068359375
0 0.576171875 0.0166015625 0.05859375 0.033203125
0 0.8173828125 0.1376953125 0.068359375 0.060546875
0 0.8203125 0.408203125 0.0390625 0.03515625
0 0.78515625 0.353515625 0.048828125 0.048828125
0 0.845703125 0.509765625 0.046875 0.044921875
0 0.87109375 0.5478515625 0.05078125 0.04296875
0 0.923828125 0.5546875 0.048828125 0.048828125
0 0.9306640625 0.5224609375 0.037109375 0.037109375
0 0.900390625 0.7080078125 0.0625 0.07421875
0 0.9443359375 0.658203125 0.056640625 0.060546875
0 0.990234375 0.626953125 0.01953125 0.05859375