0 0.5078125 0.2880859375 0.05078125 0.04296875
0 0.4296875 0.2587890625 0.056640625 0.052734375
0 0.361328125 0.3662109375 0.048828125 0.044921875
0 0.146484375 0.3662109375 0.048828125 0.048828125
0 0.1416015625 0.4013671875 0.048828125 0.04296875
0 0.439453125 0.3955078125 0.044921875 0.0390625
0 0.4365234375 0.353515625 0.048828125 0.046875
0 0.400390625 0.412109375 0.048828125 0.048828125
0 0.3681640625 0.4365234375 0.052734375 0.05078125
0 0.3203125 0.427734375 0.04296875 0.052734375
0 0.03515625 0.5869140625 0.048828125 0.046875
0 0.2587890625 0.5009765625 0.0546875 0.052734375
0 0.3212890625 0.5234375 0.0546875 0.052734375
0 0.353515625 0.583984375 0.0546875 0.05078125
0 0.3671875 0.619140625 0.060546875 0.048828125
0 0.6748046875 0.6904296875 0.06640625 0.044921875
0 0.98046875 0.611328125 0.0390625 0.0546875
0 0.8388671875 0.841796875 0.056640625 0.064453125
0 0.5693359375 0.826171875 0.033203125 0.037109375
0 0.626953125 0.7939453125 0.044921875 0.044921875
0 0.466796875 0.8447265625 0.041015625 0.044921875
0 0.42578125 0.8671875 0.041015625 0.048828125
0 0.416015625 0.9189453125 0.044921875 0.046875
0 0.447265625 0.927734375 0.03515625 0.03515625
0 0.2646484375 0.884765625 0.0703125 0.05859375
0 0.3115234375 0.9326171875 0.056640625 0.052734375
0 0.3359375 0.9853515625 0.0546875 0.029296875
0 0.123046875 0.986328125 0.04296875 0.02734375