0 0.37109375 0.6318359375 0.03515625 0.03515625
0 0.3916015625 0.654296875 0.029296875 0.03125
0 0.4189453125 0.55859375 0.03125 0.03125
0 0.44140625 0.5068359375 0.0234375 0.025390625
0 0.45703125 0.4853515625 0.02734375 0.033203125
0 0.51171875 0.46875 0.025390625 0.025390625
0 0.4501953125 0.3779296875 0.037109375 0.037109375
0 0.5703125 0.3193359375 0.029296875 0.02734375
0 0.5068359375 0.255859375 0.03125 0.03515625
0 0.6982421875 0.5673828125 0.025390625 0.0234375
0 0.654296875 0.63671875 0.02734375 0.02734375
0 0.626953125 0.654296875 0.03515625 0.037109375
0 0.63671875 0.6123046875 0.025390625 0.0234375
0 0.615234375 0.6318359375 0.03125 0.03125
0 0.5419921875 0.62890625 0.03515625 0.03515625
0 0.53125 0.7861328125 0.03125 0.03125
0 0.634765625 0.7470703125 0.03125 0.03125
0 0.615234375 0.8369140625 0.041015625 0.041015625
0 0.3671875 0.884765625 0.041015625 0.041015625
0 0.3291015625 0.716796875 0.02734375 0.029296875
0 0.2861328125 0.6875 0.029296875 0.02734375
0 0.2392578125 0.6650390625 0.029296875 0.0390625
0 0.3310546875 0.7734375 0.03125 0.03125
0 0.3818359375 0.580078125 0.021484375 0.021484375
0 0.412109375 0.5771484375 0.025390625 0.025390625
0 0.4150390625 0.5908203125 0.0234375 0.029296875
0 0.3798828125 0.564453125 0.033203125 0.033203125
0 0.2783203125 0.716796875 0.029296875 0.0234375
0 0.712890625 0.6083984375 0.029296875 0.033203125
4 0.759765625 0.732421875 0.0546875 0.068359375
4 0.7216796875 0.7822265625 0.044921875 0.044921875
4 0.6904296875 0.8115234375 0.044921875 0.044921875
4 0.599609375 0.8662109375 0.033203125 0.04296875
4 0.5576171875 0.8740234375 0.05078125 0.04296875