0 0.5576171875 0.6748046875 0.033203125 0.03515625
0 0.5302734375 0.6865234375 0.02734375 0.029296875
0 0.546875 0.587890625 0.029296875 0.029296875
0 0.5498046875 0.53125 0.0234375 0.025390625
0 0.544921875 0.505859375 0.02734375 0.03125
0 0.5029296875 0.466796875 0.025390625 0.025390625
0 0.5986328125 0.412109375 0.037109375 0.037109375
0 0.5166015625 0.306640625 0.029296875 0.025390625
0 0.6015625 0.2783203125 0.03125 0.033203125
0 0.2919921875 0.4736328125 0.025390625 0.0234375
0 0.3017578125 0.5556640625 0.02734375 0.025390625
0 0.318359375 0.5830078125 0.03515625 0.037109375
0 0.3271484375 0.541015625 0.025390625 0.0234375
0 0.3388671875 0.5673828125 0.029296875 0.029296875
0 0.4052734375 0.59765625 0.033203125 0.033203125
0 0.3466796875 0.744140625 0.029296875 0.029296875
0 0.2705078125 0.6630859375 0.029296875 0.029296875
0 0.2490234375 0.751953125 0.041015625 0.0390625
0 0.451171875 0.904296875 0.041015625 0.041015625
0 0.55859375 0.76953125 0.025390625 0.029296875
0 0.6103515625 0.76171875 0.029296875 0.025390625
0 0.662109375 0.7626953125 0.02734375 0.037109375
0 0.5322265625 0.8203125 0.03125 0.03125
0 0.5712890625 0.6240234375 0.021484375 0.021484375
0 0.544921875 0.607421875 0.025390625 0.025390625
0 0.537109375 0.6181640625 0.0234375 0.029296875
0 0.5791015625 0.6103515625 0.033203125 0.03125
0 0.6044921875 0.7919921875 0.029296875 0.0234375
0 0.26171875 0.50390625 0.029296875 0.033203125