0 0.3232421875 0.4482421875 0.03515625 0.03515625
0 0.3125 0.4765625 0.03125 0.029296875
0 0.41015625 0.4560546875 0.03125 0.03125
0 0.466796875 0.451171875 0.025390625 0.0234375
0 0.4931640625 0.455078125 0.033203125 0.02734375
0 0.533203125 0.49609375 0.025390625 0.025390625
0 0.583984375 0.3984375 0.037109375 0.037109375
0 0.6923828125 0.4775390625 0.02734375 0.029296875
0 0.71875 0.3916015625 0.03515625 0.03125
0 0.533203125 0.70703125 0.0234375 0.025390625
0 0.451171875 0.7001953125 0.02734375 0.02734375
0 0.4228515625 0.6845703125 0.037109375 0.03515625
0 0.46484375 0.673828125 0.0234375 0.025390625
0 0.4384765625 0.6630859375 0.03125 0.03125
0 0.4052734375 0.59765625 0.03515625 0.03515625
0 0.26171875 0.662109375 0.03125 0.03125
0 0.3447265625 0.734375 0.03125 0.03125
0 0.2568359375 0.759765625 0.041015625 0.041015625
0 0.09765625 0.5625 0.041015625 0.041015625
0 0.228515625 0.451171875 0.029296875 0.02734375
0 0.234375 0.3994140625 0.02734375 0.029296875
0 0.2314453125 0.34765625 0.0390625 0.029296875
0 0.1787109375 0.4794921875 0.03125 0.03125
0 0.3740234375 0.4326171875 0.021484375 0.021484375
0 0.390625 0.458984375 0.025390625 0.025390625
0 0.3798828125 0.4677734375 0.029296875 0.0234375
0 0.38671875 0.4248046875 0.033203125 0.033203125
0 0.205078125 0.4052734375 0.0234375 0.029296875
0 0.50390625 0.73828125 0.033203125 0.029296875