0 0.611328125 0.646484375 0.03125 0.033203125
0 0.5888671875 0.666015625 0.025390625 0.02734375
0 0.5732421875 0.5673828125 0.02734375 0.02734375
0 0.5576171875 0.513671875 0.021484375 0.0234375
0 0.5439453125 0.490234375 0.025390625 0.03125
0 0.4921875 0.4677734375 0.0234375 0.0234375
0 0.564453125 0.384765625 0.03515625 0.03515625
0 0.4521484375 0.3125 0.02734375 0.025390625
0 0.5234375 0.2568359375 0.029296875 0.03125
0 0.294921875 0.54296875 0.0234375 0.021484375
0 0.330078125 0.6171875 0.025390625 0.0234375
0 0.35546875 0.6376953125 0.03125 0.03515625
0 0.3505859375 0.5947265625 0.0234375 0.021484375
0 0.3701171875 0.6162109375 0.02734375 0.02734375
0 0.4423828125 0.623046875 0.03125 0.03125
0 0.4345703125 0.7802734375 0.02734375 0.02734375
0 0.3359375 0.728515625 0.02734375 0.02734375
0 0.3447265625 0.8203125 0.037109375 0.037109375
0 0.5849609375 0.8974609375 0.0390625 0.0390625
0 0.6435546875 0.736328125 0.025390625 0.02734375
0 0.689453125 0.7119140625 0.02734375 0.025390625
0 0.73828125 0.6962890625 0.025390625 0.037109375
0 0.634765625 0.7919921875 0.029296875 0.029296875
0 0.6083984375 0.59375 0.01953125 0.021484375
0 0.5771484375 0.5869140625 0.0234375 0.0234375
0 0.5732421875 0.6005859375 0.021484375 0.02734375
0 0.611328125 0.5791015625 0.03125 0.029296875
0 0.6943359375 0.7421875 0.029296875 0.021484375
0 0.275390625 0.58203125 0.02734375 0.03125