0 0.5869140625 0.662109375 0.029296875 0.029296875
0 0.5625 0.677734375 0.0234375 0.025390625
0 0.5615234375 0.578125 0.025390625 0.025390625
0 0.5546875 0.5224609375 0.01953125 0.021484375
0 0.544921875 0.498046875 0.021484375 0.029296875
0 0.4970703125 0.466796875 0.021484375 0.021484375
0 0.58203125 0.396484375 0.033203125 0.033203125
0 0.482421875 0.306640625 0.025390625 0.021484375
0 0.560546875 0.263671875 0.02734375 0.029296875
0 0.291015625 0.5107421875 0.021484375 0.01953125
0 0.314453125 0.5888671875 0.0234375 0.021484375
0 0.3359375 0.61328125 0.029296875 0.03125
0 0.3369140625 0.5703125 0.021484375 0.01953125
0 0.353515625 0.5947265625 0.025390625 0.025390625
0 0.423828125 0.6123046875 0.029296875 0.029296875
0 0.390625 0.7666015625 0.025390625 0.025390625
0 0.302734375 0.7001953125 0.025390625 0.025390625
0 0.2958984375 0.7919921875 0.03515625 0.03515625
0 0.521484375 0.90625 0.03515625 0.03515625
0 0.6044921875 0.755859375 0.021484375 0.025390625
0 0.654296875 0.7392578125 0.025390625 0.021484375
0 0.705078125 0.73046875 0.0234375 0.03515625
0 0.5869140625 0.8095703125 0.025390625 0.02734375
0 0.591796875 0.609375 0.017578125 0.01953125
0 0.5634765625 0.59765625 0.021484375 0.021484375
0 0.556640625 0.6103515625 0.017578125 0.025390625
0 0.59765625 0.595703125 0.029296875 0.02734375
0 0.6533203125 0.76953125 0.02734375 0.01953125
0 0.265625 0.5458984375 0.0234375 0.029296875
4 0.185546875 0.65234375 0.04296875 0.060546875
4 0.208984375 0.7109375 0.037109375 0.0390625
4 0.2314453125 0.7470703125 0.0390625 0.0390625
4 0.302734375 0.82421875 0.02734375 0.037109375
4 0.341796875 0.84375 0.044921875 0.03515625