0 0.5859375 0.306640625 0.0546875 0.048828125
0 0.525390625 0.25 0.0625 0.05859375
0 0.421875 0.32421875 0.052734375 0.048828125
0 0.2216796875 0.2431640625 0.0546875 0.0546875
0 0.205078125 0.2744140625 0.052734375 0.046875
0 0.4833984375 0.3798828125 0.048828125 0.04296875
0 0.49609375 0.33984375 0.052734375 0.05078125
0 0.4404296875 0.380859375 0.0546875 0.0546875
0 0.4013671875 0.3916015625 0.056640625 0.0546875
0 0.3603515625 0.365234375 0.048828125 0.056640625
0 0.037109375 0.40625 0.0546875 0.05078125
0 0.2763671875 0.4111328125 0.05859375 0.05859375
0 0.3251953125 0.4541015625 0.05859375 0.05859375
0 0.3330078125 0.5234375 0.05859375 0.056640625
0 0.33203125 0.560546875 0.06640625 0.0546875
0 0.5908203125 0.7421875 0.0703125 0.052734375
0 0.9111328125 0.7861328125 0.05859375 0.060546875
0 0.6865234375 0.9443359375 0.064453125 0.0703125
0 0.4423828125 0.828125 0.037109375 0.041015625
0 0.5068359375 0.8203125 0.05078125 0.05078125
0 0.33984375 0.806640625 0.046875 0.048828125
0 0.2939453125 0.8125 0.046875 0.052734375
0 0.2646484375 0.8564453125 0.05078125 0.05078125
0 0.291015625 0.876953125 0.0390625 0.0390625
0 0.1376953125 0.7685546875 0.076171875 0.06640625
0 0.1630859375 0.830078125 0.0625 0.05859375
0 0.162109375 0.9013671875 0.060546875 0.060546875