0 0.49609375 0.7119140625 0.052734375 0.044921875
0 0.41796875 0.7373046875 0.05859375 0.0546875
0 0.3544921875 0.6259765625 0.05078125 0.046875
0 0.1396484375 0.615234375 0.05078125 0.05078125
0 0.13671875 0.580078125 0.048828125 0.044921875
0 0.4345703125 0.6015625 0.046875 0.041015625
0 0.4287109375 0.6435546875 0.05078125 0.048828125
0 0.396484375 0.5830078125 0.05078125 0.05078125
0 0.365234375 0.556640625 0.0546875 0.052734375
0 0.31640625 0.5625 0.044921875 0.0546875
0 0.041015625 0.3896484375 0.05078125 0.048828125
0 0.259765625 0.486328125 0.056640625 0.0546875
0 0.322265625 0.4677734375 0.056640625 0.0546875
0 0.3583984375 0.408203125 0.056640625 0.052734375
0 0.373046875 0.375 0.0625 0.05078125
0 0.6845703125 0.3193359375 0.068359375 0.046875
0 0.982421875 0.4130859375 0.03515625 0.056640625
0 0.8564453125 0.17578125 0.05859375 0.06640625
0 0.5869140625 0.177734375 0.033203125 0.0390625
0 0.6416015625 0.212890625 0.046875 0.046875
0 0.484375 0.154296875 0.04296875 0.046875
0 0.4453125 0.1298828125 0.04296875 0.048828125
0 0.4375 0.0771484375 0.046875 0.048828125
0 0.4697265625 0.0703125 0.037109375 0.037109375
0 0.28515625 0.103515625 0.07421875 0.0625
0 0.333984375 0.05859375 0.05859375 0.0546875
0 0.3623046875 0.0107421875 0.056640625 0.021484375