0 0.5517578125 0.294921875 0.05078125 0.041015625
0 0.4814453125 0.2490234375 0.0546875 0.05078125
0 0.392578125 0.3408203125 0.046875 0.04296875
0 0.181640625 0.2958984375 0.046875 0.046875
0 0.169921875 0.3291015625 0.046875 0.041015625
0 0.462890625 0.384765625 0.04296875 0.037109375
0 0.46875 0.34375 0.046875 0.044921875
0 0.4208984375 0.3935546875 0.046875 0.046875
0 0.384765625 0.41015625 0.05078125 0.048828125
0 0.3388671875 0.3916015625 0.041015625 0.052734375
0 0.02734375 0.48828125 0.048828125 0.044921875
0 0.263671875 0.451171875 0.052734375 0.05078125
0 0.3203125 0.4853515625 0.052734375 0.05078125
0 0.33984375 0.5517578125 0.052734375 0.048828125
0 0.345703125 0.5888671875 0.060546875 0.046875
0 0.6318359375 0.72265625 0.06640625 0.04296875
0 0.9541015625 0.7099609375 0.05078125 0.052734375
0 0.7607421875 0.9052734375 0.0546875 0.064453125
0 0.5 0.8330078125 0.03125 0.037109375
0 0.5625 0.814453125 0.044921875 0.044921875
0 0.3955078125 0.830078125 0.041015625 0.044921875
0 0.3515625 0.84375 0.0390625 0.046875
0 0.330078125 0.8916015625 0.044921875 0.044921875
0 0.359375 0.9072265625 0.033203125 0.033203125
0 0.1904296875 0.828125 0.0703125 0.056640625
0 0.2255859375 0.8837890625 0.0546875 0.05078125
0 0.236328125 0.9541015625 0.0546875 0.052734375
0 0.0263671875 0.9111328125 0.041015625 0.052734375