4 0.828125 0.1396484375 0.107421875 0.1015625
4 0.931640625 0.2060546875 0.109375 0.06640625
4 0.7529296875 0.107421875 0.07421875 0.05859375
0 0.4892578125 0.2890625 0.05078125 0.041015625
0 0.5654296875 0.2578125 0.056640625 0.052734375
0 0.6357421875 0.3642578125 0.046875 0.04296875
0 0.8515625 0.3603515625 0.048828125 0.048828125
0 0.8564453125 0.3955078125 0.046875 0.041015625
0 0.55859375 0.39453125 0.044921875 0.0390625
0 0.560546875 0.3525390625 0.048828125 0.044921875
0 0.59765625 0.41015625 0.048828125 0.048828125
0 0.630859375 0.4345703125 0.05078125 0.048828125
0 0.6787109375 0.4248046875 0.04296875 0.052734375
0 0.9658203125 0.578125 0.048828125 0.044921875
0 0.7412109375 0.4970703125 0.052734375 0.05078125
0 0.6796875 0.51953125 0.052734375 0.05078125
0 0.6474609375 0.5810546875 0.052734375 0.048828125
0 0.634765625 0.6162109375 0.060546875 0.046875
0 0.328125 0.693359375 0.06640625 0.04296875
0 0.01953125 0.619140625 0.0390625 0.0546875
0 0.1669921875 0.84765625 0.056640625 0.064453125
0 0.4365234375 0.8271484375 0.03125 0.037109375
0 0.37890625 0.796875 0.044921875 0.044921875
0 0.5390625 0.84375 0.041015625 0.044921875
0 0.580078125 0.8662109375 0.041015625 0.046875
0 0.591796875 0.9169921875 0.044921875 0.046875
0 0.560546875 0.9267578125 0.03515625 0.03515625
0 0.7421875 0.880859375 0.0703125 0.05859375
0 0.6962890625 0.9287109375 0.056640625 0.052734375
0 0.671875 0.984375 0.0546875 0.03125
0 0.884765625 0.9833984375 0.04296875 0.033203125