0 0.3759765625 0.63671875 0.033203125 0.03515625
0 0.396484375 0.658203125 0.02734375 0.029296875
0 0.4208984375 0.5615234375 0.029296875 0.029296875
0 0.44140625 0.5087890625 0.0234375 0.025390625
0 0.45703125 0.4873046875 0.02734375 0.03125
0 0.5107421875 0.46875 0.025390625 0.025390625
0 0.4453125 0.3798828125 0.037109375 0.037109375
0 0.5634765625 0.3173828125 0.029296875 0.025390625
0 0.498046875 0.255859375 0.03125 0.033203125
0 0.701171875 0.560546875 0.025390625 0.0234375
0 0.6591796875 0.6318359375 0.02734375 0.025390625
0 0.6318359375 0.6494140625 0.03515625 0.037109375
0 0.640625 0.607421875 0.025390625 0.0234375
0 0.6201171875 0.626953125 0.029296875 0.029296875
0 0.546875 0.6279296875 0.033203125 0.033203125
0 0.541015625 0.78515625 0.029296875 0.029296875
0 0.6435546875 0.7421875 0.029296875 0.029296875
0 0.626953125 0.83203125 0.041015625 0.0390625
0 0.380859375 0.888671875 0.041015625 0.041015625
0 0.3369140625 0.72265625 0.025390625 0.029296875
0 0.29296875 0.6943359375 0.029296875 0.025390625
0 0.2451171875 0.6748046875 0.02734375 0.037109375
0 0.3408203125 0.779296875 0.03125 0.03125
0 0.3837890625 0.583984375 0.021484375 0.021484375
0 0.4150390625 0.580078125 0.025390625 0.025390625
0 0.41796875 0.59375 0.0234375 0.029296875
0 0.3828125 0.5693359375 0.033203125 0.03125
0 0.2861328125 0.7236328125 0.029296875 0.0234375
0 0.7158203125 0.6005859375 0.029296875 0.033203125