0 0.5751953125 0.66796875 0.03125 0.03125
0 0.5498046875 0.681640625 0.025390625 0.02734375
0 0.5556640625 0.58203125 0.02734375 0.02734375
0 0.552734375 0.5263671875 0.021484375 0.0234375
0 0.544921875 0.5009765625 0.0234375 0.03125
0 0.5 0.466796875 0.0234375 0.0234375
0 0.5888671875 0.40234375 0.03515625 0.03515625
0 0.49609375 0.3056640625 0.02734375 0.0234375
0 0.5771484375 0.2685546875 0.02734375 0.03125
0 0.2900390625 0.49609375 0.0234375 0.021484375
0 0.30859375 0.576171875 0.025390625 0.0234375
0 0.328125 0.6015625 0.03125 0.033203125
0 0.3330078125 0.55859375 0.0234375 0.021484375
0 0.3466796875 0.583984375 0.02734375 0.02734375
0 0.416015625 0.607421875 0.03125 0.03125
0 0.373046875 0.7587890625 0.02734375 0.02734375
0 0.2890625 0.685546875 0.02734375 0.02734375
0 0.2763671875 0.77734375 0.037109375 0.037109375
0 0.4931640625 0.9072265625 0.037109375 0.037109375
0 0.5859375 0.7626953125 0.0234375 0.02734375
0 0.63671875 0.7490234375 0.02734375 0.0234375
0 0.6884765625 0.7451171875 0.025390625 0.037109375
0 0.5654296875 0.8154296875 0.02734375 0.029296875
0 0.583984375 0.6162109375 0.01953125 0.01953125
0 0.5556640625 0.6025390625 0.0234375 0.0234375
0 0.548828125 0.6142578125 0.01953125 0.02734375
0 0.5908203125 0.6015625 0.03125 0.029296875
0 0.634765625 0.779296875 0.02734375 0.021484375
0 0.263671875 0.529296875 0.025390625 0.03125