0 0.3359375 0.416015625 0.03125 0.029296875
0 0.3212890625 0.44140625 0.02734375 0.025390625
0 0.4208984375 0.439453125 0.02734375 0.02734375
0 0.4765625 0.4453125 0.021484375 0.01953125
0 0.501953125 0.455078125 0.029296875 0.0234375
0 0.533203125 0.501953125 0.0234375 0.0234375
0 0.6025390625 0.416015625 0.033203125 0.033203125
0 0.693359375 0.5146484375 0.0234375 0.02734375
0 0.7353515625 0.4345703125 0.03125 0.02734375
0 0.4931640625 0.7099609375 0.01953125 0.021484375
0 0.4140625 0.6875 0.0234375 0.025390625
0 0.3896484375 0.666015625 0.033203125 0.029296875
0 0.4326171875 0.6640625 0.01953125 0.021484375
0 0.408203125 0.6484375 0.02734375 0.02734375
0 0.388671875 0.578125 0.029296875 0.029296875
0 0.2353515625 0.61328125 0.02734375 0.02734375
0 0.302734375 0.701171875 0.02734375 0.02734375
0 0.2119140625 0.708984375 0.03515625 0.03515625
0 0.09375 0.4853515625 0.03515625 0.03515625
0 0.2421875 0.400390625 0.02734375 0.0234375
0 0.2587890625 0.3505859375 0.0234375 0.02734375
0 0.265625 0.298828125 0.03515625 0.0234375
0 0.1884765625 0.4189453125 0.02734375 0.02734375
0 0.388671875 0.41015625 0.01953125 0.017578125
0 0.4013671875 0.4384765625 0.021484375 0.0234375
0 0.388671875 0.4453125 0.025390625 0.01953125
0 0.4033203125 0.404296875 0.02734375 0.029296875
0 0.228515625 0.3505859375 0.01953125 0.02734375
0 0.458984375 0.7353515625 0.029296875 0.025390625