0 0.5830078125 0.6943359375 0.0546875 0.046875
0 0.521484375 0.75 0.0625 0.05859375
0 0.4189453125 0.673828125 0.052734375 0.048828125
0 0.2177734375 0.751953125 0.052734375 0.052734375
0 0.201171875 0.720703125 0.05078125 0.046875
0 0.4814453125 0.619140625 0.048828125 0.04296875
0 0.4931640625 0.6591796875 0.052734375 0.05078125
0 0.4384765625 0.6181640625 0.052734375 0.052734375
0 0.3994140625 0.6064453125 0.056640625 0.0546875
0 0.357421875 0.6318359375 0.046875 0.056640625
0 0.03515625 0.5859375 0.052734375 0.05078125
0 0.2744140625 0.5849609375 0.05859375 0.056640625
0 0.32421875 0.54296875 0.05859375 0.056640625
0 0.333984375 0.4736328125 0.05859375 0.0546875
0 0.3330078125 0.4365234375 0.064453125 0.0546875
0 0.5947265625 0.259765625 0.0703125 0.05078125
0 0.916015625 0.2216796875 0.056640625 0.060546875
0 0.6943359375 0.0595703125 0.0625 0.0703125
0 0.4482421875 0.1708984375 0.03515625 0.0390625
0 0.5126953125 0.1796875 0.048828125 0.048828125
0 0.345703125 0.1904296875 0.046875 0.048828125
0 0.2998046875 0.18359375 0.044921875 0.05078125
0 0.271484375 0.1396484375 0.05078125 0.05078125
0 0.2978515625 0.1201171875 0.037109375 0.037109375
0 0.142578125 0.224609375 0.076171875 0.06640625
0 0.1689453125 0.1640625 0.0625 0.05859375
0 0.1689453125 0.0927734375 0.060546875 0.05859375