4 0.7822265625 0.1025390625 0.099609375 0.091796875
4 0.892578125 0.1552734375 0.103515625 0.05859375
4 0.7041015625 0.0791015625 0.068359375 0.052734375
0 0.462890625 0.2919921875 0.046875 0.037109375
0 0.5361328125 0.2509765625 0.052734375 0.046875
0 0.6181640625 0.3486328125 0.044921875 0.0390625
0 0.83203125 0.318359375 0.044921875 0.044921875
0 0.8408203125 0.3525390625 0.044921875 0.037109375
0 0.544921875 0.3876953125 0.041015625 0.03515625
0 0.5419921875 0.345703125 0.044921875 0.041015625
0 0.5859375 0.3984375 0.044921875 0.044921875
0 0.6220703125 0.4189453125 0.046875 0.044921875
0 0.66796875 0.4033203125 0.037109375 0.048828125
0 0.9716796875 0.521484375 0.044921875 0.041015625
0 0.73828125 0.4677734375 0.048828125 0.046875
0 0.6806640625 0.498046875 0.048828125 0.046875
0 0.65625 0.5625 0.048828125 0.044921875
0 0.6484375 0.5986328125 0.056640625 0.04296875
0 0.353515625 0.712890625 0.0625 0.0390625
0 0.0322265625 0.677734375 0.046875 0.05078125
0 0.2119140625 0.8857421875 0.05078125 0.060546875
0 0.4765625 0.83203125 0.029296875 0.03515625
0 0.416015625 0.8095703125 0.041015625 0.041015625
0 0.5810546875 0.8369140625 0.037109375 0.041015625
0 0.6240234375 0.853515625 0.037109375 0.044921875
0 0.6416015625 0.9033203125 0.041015625 0.04296875
0 0.611328125 0.916015625 0.03125 0.03125
0 0.7861328125 0.8486328125 0.06640625 0.052734375
0 0.7470703125 0.90234375 0.052734375 0.046875
0 0.73046875 0.9716796875 0.05078125 0.048828125
0 0.943359375 0.943359375 0.037109375 0.05078125