0 0.158203125 0.3857421875 0.03515625 0.04296875
0 0.599609375 0.337890625 0.037109375 0.041015625
0 0.5849609375 0.29296875 0.037109375 0.046875
0 0.5107421875 0.3212890625 0.041015625 0.04296875
0 0.4609375 0.3310546875 0.046875 0.046875
0 0.41796875 0.31640625 0.041015625 0.04296875
0 0.4208984375 0.53125 0.041015625 0.048828125
0 0.3291015625 0.552734375 0.046875 0.041015625
0 0.3046875 0.59375 0.0390625 0.037109375
0 0.296875 0.6298828125 0.048828125 0.041015625
0 0.232421875 0.509765625 0.0390625 0.041015625
0 0.2255859375 0.5263671875 0.04296875 0.04296875
0 0.2666015625 0.501953125 0.03125 0.04296875
0 0.2626953125 0.5322265625 0.033203125 0.0390625
0 0.0546875 0.59375 0.03515625 0.052734375
0 0.1318359375 0.4326171875 0.03515625 0.044921875
0 0.142578125 0.2265625 0.037109375 0.048828125
0 0.169921875 0.2333984375 0.03515625 0.048828125
0 0.0498046875 0.3369140625 0.0390625 0.041015625
0 0.3212890625 0.294921875 0.033203125 0.046875
0 0.3583984375 0.3017578125 0.029296875 0.046875
0 0.59765625 0.6943359375 0.046875 0.0625
0 0.53515625 0.673828125 0.041015625 0.046875
0 0.578125 0.8369140625 0.056640625 0.06640625
0 0.6435546875 0.8662109375 0.05078125 0.05078125
0 0.7841796875 0.8916015625 0.03515625 0.048828125
0 0.78125 0.76953125 0.0390625 0.046875
0 0.7939453125 0.5546875 0.041015625 0.052734375
0 0.7919921875 0.4345703125 0.029296875 0.05078125
0 0.8515625 0.3603515625 0.044921875 0.052734375
0 0.916015625 0.484375 0.041015625 0.041015625
0 0.919921875 0.7099609375 0.052734375 0.068359375
0 0.4150390625 0.61328125 0.02734375 0.0390625
0 0.4462890625 0.611328125 0.02734375 0.037109375
0 0.3818359375 0.59765625 0.033203125 0.041015625
0 0.5673828125 0.1904296875 0.03515625 0.048828125
0 0.8984375 0.24609375 0.04296875 0.04296875
0 0.583984375 0.5693359375 0.03515625 0.05078125
0 0.4228515625 0.8212890625 0.037109375 0.0390625
0 0.7041015625 0.740234375 0.04296875 0.04296875
0 0.7119140625 0.6611328125 0.03125 0.044921875
0 0.6865234375 0.62890625 0.0390625 0.046875