0 0.5771484375 0.8515625 0.041015625 0.03125
0 0.671875 0.41796875 0.0390625 0.033203125
0 0.71484375 0.4365234375 0.04296875 0.03125
0 0.6787109375 0.5078125 0.0390625 0.037109375
0 0.6630859375 0.5556640625 0.04296875 0.04296875
0 0.6748046875 0.6005859375 0.0390625 0.037109375
0 0.4599609375 0.5751953125 0.046875 0.037109375
0 0.4296875 0.6640625 0.037109375 0.04296875
0 0.38671875 0.6845703125 0.033203125 0.037109375
0 0.349609375 0.6884765625 0.037109375 0.046875
0 0.462890625 0.7646484375 0.0390625 0.037109375
0 0.4453125 0.7705078125 0.0390625 0.0390625
0 0.4736328125 0.7314453125 0.041015625 0.02734375
0 0.443359375 0.7333984375 0.03515625 0.03125
0 0.3603515625 0.9326171875 0.05078125 0.029296875
0 0.529296875 0.873046875 0.04296875 0.03125
0 0.734375 0.8837890625 0.044921875 0.033203125
0 0.73046875 0.85546875 0.044921875 0.03125
0 0.6142578125 0.96484375 0.0390625 0.037109375
0 0.685546875 0.69921875 0.044921875 0.029296875
0 0.6826171875 0.6611328125 0.044921875 0.025390625
0 0.31640625 0.3828125 0.05859375 0.041015625
0 0.3310546875 0.447265625 0.04296875 0.037109375
0 0.1728515625 0.38671875 0.0625 0.05078125
0 0.150390625 0.3193359375 0.046875 0.046875
0 0.140625 0.1767578125 0.044921875 0.03125
0 0.2607421875 0.19140625 0.04296875 0.03515625
0 0.4765625 0.2021484375 0.048828125 0.037109375
0 0.595703125 0.2158203125 0.048828125 0.025390625
0 0.6748046875 0.1650390625 0.048828125 0.041015625
0 0.5595703125 0.087890625 0.0390625 0.0390625
0 0.3349609375 0.060546875 0.064453125 0.046875
0 0.37890625 0.5732421875 0.037109375 0.0234375
0 0.3837890625 0.541015625 0.03515625 0.0234375
0 0.3896484375 0.607421875 0.037109375 0.03125
0 0.814453125 0.46484375 0.044921875 0.03125
0 0.7939453125 0.1298828125 0.0390625 0.0390625
0 0.439453125 0.4091796875 0.048828125 0.03125
0 0.171875 0.5439453125 0.037109375 0.033203125
0 0.2822265625 0.271484375 0.0390625 0.0390625
0 0.361328125 0.2724609375 0.04296875 0.02734375
0 0.3916015625 0.30078125 0.04296875 0.03515625