0 0.15234375 0.404296875 0.033203125 0.04296875
0 0.591796875 0.3330078125 0.03515625 0.0390625
0 0.57421875 0.2890625 0.03515625 0.044921875
0 0.5009765625 0.3212890625 0.0390625 0.041015625
0 0.4521484375 0.333984375 0.044921875 0.044921875
0 0.4091796875 0.3203125 0.0390625 0.041015625
0 0.4228515625 0.5361328125 0.0390625 0.046875
0 0.33203125 0.5625 0.044921875 0.0390625
0 0.310546875 0.603515625 0.037109375 0.03515625
0 0.3037109375 0.640625 0.046875 0.0390625
0 0.2333984375 0.5234375 0.0390625 0.0390625
0 0.2275390625 0.5400390625 0.041015625 0.041015625
0 0.267578125 0.513671875 0.029296875 0.041015625
0 0.2646484375 0.544921875 0.033203125 0.037109375
0 0.060546875 0.6171875 0.033203125 0.052734375
0 0.12890625 0.451171875 0.033203125 0.044921875
0 0.12890625 0.24609375 0.03515625 0.046875
0 0.15625 0.2509765625 0.033203125 0.046875
0 0.0419921875 0.361328125 0.0390625 0.0390625
0 0.310546875 0.3046875 0.03125 0.046875
0 0.3486328125 0.3095703125 0.02734375 0.046875
0 0.607421875 0.689453125 0.04296875 0.060546875
0 0.5439453125 0.671875 0.0390625 0.044921875
0 0.595703125 0.8330078125 0.0546875 0.064453125
0 0.6630859375 0.8583984375 0.048828125 0.048828125
0 0.8037109375 0.8759765625 0.033203125 0.046875
0 0.794921875 0.7548828125 0.037109375 0.044921875
0 0.7958984375 0.5390625 0.0390625 0.05078125
0 0.7880859375 0.4189453125 0.02734375 0.048828125
0 0.84375 0.3427734375 0.04296875 0.05078125
0 0.9150390625 0.4619140625 0.041015625 0.041015625
0 0.9306640625 0.6875 0.048828125 0.06640625
0 0.4208984375 0.6171875 0.025390625 0.0390625
0 0.4521484375 0.6142578125 0.025390625 0.037109375
0 0.38671875 0.6044921875 0.033203125 0.0390625
0 0.55078125 0.1875 0.033203125 0.046875
0 0.884765625 0.2255859375 0.041015625 0.041015625
0 0.587890625 0.564453125 0.033203125 0.05078125
0 0.439453125 0.8251953125 0.03515625 0.037109375
0 0.716796875 0.7294921875 0.041015625 0.041015625
0 0.7197265625 0.650390625 0.029296875 0.04296875
0 0.693359375 0.619140625 0.037109375 0.044921875