0 0.8603515625 0.484375 0.033203125 0.041015625
0 0.4482421875 0.31640625 0.03515625 0.0390625
0 0.4755859375 0.27734375 0.033203125 0.044921875
0 0.5390625 0.3251953125 0.037109375 0.041015625
0 0.583984375 0.3486328125 0.044921875 0.044921875
0 0.62890625 0.345703125 0.037109375 0.041015625
0 0.5673828125 0.5517578125 0.0390625 0.046875
0 0.6494140625 0.5986328125 0.044921875 0.0390625
0 0.662109375 0.6435546875 0.037109375 0.03515625
0 0.66015625 0.6806640625 0.046875 0.0390625
0 0.7548828125 0.5830078125 0.037109375 0.0390625
0 0.7568359375 0.6005859375 0.041015625 0.041015625
0 0.7236328125 0.5654296875 0.029296875 0.041015625
0 0.7197265625 0.5966796875 0.03125 0.037109375
0 0.9013671875 0.712890625 0.03125 0.052734375
0 0.8720703125 0.5361328125 0.033203125 0.04296875
0 0.9189453125 0.3359375 0.033203125 0.046875
0 0.890625 0.3349609375 0.033203125 0.046875
0 0.9775390625 0.4677734375 0.037109375 0.0390625
0 0.728515625 0.3525390625 0.029296875 0.046875
0 0.6904296875 0.3486328125 0.025390625 0.046875
0 0.3525390625 0.66015625 0.04296875 0.060546875
0 0.4189453125 0.6572265625 0.0390625 0.044921875
0 0.33203125 0.802734375 0.052734375 0.064453125
0 0.2607421875 0.8125 0.048828125 0.048828125
0 0.119140625 0.7978515625 0.033203125 0.046875
0 0.1552734375 0.681640625 0.037109375 0.044921875
0 0.2021484375 0.4716796875 0.0390625 0.05078125
0 0.2373046875 0.3564453125 0.025390625 0.048828125
0 0.2001953125 0.26953125 0.041015625 0.05078125
0 0.1044921875 0.3701171875 0.0390625 0.0390625
0 0.0380859375 0.5859375 0.048828125 0.06640625
0 0.55078125 0.6318359375 0.0234375 0.037109375
0 0.5205078125 0.6220703125 0.025390625 0.037109375
0 0.5869140625 0.626953125 0.03125 0.0390625
0 0.5205078125 0.18359375 0.033203125 0.046875
0 0.1865234375 0.1455078125 0.041015625 0.041015625
0 0.400390625 0.5439453125 0.033203125 0.048828125
0 0.486328125 0.830078125 0.03515625 0.037109375
0 0.2373046875 0.6748046875 0.041015625 0.0390625
0 0.251953125 0.5966796875 0.029296875 0.04296875
0 0.28515625 0.572265625 0.037109375 0.044921875