0 0.1396484375 0.4912109375 0.033203125 0.04296875
0 0.5478515625 0.31640625 0.03515625 0.0390625
0 0.5205078125 0.27734375 0.03515625 0.044921875
0 0.4580078125 0.326171875 0.0390625 0.041015625
0 0.4140625 0.3505859375 0.044921875 0.044921875
0 0.3681640625 0.34765625 0.0390625 0.041015625
0 0.43359375 0.5537109375 0.0390625 0.046875
0 0.3515625 0.6005859375 0.044921875 0.0390625
0 0.3408203125 0.646484375 0.037109375 0.03515625
0 0.34375 0.68359375 0.046875 0.0390625
0 0.2470703125 0.5869140625 0.0390625 0.0390625
0 0.2451171875 0.60546875 0.041015625 0.041015625
0 0.27734375 0.5693359375 0.029296875 0.041015625
0 0.2822265625 0.6005859375 0.033203125 0.037109375
0 0.1015625 0.7197265625 0.033203125 0.052734375
0 0.1279296875 0.54296875 0.033203125 0.044921875
0 0.078125 0.3427734375 0.03515625 0.046875
0 0.1064453125 0.341796875 0.033203125 0.046875
0 0.021484375 0.4755859375 0.0390625 0.0390625
0 0.2685546875 0.3564453125 0.03125 0.046875
0 0.306640625 0.3515625 0.02734375 0.046875
0 0.650390625 0.6572265625 0.04296875 0.060546875
0 0.583984375 0.65625 0.0390625 0.044921875
0 0.673828125 0.7998046875 0.0546875 0.064453125
0 0.744140625 0.80859375 0.048828125 0.048828125
0 0.8857421875 0.791015625 0.033203125 0.046875
0 0.8486328125 0.67578125 0.037109375 0.044921875
0 0.796875 0.466796875 0.0390625 0.05078125
0 0.7607421875 0.3515625 0.02734375 0.048828125
0 0.7958984375 0.263671875 0.04296875 0.05078125
0 0.8935546875 0.36328125 0.041015625 0.041015625
0 0.962890625 0.578125 0.048828125 0.06640625
0 0.451171875 0.6328125 0.025390625 0.0390625
0 0.4814453125 0.6220703125 0.025390625 0.037109375
0 0.4150390625 0.62890625 0.033203125 0.0390625
0 0.4736328125 0.1845703125 0.033203125 0.046875
0 0.806640625 0.140625 0.041015625 0.041015625
0 0.6005859375 0.5419921875 0.033203125 0.05078125
0 0.51953125 0.830078125 0.03515625 0.037109375
0 0.765625 0.669921875 0.041015625 0.041015625
0 0.7490234375 0.5927734375 0.029296875 0.04296875
0 0.7158203125 0.5693359375 0.037109375 0.044921875