0 0.5400390625 0.8583984375 0.041015625 0.03125
0 0.6787109375 0.435546875 0.037109375 0.033203125
0 0.720703125 0.4599609375 0.04296875 0.03125
0 0.6767578125 0.5263671875 0.0390625 0.03515625
0 0.65625 0.5732421875 0.04296875 0.04296875
0 0.6630859375 0.6181640625 0.0390625 0.03515625
0 0.4521484375 0.5703125 0.044921875 0.03515625
0 0.412109375 0.65625 0.03515625 0.04296875
0 0.3681640625 0.6708984375 0.033203125 0.03515625
0 0.3310546875 0.671875 0.03515625 0.044921875
0 0.435546875 0.759765625 0.037109375 0.03515625
0 0.41796875 0.7626953125 0.0390625 0.0390625
0 0.4501953125 0.7275390625 0.0390625 0.02734375
0 0.4189453125 0.7255859375 0.03515625 0.029296875
0 0.3154296875 0.916015625 0.05078125 0.02734375
0 0.490234375 0.8740234375 0.041015625 0.029296875
0 0.693359375 0.90625 0.044921875 0.03125
0 0.6923828125 0.8779296875 0.044921875 0.029296875
0 0.5654296875 0.974609375 0.037109375 0.03515625
0 0.6630859375 0.7177734375 0.044921875 0.02734375
0 0.6650390625 0.6796875 0.044921875 0.0234375
0 0.330078125 0.3642578125 0.05859375 0.0390625
0 0.3369140625 0.4296875 0.04296875 0.03515625
0 0.1865234375 0.353515625 0.060546875 0.048828125
0 0.171875 0.283203125 0.044921875 0.044921875
0 0.1767578125 0.140625 0.044921875 0.029296875
0 0.294921875 0.16796875 0.04296875 0.03515625
0 0.5078125 0.201171875 0.048828125 0.03515625
0 0.625 0.2275390625 0.046875 0.0234375
0 0.708984375 0.1845703125 0.048828125 0.0390625
0 0.6015625 0.095703125 0.037109375 0.037109375
0 0.3818359375 0.044921875 0.064453125 0.044921875
0 0.3720703125 0.5595703125 0.037109375 0.021484375
0 0.3798828125 0.529296875 0.03515625 0.0234375
0 0.3798828125 0.595703125 0.037109375 0.029296875
0 0.81640625 0.498046875 0.044921875 0.029296875
0 0.8310546875 0.1630859375 0.0390625 0.0390625
0 0.44921875 0.4033203125 0.046875 0.029296875
0 0.1689453125 0.5087890625 0.03515625 0.033203125
0 0.3076171875 0.25 0.037109375 0.0390625
0 0.38671875 0.259765625 0.041015625 0.02734375
0 0.412109375 0.291015625 0.04296875 0.03515625