0 0.8505859375 0.416015625 0.033203125 0.041015625
0 0.4140625 0.330078125 0.03515625 0.0390625
0 0.43359375 0.2861328125 0.033203125 0.044921875
0 0.5048828125 0.3212890625 0.037109375 0.0390625
0 0.5537109375 0.3359375 0.044921875 0.044921875
0 0.59765625 0.32421875 0.037109375 0.0390625
0 0.576171875 0.5380859375 0.037109375 0.046875
0 0.666015625 0.5673828125 0.04296875 0.037109375
0 0.6865234375 0.6103515625 0.037109375 0.033203125
0 0.69140625 0.6474609375 0.046875 0.037109375
0 0.765625 0.5322265625 0.037109375 0.0390625
0 0.771484375 0.5498046875 0.041015625 0.041015625
0 0.732421875 0.521484375 0.029296875 0.041015625
0 0.734375 0.552734375 0.03125 0.037109375
0 0.935546875 0.6328125 0.03125 0.052734375
0 0.8720703125 0.46484375 0.03125 0.04296875
0 0.8798828125 0.2587890625 0.033203125 0.046875
0 0.8515625 0.263671875 0.03125 0.046875
0 0.962890625 0.376953125 0.037109375 0.0390625
0 0.6962890625 0.3115234375 0.029296875 0.046875
0 0.658203125 0.314453125 0.025390625 0.044921875
0 0.3857421875 0.685546875 0.041015625 0.060546875
0 0.4501953125 0.669921875 0.037109375 0.04296875
0 0.392578125 0.8291015625 0.052734375 0.0625
0 0.3251953125 0.8525390625 0.046875 0.046875
0 0.1826171875 0.865234375 0.03125 0.046875
0 0.1962890625 0.744140625 0.037109375 0.04296875
0 0.2021484375 0.529296875 0.0390625 0.048828125
0 0.21484375 0.4091796875 0.025390625 0.048828125
0 0.162109375 0.3310546875 0.041015625 0.05078125
0 0.0869140625 0.4482421875 0.0390625 0.0390625
0 0.0634765625 0.6728515625 0.046875 0.06640625
0 0.5751953125 0.6201171875 0.0234375 0.037109375
0 0.5439453125 0.6162109375 0.0234375 0.03515625
0 0.609375 0.6083984375 0.03125 0.0390625
0 0.4599609375 0.185546875 0.03125 0.046875
0 0.125 0.2119140625 0.041015625 0.041015625
0 0.41015625 0.5615234375 0.033203125 0.048828125
0 0.548828125 0.8271484375 0.033203125 0.037109375
0 0.275390625 0.7216796875 0.041015625 0.0390625
0 0.275390625 0.642578125 0.029296875 0.04296875
0 0.302734375 0.6123046875 0.037109375 0.04296875