0 0.6318359375 0.8349609375 0.044921875 0.037109375
0 0.65625 0.3916015625 0.04296875 0.0390625
0 0.7021484375 0.404296875 0.046875 0.037109375
0 0.677734375 0.48046875 0.04296875 0.041015625
0 0.669921875 0.5302734375 0.048828125 0.048828125
0 0.6875 0.572265625 0.04296875 0.041015625
0 0.47265625 0.580078125 0.05078125 0.04296875
0 0.4560546875 0.673828125 0.04296875 0.046875
0 0.4169921875 0.69921875 0.0390625 0.041015625
0 0.380859375 0.7099609375 0.04296875 0.05078125
0 0.5048828125 0.767578125 0.04296875 0.041015625
0 0.48828125 0.775390625 0.044921875 0.044921875
0 0.5107421875 0.7333984375 0.04296875 0.033203125
0 0.48046875 0.7392578125 0.0390625 0.03515625
0 0.4296875 0.94921875 0.0546875 0.037109375
0 0.5869140625 0.8642578125 0.046875 0.037109375
0 0.7919921875 0.8427734375 0.048828125 0.0390625
0 0.783203125 0.8154296875 0.048828125 0.037109375
0 0.685546875 0.94140625 0.04296875 0.041015625
0 0.7138671875 0.66796875 0.048828125 0.03515625
0 0.7060546875 0.630859375 0.046875 0.03125
0 0.30078125 0.4130859375 0.064453125 0.048828125
0 0.32421875 0.474609375 0.046875 0.04296875
0 0.1591796875 0.439453125 0.068359375 0.05859375
0 0.126953125 0.3759765625 0.052734375 0.052734375
0 0.0947265625 0.2373046875 0.048828125 0.037109375
0 0.2158203125 0.232421875 0.046875 0.041015625
0 0.4296875 0.2099609375 0.052734375 0.04296875
0 0.5498046875 0.205078125 0.05078125 0.03125
0 0.62109375 0.1416015625 0.0546875 0.046875
0 0.494140625 0.0830078125 0.04296875 0.04296875
0 0.2685546875 0.091796875 0.0703125 0.0546875
0 0.3916015625 0.5908203125 0.0390625 0.02734375
0 0.3916015625 0.5595703125 0.0390625 0.029296875
0 0.408203125 0.623046875 0.041015625 0.03515625
0 0.8056640625 0.416015625 0.048828125 0.037109375
0 0.732421875 0.0888671875 0.044921875 0.044921875
0 0.4267578125 0.419921875 0.052734375 0.0390625
0 0.1826171875 0.59375 0.041015625 0.0390625
0 0.2490234375 0.30859375 0.04296875 0.044921875
0 0.328125 0.296875 0.044921875 0.033203125
0 0.361328125 0.3203125 0.046875 0.041015625