0 0.623046875 0.126953125 0.05859375 0.04296875
0 0.376953125 0.1767578125 0.048828125 0.03515625
0 0.4228515625 0.2177734375 0.048828125 0.04296875
0 0.6494140625 0.18359375 0.03515625 0.033203125
0 0.6904296875 0.1552734375 0.052734375 0.048828125
0 0.74609375 0.203125 0.0546875 0.056640625
0 0.7607421875 0.15625 0.0546875 0.044921875
0 0.8193359375 0.033203125 0.048828125 0.041015625
0 0.8125 0.5615234375 0.056640625 0.052734375
0 0.9716796875 0.5146484375 0.056640625 0.052734375
0 0.5654296875 0.697265625 0.060546875 0.060546875
0 0.544921875 0.5693359375 0.056640625 0.041015625
0 0.6201171875 0.5478515625 0.0546875 0.04296875
0 0.8095703125 0.7607421875 0.05078125 0.0546875
0 0.876953125 0.7529296875 0.052734375 0.048828125
0 0.982421875 0.70703125 0.03515625 0.078125
0 0.91796875 0.78515625 0.06640625 0.05859375
0 0.7890625 0.8896484375 0.072265625 0.06640625
0 0.8779296875 0.900390625 0.087890625 0.083984375
0 0.86328125 0.837890625 0.05078125 0.044921875
0 0.9853515625 0.8701171875 0.029296875 0.041015625
0 0.619140625 0.8251953125 0.064453125 0.056640625
0 0.623046875 0.880859375 0.064453125 0.056640625
0 0.4462890625 0.94140625 0.056640625 0.052734375
0 0.37890625 0.9169921875 0.056640625 0.048828125
0 0.3828125 0.9677734375 0.0859375 0.064453125
0 0.1748046875 0.9755859375 0.0703125 0.046875
0 0.1640625 0.9912109375 0.0625 0.017578125
0 0.4609375 0.8701171875 0.0390625 0.033203125
0 0.37109375 0.591796875 0.046875 0.0390625
0 0.8251953125 0.0986328125 0.056640625 0.06640625
0 0.8427734375 0.154296875 0.056640625 0.06640625