0 0.3212890625 0.5625 0.05078125 0.0546875
0 0.208984375 0.5341796875 0.041015625 0.052734375
0 0.1591796875 0.572265625 0.048828125 0.056640625
0 0.1328125 0.548828125 0.044921875 0.052734375
0 0.119140625 0.5888671875 0.0546875 0.05078125
0 0.18359375 0.6962890625 0.046875 0.05859375
0 0.2333984375 0.7646484375 0.041015625 0.046875
0 0.271484375 0.7353515625 0.04296875 0.04296875
0 0.3212890625 0.73828125 0.044921875 0.0546875
0 0.2734375 0.802734375 0.04296875 0.044921875
0 0.33203125 0.8525390625 0.046875 0.04296875
0 0.2587890625 0.8671875 0.052734375 0.05859375
0 0.1796875 0.841796875 0.03515625 0.033203125
0 0.107421875 0.765625 0.05078125 0.056640625
0 0.0986328125 0.359375 0.03125 0.04296875
0 0.021484375 0.392578125 0.025390625 0.041015625
0 0.634765625 0.2158203125 0.044921875 0.046875
0 0.599609375 0.2548828125 0.044921875 0.048828125
0 0.458984375 0.1826171875 0.041015625 0.05078125
0 0.4453125 0.234375 0.037109375 0.048828125
0 0.41015625 0.2197265625 0.041015625 0.044921875
0 0.3583984375 0.208984375 0.0390625 0.0390625
0 0.376953125 0.2578125 0.04296875 0.044921875
0 0.3232421875 0.1640625 0.041015625 0.060546875
0 0.3408203125 0.1044921875 0.033203125 0.044921875
0 0.3046875 0.216796875 0.033203125 0.041015625
0 0.8955078125 0.7578125 0.04296875 0.044921875
0 0.8583984375 0.775390625 0.0390625 0.0390625
0 0.91015625 0.86328125 0.04296875 0.046875
0 0.751953125 0.9189453125 0.060546875 0.0625
0 0.611328125 0.8583984375 0.03515625 0.037109375
0 0.6025390625 0.8984375 0.046875 0.0546875
0 0.564453125 0.8916015625 0.05078125 0.0546875
0 0.435546875 0.837890625 0.03515625 0.041015625
0 0.4423828125 0.7958984375 0.04296875 0.046875
0 0.4892578125 0.6865234375 0.05078125 0.0546875
0 0.50390625 0.5693359375 0.04296875 0.044921875
0 0.451171875 0.55859375 0.04296875 0.046875
0 0.685546875 0.2080078125 0.037109375 0.041015625
0 0.662109375 0.296875 0.052734375 0.05859375