0 0.6767578125 0.5693359375 0.05078125 0.052734375
0 0.7890625 0.5439453125 0.041015625 0.05078125
0 0.837890625 0.5849609375 0.046875 0.0546875
0 0.865234375 0.5625 0.04296875 0.05078125
0 0.876953125 0.6015625 0.0546875 0.048828125
0 0.8095703125 0.70703125 0.044921875 0.056640625
0 0.7578125 0.7734375 0.0390625 0.044921875
0 0.720703125 0.7431640625 0.041015625 0.041015625
0 0.6708984375 0.744140625 0.04296875 0.052734375
0 0.7158203125 0.810546875 0.04296875 0.04296875
0 0.65625 0.857421875 0.046875 0.04296875
0 0.728515625 0.875 0.05078125 0.056640625
0 0.8076171875 0.853515625 0.03515625 0.033203125
0 0.8837890625 0.779296875 0.048828125 0.0546875
0 0.90625 0.3740234375 0.03125 0.04296875
0 0.982421875 0.4091796875 0.0234375 0.041015625
0 0.3759765625 0.2119140625 0.044921875 0.046875
0 0.4091796875 0.251953125 0.04296875 0.048828125
0 0.5517578125 0.18359375 0.041015625 0.048828125
0 0.5634765625 0.236328125 0.03515625 0.046875
0 0.5986328125 0.22265625 0.0390625 0.04296875
0 0.6513671875 0.21484375 0.037109375 0.0390625
0 0.630859375 0.2626953125 0.04296875 0.04296875
0 0.6884765625 0.1708984375 0.0390625 0.060546875
0 0.6728515625 0.109375 0.03125 0.044921875
0 0.705078125 0.2236328125 0.03125 0.0390625
0 0.095703125 0.744140625 0.041015625 0.04296875
0 0.1328125 0.7626953125 0.037109375 0.0390625
0 0.0771484375 0.8486328125 0.041015625 0.046875
0 0.2333984375 0.91015625 0.05859375 0.060546875
0 0.3759765625 0.8544921875 0.033203125 0.037109375
0 0.3837890625 0.89453125 0.044921875 0.0546875
0 0.421875 0.888671875 0.05078125 0.052734375
0 0.552734375 0.83984375 0.033203125 0.041015625
0 0.546875 0.7978515625 0.041015625 0.046875
0 0.5048828125 0.6865234375 0.048828125 0.0546875
0 0.494140625 0.5693359375 0.041015625 0.04296875
0 0.546875 0.560546875 0.041015625 0.044921875
0 0.3251953125 0.2021484375 0.03515625 0.041015625
0 0.345703125 0.291015625 0.05078125 0.05859375