0 0.279296875 0.17578125 0.056640625 0.0390625
0 0.529296875 0.1552734375 0.046875 0.033203125
0 0.4970703125 0.2080078125 0.046875 0.041015625
0 0.26953125 0.2373046875 0.033203125 0.03125
0 0.22265625 0.220703125 0.05078125 0.044921875
0 0.181640625 0.2822265625 0.05078125 0.052734375
0 0.154296875 0.2421875 0.052734375 0.04296875
0 0.064453125 0.1396484375 0.046875 0.037109375
0 0.216796875 0.6455078125 0.0546875 0.048828125
0 0.0498046875 0.6455078125 0.0546875 0.05078125
0 0.4912109375 0.7080078125 0.056640625 0.056640625
0 0.4755859375 0.5791015625 0.0546875 0.0390625
0 0.3974609375 0.5791015625 0.052734375 0.0390625
0 0.2744140625 0.8359375 0.048828125 0.05078125
0 0.20703125 0.8466796875 0.05078125 0.044921875
0 0.078125 0.8369140625 0.0625 0.07421875
0 0.1767578125 0.8896484375 0.064453125 0.056640625
0 0.330078125 0.9541015625 0.068359375 0.0625
0 0.2470703125 0.974609375 0.083984375 0.05078125
0 0.244140625 0.9248046875 0.048828125 0.041015625
0 0.1298828125 0.986328125 0.041015625 0.02734375
0 0.4755859375 0.845703125 0.060546875 0.052734375
0 0.4873046875 0.900390625 0.0625 0.052734375
0 0.673828125 0.91015625 0.0546875 0.05078125
0 0.7314453125 0.8671875 0.0546875 0.046875
0 0.7421875 0.9189453125 0.083984375 0.060546875
0 0.9443359375 0.8681640625 0.068359375 0.04296875
0 0.9619140625 0.8935546875 0.060546875 0.0390625
0 0.6396484375 0.8447265625 0.037109375 0.03125
0 0.6494140625 0.552734375 0.044921875 0.037109375
0 0.0771484375 0.2041015625 0.052734375 0.064453125
0 0.0751953125 0.26171875 0.052734375 0.064453125