0 0.376953125 0.126953125 0.05859375 0.04296875
0 0.623046875 0.1767578125 0.048828125 0.03515625
0 0.5771484375 0.2177734375 0.048828125 0.04296875
0 0.3505859375 0.18359375 0.03515625 0.033203125
0 0.3095703125 0.1552734375 0.052734375 0.048828125
0 0.25390625 0.203125 0.0546875 0.056640625
0 0.2392578125 0.15625 0.0546875 0.044921875
0 0.1806640625 0.033203125 0.048828125 0.041015625
0 0.1875 0.5615234375 0.056640625 0.052734375
0 0.02734375 0.5146484375 0.0546875 0.052734375
0 0.4345703125 0.697265625 0.060546875 0.060546875
0 0.455078125 0.5693359375 0.056640625 0.041015625
0 0.3798828125 0.5478515625 0.0546875 0.04296875
0 0.1904296875 0.7607421875 0.05078125 0.0546875
0 0.123046875 0.7529296875 0.052734375 0.048828125
0 0.017578125 0.70703125 0.03515625 0.078125
0 0.08203125 0.78515625 0.06640625 0.05859375
0 0.2109375 0.8896484375 0.072265625 0.06640625
0 0.1220703125 0.900390625 0.087890625 0.083984375
0 0.13671875 0.837890625 0.05078125 0.044921875
0 0.0146484375 0.8701171875 0.029296875 0.041015625
0 0.380859375 0.8251953125 0.064453125 0.056640625
0 0.376953125 0.880859375 0.064453125 0.056640625
0 0.5537109375 0.94140625 0.056640625 0.052734375
0 0.62109375 0.9169921875 0.056640625 0.048828125
0 0.6171875 0.9677734375 0.0859375 0.064453125
0 0.8251953125 0.9755859375 0.0703125 0.046875
0 0.833984375 0.9912109375 0.0625 0.017578125
0 0.5390625 0.8701171875 0.0390625 0.033203125
0 0.62890625 0.591796875 0.046875 0.0390625
0 0.1748046875 0.0986328125 0.056640625 0.06640625
0 0.1572265625 0.154296875 0.056640625 0.06640625