0 0.7587890625 0.205078125 0.05859375 0.044921875
0 0.5126953125 0.154296875 0.048828125 0.037109375
0 0.5390625 0.2099609375 0.05078125 0.044921875
0 0.7607421875 0.267578125 0.037109375 0.03515625
0 0.8095703125 0.2568359375 0.0546875 0.05078125
0 0.8427734375 0.322265625 0.056640625 0.05859375
0 0.8740234375 0.2861328125 0.056640625 0.046875
0 0.9755859375 0.1953125 0.048828125 0.04296875
0 0.763671875 0.6787109375 0.05859375 0.0546875
0 0.9287109375 0.69921875 0.05859375 0.0546875
0 0.4833984375 0.7080078125 0.0625 0.0625
0 0.5146484375 0.5810546875 0.05859375 0.044921875
0 0.591796875 0.591796875 0.056640625 0.044921875
0 0.68359375 0.861328125 0.052734375 0.0546875
0 0.748046875 0.8798828125 0.0546875 0.05078125
0 0.8779296875 0.8857421875 0.0703125 0.080078125
0 0.7734375 0.92578125 0.068359375 0.0625
0 0.61328125 0.96875 0.07421875 0.0625
0 0.69140625 0.986328125 0.08984375 0.02734375
0 0.7021484375 0.9521484375 0.052734375 0.046875
0 0.482421875 0.845703125 0.06640625 0.05859375
0 0.4638671875 0.8984375 0.06640625 0.05859375
0 0.27734375 0.8857421875 0.05859375 0.0546875
0 0.2255859375 0.8369140625 0.05859375 0.05078125
0 0.2080078125 0.88671875 0.087890625 0.068359375
0 0.0244140625 0.810546875 0.048828125 0.05078125
0 0.0126953125 0.833984375 0.025390625 0.046875
0 0.3193359375 0.8251953125 0.0390625 0.03515625
0 0.345703125 0.5341796875 0.046875 0.041015625
0 0.9560546875 0.2578125 0.05859375 0.068359375
0 0.9501953125 0.3154296875 0.05859375 0.068359375