0 0.6650390625 0.5927734375 0.0439453125 0.046875
0 0.7802734375 0.583984375 0.0341796875 0.046875
0 0.8232421875 0.630859375 0.041015625 0.0498046875
0 0.853515625 0.6123046875 0.037109375 0.046875
0 0.859375 0.6533203125 0.048828125 0.0419921875
0 0.77734375 0.748046875 0.0390625 0.0517578125
0 0.716796875 0.806640625 0.0341796875 0.041015625
0 0.6845703125 0.771484375 0.0361328125 0.037109375
0 0.634765625 0.765625 0.0361328125 0.048828125
0 0.6708984375 0.837890625 0.037109375 0.0390625
0 0.6044921875 0.8759765625 0.0419921875 0.037109375
0 0.673828125 0.9033203125 0.0439453125 0.0517578125
0 0.755859375 0.892578125 0.03125 0.0283203125
0 0.8408203125 0.830078125 0.0419921875 0.0498046875
0 0.919921875 0.431640625 0.025390625 0.0390625
0 0.990234375 0.4775390625 0.0185546875 0.0390625
0 0.4169921875 0.197265625 0.0390625 0.041015625
0 0.4443359375 0.2412109375 0.037109375 0.0439453125
0 0.595703125 0.1943359375 0.0341796875 0.044921875
0 0.599609375 0.248046875 0.029296875 0.0439453125
0 0.63671875 0.2392578125 0.0341796875 0.0390625
0 0.689453125 0.23828125 0.033203125 0.0341796875
0 0.6630859375 0.283203125 0.037109375 0.0390625
0 0.732421875 0.2001953125 0.03125 0.056640625
0 0.7255859375 0.1376953125 0.0263671875 0.041015625
0 0.7412109375 0.2548828125 0.0263671875 0.0361328125
0 0.0654296875 0.685546875 0.0361328125 0.0390625
0 0.099609375 0.708984375 0.033203125 0.0341796875
0 0.033203125 0.7861328125 0.0361328125 0.0419921875
0 0.1787109375 0.869140625 0.0517578125 0.0546875
0 0.328125 0.833984375 0.029296875 0.033203125
0 0.330078125 0.875 0.0390625 0.048828125
0 0.3681640625 0.8740234375 0.0439453125 0.046875
0 0.5048828125 0.84375 0.029296875 0.037109375
0 0.5048828125 0.8017578125 0.0361328125 0.0419921875
0 0.478515625 0.685546875 0.0419921875 0.048828125
0 0.484375 0.5673828125 0.0361328125 0.0390625
0 0.5380859375 0.56640625 0.0361328125 0.041015625
0 0.3681640625 0.1806640625 0.03125 0.037109375
0 0.3759765625 0.271484375 0.0439453125 0.052734375