0 0.314453125 0.154296875 0.052734375 0.03515625
0 0.5654296875 0.16015625 0.04296875 0.02734375
0 0.52734375 0.208984375 0.04296875 0.03515625
0 0.2978515625 0.21484375 0.03125 0.02734375
0 0.2529296875 0.193359375 0.046875 0.041015625
0 0.2060546875 0.25 0.046875 0.048828125
0 0.18359375 0.20703125 0.05078125 0.037109375
0 0.1044921875 0.095703125 0.04296875 0.033203125
0 0.203125 0.615234375 0.05078125 0.04296875
0 0.037109375 0.59765625 0.05078125 0.044921875
0 0.4697265625 0.7060546875 0.05078125 0.05078125
0 0.4677734375 0.576171875 0.05078125 0.033203125
0 0.3896484375 0.568359375 0.05078125 0.03515625
0 0.240234375 0.810546875 0.04296875 0.046875
0 0.1728515625 0.814453125 0.046875 0.041015625
0 0.044921875 0.791015625 0.056640625 0.068359375
0 0.1376953125 0.853515625 0.05859375 0.05078125
0 0.283203125 0.93359375 0.0625 0.056640625
0 0.197265625 0.9599609375 0.076171875 0.072265625
0 0.201171875 0.8955078125 0.044921875 0.037109375
0 0.080078125 0.951171875 0.037109375 0.03515625
0 0.439453125 0.8408203125 0.056640625 0.046875
0 0.4453125 0.896484375 0.05859375 0.046875
0 0.6298828125 0.92578125 0.05078125 0.044921875
0 0.69140625 0.8896484375 0.05078125 0.041015625
0 0.697265625 0.9423828125 0.078125 0.052734375
0 0.9033203125 0.912109375 0.064453125 0.037109375
0 0.91796875 0.939453125 0.056640625 0.03515625
0 0.6025390625 0.857421875 0.03515625 0.02734375
0 0.642578125 0.568359375 0.041015625 0.033203125
0 0.1103515625 0.1611328125 0.046875 0.05859375
0 0.1025390625 0.21875 0.046875 0.05859375