0 0.775390625 0.4951171875 0.05078125 0.0625
0 0.9365234375 0.5673828125 0.052734375 0.060546875
0 0.8740234375 0.4580078125 0.0546875 0.064453125
0 0.923828125 0.3994140625 0.04296875 0.04296875
0 0.9228515625 0.3515625 0.044921875 0.05078125
0 0.8349609375 0.33984375 0.048828125 0.060546875
0 0.91796875 0.27734375 0.05859375 0.060546875
0 0.734375 0.5458984375 0.05078125 0.0625
0 0.5810546875 0.638671875 0.04296875 0.041015625
0 0.5654296875 0.6123046875 0.037109375 0.04296875
0 0.53125 0.4462890625 0.0390625 0.052734375
0 0.455078125 0.720703125 0.04296875 0.05078125
0 0.365234375 0.7216796875 0.0546875 0.05859375
0 0.390625 0.5869140625 0.056640625 0.052734375
0 0.4013671875 0.486328125 0.064453125 0.0546875
0 0.45703125 0.4716796875 0.041015625 0.041015625
0 0.482421875 0.521484375 0.0390625 0.0390625
0 0.2275390625 0.435546875 0.056640625 0.052734375
0 0.30859375 0.53515625 0.03515625 0.046875
0 0.3427734375 0.4931640625 0.05078125 0.048828125
0 0.2978515625 0.4814453125 0.037109375 0.04296875
0 0.27734375 0.49609375 0.0390625 0.0390625
0 0.068359375 0.4189453125 0.048828125 0.0546875
0 0.171875 0.349609375 0.041015625 0.046875
0 0.0419921875 0.3837890625 0.04296875 0.05859375
0 0.0126953125 0.4814453125 0.025390625 0.056640625
0 0.0400390625 0.599609375 0.041015625 0.052734375
0 0.0517578125 0.6435546875 0.052734375 0.064453125
0 0.1201171875 0.6630859375 0.056640625 0.060546875
0 0.1484375 0.73046875 0.046875 0.056640625
0 0.1982421875 0.740234375 0.056640625 0.064453125
0 0.4248046875 0.87109375 0.048828125 0.05859375
0 0.203125 0.5791015625 0.05078125 0.0625
0 0.1328125 0.5615234375 0.044921875 0.0546875
0 0.1884765625 0.5048828125 0.041015625 0.0546875
0 0.27734375 0.9091796875 0.03125 0.02734375
0 0.322265625 0.8388671875 0.037109375 0.037109375
0 0.2978515625 0.8232421875 0.02734375 0.03515625
0 0.087890625 0.759765625 0.033203125 0.03515625
0 0.5927734375 0.783203125 0.033203125 0.037109375
0 0.533203125 0.7783203125 0.0390625 0.046875
0 0.525390625 0.736328125 0.041015625 0.041015625