0 0.76171875 0.4150390625 0.048828125 0.0625
0 0.8916015625 0.2939453125 0.05078125 0.05859375
0 0.8671875 0.41796875 0.052734375 0.0625
0 0.93359375 0.45703125 0.041015625 0.041015625
0 0.9482421875 0.5029296875 0.04296875 0.048828125
0 0.869140625 0.54296875 0.046875 0.060546875
0 0.9677734375 0.57421875 0.056640625 0.05859375
0 0.70703125 0.3798828125 0.048828125 0.0625
0 0.53125 0.3427734375 0.041015625 0.0390625
0 0.525390625 0.3720703125 0.03515625 0.041015625
0 0.546875 0.541015625 0.037109375 0.05078125
0 0.3857421875 0.3056640625 0.041015625 0.048828125
0 0.2998046875 0.3349609375 0.052734375 0.056640625
0 0.3681640625 0.453125 0.0546875 0.05078125
0 0.412109375 0.544921875 0.0625 0.05078125
0 0.46875 0.541015625 0.041015625 0.0390625
0 0.4765625 0.4853515625 0.0390625 0.037109375
0 0.263671875 0.6494140625 0.0546875 0.05078125
0 0.3076171875 0.529296875 0.033203125 0.044921875
0 0.353515625 0.5576171875 0.048828125 0.046875
0 0.314453125 0.5830078125 0.03515625 0.041015625
0 0.291015625 0.576171875 0.0390625 0.037109375
0 0.1181640625 0.7177734375 0.046875 0.052734375
0 0.2392578125 0.7490234375 0.0390625 0.046875
0 0.1044921875 0.7587890625 0.041015625 0.056640625
0 0.0419921875 0.677734375 0.033203125 0.056640625
0 0.0322265625 0.5556640625 0.0390625 0.05078125
0 0.029296875 0.509765625 0.048828125 0.0625
0 0.087890625 0.46875 0.0546875 0.05859375
0 0.0927734375 0.396484375 0.044921875 0.0546875
0 0.13671875 0.3701171875 0.0546875 0.0625
0 0.30859375 0.173828125 0.046875 0.05859375
0 0.193359375 0.5224609375 0.048828125 0.0625
0 0.1328125 0.5615234375 0.04296875 0.052734375
0 0.2041015625 0.5966796875 0.037109375 0.052734375
0 0.0537109375 0.8095703125 0.033203125 0.037109375
0 0.15625 0.185546875 0.03125 0.025390625
0 0.2216796875 0.2373046875 0.03515625 0.03515625
0 0.2041015625 0.2607421875 0.025390625 0.033203125
0 0.025390625 0.3876953125 0.033203125 0.03515625
0 0.4951171875 0.2021484375 0.033203125 0.037109375
0 0.4404296875 0.2265625 0.037109375 0.044921875
0 0.447265625 0.2685546875 0.0390625 0.0390625