0 0.775390625 0.51953125 0.046875 0.060546875
0 0.9296875 0.60546875 0.048828125 0.056640625
0 0.8759765625 0.4912109375 0.05078125 0.060546875
0 0.931640625 0.4365234375 0.041015625 0.041015625
0 0.9345703125 0.388671875 0.041015625 0.048828125
0 0.84765625 0.369140625 0.044921875 0.05859375
0 0.9365234375 0.314453125 0.0546875 0.05859375
0 0.7294921875 0.56640625 0.046875 0.060546875
0 0.568359375 0.6455078125 0.041015625 0.037109375
0 0.5556640625 0.6181640625 0.03515625 0.041015625
0 0.5361328125 0.44921875 0.03515625 0.05078125
0 0.4365234375 0.7158203125 0.041015625 0.046875
0 0.345703125 0.708984375 0.052734375 0.0546875
0 0.3837890625 0.5771484375 0.0546875 0.048828125
0 0.4033203125 0.4775390625 0.060546875 0.048828125
0 0.458984375 0.4677734375 0.0390625 0.037109375
0 0.48046875 0.51953125 0.037109375 0.037109375
0 0.234375 0.412109375 0.052734375 0.048828125
0 0.306640625 0.5185546875 0.033203125 0.044921875
0 0.34375 0.4794921875 0.048828125 0.046875
0 0.2998046875 0.4638671875 0.03515625 0.041015625
0 0.2783203125 0.4775390625 0.037109375 0.037109375
0 0.0771484375 0.3818359375 0.044921875 0.05078125
0 0.1865234375 0.322265625 0.0390625 0.044921875
0 0.0537109375 0.3447265625 0.0390625 0.056640625
0 0.013671875 0.4375 0.02734375 0.0546875
0 0.033203125 0.55859375 0.037109375 0.05078125
0 0.041015625 0.6044921875 0.046875 0.0625
0 0.107421875 0.6298828125 0.052734375 0.056640625
0 0.1298828125 0.69921875 0.044921875 0.052734375
0 0.1787109375 0.7138671875 0.052734375 0.060546875
0 0.392578125 0.86328125 0.044921875 0.056640625
0 0.197265625 0.552734375 0.046875 0.060546875
0 0.12890625 0.529296875 0.04296875 0.052734375
0 0.189453125 0.4775390625 0.037109375 0.052734375
0 0.00390625 0.306640625 0.0078125 0.03515625
0 0.2421875 0.888671875 0.03125 0.0234375
0 0.29296875 0.822265625 0.03515625 0.03515625
0 0.2705078125 0.8037109375 0.025390625 0.033203125
0 0.06640625 0.7236328125 0.03125 0.033203125
0 0.5673828125 0.7900390625 0.03125 0.03515625
0 0.5087890625 0.7802734375 0.03515625 0.044921875
0 0.50390625 0.7373046875 0.037109375 0.037109375