0 0.7705078125 0.552734375 0.04296875 0.056640625
0 0.9130859375 0.65625 0.044921875 0.052734375
0 0.8740234375 0.537109375 0.046875 0.056640625
0 0.935546875 0.490234375 0.037109375 0.037109375
0 0.9443359375 0.4423828125 0.037109375 0.044921875
0 0.861328125 0.412109375 0.0390625 0.0546875
0 0.955078125 0.369140625 0.05078125 0.052734375
0 0.7197265625 0.59375 0.04296875 0.056640625
0 0.5498046875 0.65234375 0.037109375 0.03515625
0 0.541015625 0.6240234375 0.03125 0.037109375
0 0.5419921875 0.4541015625 0.03125 0.046875
0 0.41015625 0.7060546875 0.037109375 0.044921875
0 0.322265625 0.6884765625 0.046875 0.05078125
0 0.375 0.5625 0.05078125 0.044921875
0 0.4072265625 0.4658203125 0.056640625 0.044921875
0 0.4638671875 0.462890625 0.037109375 0.03515625
0 0.478515625 0.517578125 0.03515625 0.033203125
0 0.2470703125 0.3798828125 0.048828125 0.044921875
0 0.3056640625 0.4951171875 0.029296875 0.04296875
0 0.34765625 0.4599609375 0.044921875 0.04296875
0 0.3056640625 0.4404296875 0.03125 0.037109375
0 0.283203125 0.4501953125 0.03515625 0.033203125
0 0.0947265625 0.3310546875 0.041015625 0.046875
0 0.2109375 0.28515625 0.03515625 0.04296875
0 0.076171875 0.291015625 0.03515625 0.052734375
0 0.0234375 0.37890625 0.025390625 0.052734375
0 0.029296875 0.501953125 0.033203125 0.046875
0 0.03125 0.5478515625 0.04296875 0.05859375
0 0.09375 0.5810546875 0.046875 0.052734375
0 0.1083984375 0.65234375 0.0390625 0.05078125
0 0.1552734375 0.6728515625 0.048828125 0.056640625
0 0.349609375 0.8466796875 0.0390625 0.052734375
0 0.193359375 0.515625 0.04296875 0.056640625
0 0.1279296875 0.4833984375 0.037109375 0.048828125
0 0.1943359375 0.4404296875 0.03125 0.05078125
0 0.0185546875 0.2470703125 0.029296875 0.033203125
0 0.197265625 0.8544921875 0.029296875 0.021484375
0 0.255859375 0.794921875 0.03125 0.03125
0 0.2353515625 0.7734375 0.021484375 0.03125
0 0.04296875 0.6689453125 0.029296875 0.03125
0 0.5322265625 0.796875 0.029296875 0.033203125
0 0.474609375 0.779296875 0.03125 0.041015625
0 0.4755859375 0.736328125 0.03515625 0.03515625