0 0.75390625 0.392578125 0.052734375 0.064453125
0 0.8720703125 0.2607421875 0.0546875 0.060546875
0 0.8583984375 0.3857421875 0.056640625 0.064453125
0 0.9287109375 0.4189453125 0.044921875 0.044921875
0 0.9462890625 0.4638671875 0.046875 0.052734375
0 0.87109375 0.5107421875 0.05078125 0.0625
0 0.970703125 0.533203125 0.05859375 0.0625
0 0.6953125 0.3623046875 0.052734375 0.064453125
0 0.517578125 0.3408203125 0.04296875 0.041015625
0 0.5146484375 0.3701171875 0.0390625 0.04296875
0 0.55078125 0.5361328125 0.041015625 0.052734375
0 0.369140625 0.31640625 0.044921875 0.05078125
0 0.2861328125 0.3525390625 0.056640625 0.05859375
0 0.3642578125 0.46484375 0.05859375 0.0546875
0 0.416015625 0.552734375 0.064453125 0.0546875
0 0.4716796875 0.5439453125 0.04296875 0.041015625
0 0.4755859375 0.4873046875 0.041015625 0.041015625
0 0.27734375 0.669921875 0.056640625 0.0546875
0 0.3115234375 0.5458984375 0.037109375 0.046875
0 0.359375 0.5703125 0.052734375 0.05078125
0 0.322265625 0.599609375 0.0390625 0.04296875
0 0.2978515625 0.59375 0.041015625 0.041015625
0 0.138671875 0.75 0.05078125 0.0546875
0 0.26171875 0.7705078125 0.04296875 0.048828125
0 0.12890625 0.7919921875 0.044921875 0.05859375
0 0.05859375 0.716796875 0.037109375 0.056640625
0 0.0390625 0.5966796875 0.04296875 0.052734375
0 0.03125 0.55078125 0.0546875 0.06640625
0 0.0859375 0.5048828125 0.056640625 0.0625
0 0.0859375 0.4326171875 0.048828125 0.056640625
0 0.126953125 0.40234375 0.05859375 0.06640625
0 0.2802734375 0.19140625 0.05078125 0.060546875
0 0.1962890625 0.548828125 0.052734375 0.064453125
0 0.1396484375 0.5927734375 0.046875 0.056640625
0 0.2138671875 0.6220703125 0.041015625 0.0546875
0 0.08203125 0.8466796875 0.03515625 0.0390625
0 0.1298828125 0.216796875 0.033203125 0.02734375
0 0.19921875 0.2626953125 0.037109375 0.037109375
0 0.1845703125 0.287109375 0.02734375 0.03515625
0 0.017578125 0.4296875 0.03515625 0.037109375
0 0.4697265625 0.203125 0.03515625 0.0390625
0 0.4169921875 0.232421875 0.0390625 0.046875
0 0.4267578125 0.2744140625 0.041015625 0.041015625