0 0.775390625 0.51953125 0.052734375 0.064453125
0 0.939453125 0.4560546875 0.0546875 0.0625
0 0.87109375 0.5615234375 0.056640625 0.06640625
0 0.91796875 0.6220703125 0.044921875 0.044921875
0 0.9140625 0.6708984375 0.046875 0.052734375
0 0.826171875 0.677734375 0.05078125 0.0625
0 0.90625 0.744140625 0.060546875 0.0625
0 0.7373046875 0.466796875 0.052734375 0.064453125
0 0.587890625 0.3662109375 0.044921875 0.04296875
0 0.5712890625 0.390625 0.0390625 0.04296875
0 0.5283203125 0.5556640625 0.041015625 0.052734375
0 0.466796875 0.27734375 0.044921875 0.05078125
0 0.376953125 0.2724609375 0.056640625 0.060546875
0 0.3955078125 0.4072265625 0.05859375 0.0546875
0 0.4013671875 0.5087890625 0.06640625 0.056640625
0 0.455078125 0.5263671875 0.04296875 0.041015625
0 0.4833984375 0.4775390625 0.041015625 0.041015625
0 0.224609375 0.5498046875 0.05859375 0.0546875
0 0.310546875 0.455078125 0.037109375 0.046875
0 0.341796875 0.4990234375 0.052734375 0.05078125
0 0.296875 0.5078125 0.0390625 0.04296875
0 0.27734375 0.4921875 0.041015625 0.041015625
0 0.064453125 0.55859375 0.05078125 0.0546875
0 0.1650390625 0.6328125 0.04296875 0.048828125
0 0.0361328125 0.591796875 0.046875 0.05859375
0 0.013671875 0.4931640625 0.02734375 0.056640625
0 0.0458984375 0.376953125 0.04296875 0.052734375
0 0.0595703125 0.3330078125 0.0546875 0.06640625
0 0.12890625 0.3173828125 0.05859375 0.0625
0 0.1611328125 0.251953125 0.05078125 0.05859375
0 0.2119140625 0.244140625 0.05859375 0.06640625
0 0.4443359375 0.1259765625 0.05078125 0.060546875
0 0.20703125 0.40625 0.052734375 0.064453125
0 0.13671875 0.419921875 0.046875 0.056640625
0 0.189453125 0.478515625 0.04296875 0.056640625
0 0.298828125 0.0791015625 0.033203125 0.02734375
0 0.33984375 0.15234375 0.037109375 0.037109375
0 0.3154296875 0.1669921875 0.029296875 0.03515625
0 0.1025390625 0.21875 0.03515625 0.037109375
0 0.607421875 0.2216796875 0.03515625 0.0390625
0 0.5478515625 0.2236328125 0.041015625 0.046875
0 0.537109375 0.265625 0.041015625 0.041015625