0 0.7734375 0.533203125 0.04296875 0.05859375
0 0.9228515625 0.626953125 0.046875 0.0546875
0 0.8759765625 0.5107421875 0.046875 0.05859375
0 0.93359375 0.4599609375 0.0390625 0.0390625
0 0.939453125 0.4111328125 0.0390625 0.046875
0 0.853515625 0.3876953125 0.041015625 0.056640625
0 0.9453125 0.337890625 0.052734375 0.0546875
0 0.7265625 0.578125 0.04296875 0.05859375
0 0.560546875 0.6484375 0.0390625 0.03515625
0 0.5498046875 0.62109375 0.033203125 0.0390625
0 0.5380859375 0.451171875 0.033203125 0.048828125
0 0.4248046875 0.7119140625 0.0390625 0.044921875
0 0.3359375 0.7001953125 0.048828125 0.052734375
0 0.3798828125 0.5712890625 0.052734375 0.046875
0 0.404296875 0.47265625 0.05859375 0.046875
0 0.4609375 0.4658203125 0.037109375 0.03515625
0 0.4794921875 0.5185546875 0.03515625 0.03515625
0 0.2392578125 0.3984375 0.05078125 0.046875
0 0.3056640625 0.5078125 0.03125 0.04296875
0 0.3447265625 0.470703125 0.046875 0.044921875
0 0.3017578125 0.4541015625 0.033203125 0.0390625
0 0.2802734375 0.4658203125 0.03515625 0.03515625
0 0.083984375 0.359375 0.04296875 0.048828125
0 0.1962890625 0.3056640625 0.037109375 0.04296875
0 0.0625 0.3212890625 0.037109375 0.0546875
0 0.0166015625 0.4130859375 0.02734375 0.0546875
0 0.0302734375 0.5341796875 0.03515625 0.048828125
0 0.0361328125 0.580078125 0.044921875 0.060546875
0 0.1005859375 0.609375 0.048828125 0.0546875
0 0.1201171875 0.6796875 0.041015625 0.052734375
0 0.16796875 0.6962890625 0.048828125 0.05859375
0 0.3740234375 0.8564453125 0.041015625 0.0546875
0 0.1953125 0.5361328125 0.04296875 0.05859375
0 0.1279296875 0.509765625 0.0390625 0.05078125
0 0.1904296875 0.4619140625 0.033203125 0.05078125
0 0.0087890625 0.28125 0.017578125 0.03515625
0 0.22265625 0.8740234375 0.029296875 0.0234375
0 0.2763671875 0.810546875 0.033203125 0.033203125
0 0.2548828125 0.7919921875 0.0234375 0.033203125
0 0.0556640625 0.7001953125 0.029296875 0.033203125
0 0.552734375 0.7939453125 0.029296875 0.03515625
0 0.494140625 0.7802734375 0.033203125 0.04296875
0 0.4921875 0.7373046875 0.03515625 0.03515625