0 0.529296875 0.669921875 0.025390625 0.025390625
0 0.5185546875 0.7021484375 0.0234375 0.0234375
0 0.5078125 0.66796875 0.025390625 0.025390625
0 0.5361328125 0.6337890625 0.02734375 0.02734375
0 0.5556640625 0.6650390625 0.0234375 0.0234375
0 0.6015625 0.63671875 0.037109375 0.03125
0 0.54296875 0.5986328125 0.02734375 0.029296875
0 0.5419921875 0.5693359375 0.025390625 0.025390625
0 0.5107421875 0.51953125 0.025390625 0.03125
0 0.5234375 0.486328125 0.033203125 0.03125
0 0.5390625 0.419921875 0.025390625 0.03125
0 0.5478515625 0.4482421875 0.025390625 0.025390625
0 0.51953125 0.4267578125 0.017578125 0.017578125
0 0.51171875 0.572265625 0.0234375 0.025390625