0 0.6689453125 0.533203125 0.0234375 0.0234375
0 0.6953125 0.5556640625 0.021484375 0.021484375
0 0.66015625 0.552734375 0.0234375 0.0234375
0 0.6376953125 0.513671875 0.025390625 0.0234375
0 0.673828125 0.5078125 0.021484375 0.021484375
0 0.6640625 0.4541015625 0.029296875 0.033203125
0 0.607421875 0.4951171875 0.02734375 0.025390625
0 0.5791015625 0.4853515625 0.0234375 0.0234375
0 0.5224609375 0.4970703125 0.03125 0.021484375
0 0.4951171875 0.47265625 0.029296875 0.03125
0 0.439453125 0.4345703125 0.03125 0.021484375
0 0.46875 0.4375 0.0234375 0.0234375
0 0.4384765625 0.455078125 0.017578125 0.015625
0 0.572265625 0.5146484375 0.0234375 0.021484375