0 0.4755859375 0.6708984375 0.0234375 0.0234375
0 0.455078125 0.697265625 0.01953125 0.01953125
0 0.455078125 0.662109375 0.0234375 0.0234375
0 0.4931640625 0.638671875 0.0234375 0.025390625
0 0.501953125 0.6748046875 0.01953125 0.01953125
0 0.5546875 0.6611328125 0.033203125 0.02734375
0 0.509765625 0.607421875 0.0234375 0.02734375
0 0.5185546875 0.5791015625 0.0234375 0.021484375
0 0.50390625 0.521484375 0.01953125 0.029296875
0 0.5263671875 0.494140625 0.029296875 0.02734375
0 0.5625 0.435546875 0.01953125 0.029296875
0 0.5615234375 0.46484375 0.0234375 0.0234375
0 0.5419921875 0.4365234375 0.015625 0.015625
0 0.4892578125 0.572265625 0.01953125 0.0234375