0 0.3291015625 0.5244140625 0.0234375 0.0234375
0 0.302734375 0.544921875 0.01953125 0.01953125
0 0.337890625 0.544921875 0.0234375 0.0234375
0 0.361328125 0.5068359375 0.025390625 0.0234375
0 0.3251953125 0.498046875 0.01953125 0.01953125
0 0.3388671875 0.4453125 0.02734375 0.033203125
0 0.392578125 0.490234375 0.02734375 0.0234375
0 0.4208984375 0.4814453125 0.021484375 0.0234375
0 0.478515625 0.49609375 0.029296875 0.01953125
0 0.505859375 0.4736328125 0.02734375 0.029296875
0 0.564453125 0.4375 0.029296875 0.01953125
0 0.53515625 0.4384765625 0.0234375 0.0234375
0 0.5634765625 0.4580078125 0.015625 0.015625
0 0.427734375 0.5107421875 0.0234375 0.01953125