0 0.4853515625 0.671875 0.025390625 0.025390625
0 0.5 0.7021484375 0.021484375 0.021484375
0 0.5068359375 0.66796875 0.025390625 0.025390625
0 0.4755859375 0.63671875 0.025390625 0.02734375
0 0.458984375 0.669921875 0.021484375 0.021484375
0 0.4111328125 0.6455078125 0.03515625 0.029296875
0 0.4658203125 0.6025390625 0.025390625 0.029296875
0 0.4638671875 0.572265625 0.025390625 0.0234375
0 0.4912109375 0.5205078125 0.0234375 0.03125
0 0.4755859375 0.48828125 0.03125 0.029296875
0 0.4541015625 0.423828125 0.0234375 0.03125
0 0.4482421875 0.4521484375 0.025390625 0.025390625
0 0.4736328125 0.4287109375 0.015625 0.017578125
0 0.494140625 0.5732421875 0.021484375 0.0234375