0 0.328125 0.48828125 0.0234375 0.0234375
0 0.2978515625 0.5029296875 0.021484375 0.021484375
0 0.33203125 0.509765625 0.0234375 0.0234375
0 0.36328125 0.4775390625 0.025390625 0.025390625
0 0.330078125 0.4619140625 0.021484375 0.021484375
0 0.353515625 0.4130859375 0.029296875 0.03515625
0 0.3974609375 0.4677734375 0.02734375 0.025390625
0 0.4267578125 0.46484375 0.0234375 0.0234375
0 0.4794921875 0.4912109375 0.03125 0.021484375
0 0.51171875 0.474609375 0.029296875 0.03125
0 0.576171875 0.4521484375 0.03125 0.021484375
0 0.546875 0.447265625 0.0234375 0.0234375
0 0.5712890625 0.47265625 0.017578125 0.015625
0 0.4267578125 0.49609375 0.0234375 0.021484375