0 0.4521484375 0.6650390625 0.025390625 0.025390625
0 0.427734375 0.689453125 0.021484375 0.021484375
0 0.43359375 0.654296875 0.025390625 0.025390625
0 0.4736328125 0.63671875 0.025390625 0.02734375
0 0.4775390625 0.6728515625 0.021484375 0.021484375
0 0.53125 0.6669921875 0.03515625 0.03125
0 0.4951171875 0.607421875 0.025390625 0.029296875
0 0.5078125 0.580078125 0.025390625 0.025390625
0 0.5009765625 0.5224609375 0.0234375 0.03125
0 0.52734375 0.498046875 0.033203125 0.03125
0 0.5703125 0.4453125 0.0234375 0.03125
0 0.5654296875 0.4736328125 0.025390625 0.025390625
0 0.5498046875 0.4423828125 0.017578125 0.017578125
0 0.4794921875 0.5703125 0.0234375 0.025390625