0 0.3291015625 0.521484375 0.0234375 0.0234375
0 0.3017578125 0.5419921875 0.01953125 0.01953125
0 0.3369140625 0.5419921875 0.0234375 0.0234375
0 0.361328125 0.50390625 0.025390625 0.0234375
0 0.326171875 0.4951171875 0.01953125 0.01953125
0 0.33984375 0.443359375 0.02734375 0.033203125
0 0.392578125 0.48828125 0.02734375 0.0234375
0 0.421875 0.4794921875 0.021484375 0.0234375
0 0.478515625 0.4951171875 0.029296875 0.01953125
0 0.5068359375 0.4736328125 0.02734375 0.029296875
0 0.5654296875 0.4384765625 0.029296875 0.01953125
0 0.5361328125 0.439453125 0.0234375 0.0234375
0 0.564453125 0.458984375 0.015625 0.013671875
0 0.4267578125 0.509765625 0.021484375 0.01953125