0 0.5419921875 0.6669921875 0.025390625 0.025390625
0 0.5654296875 0.69140625 0.021484375 0.021484375
0 0.5615234375 0.6572265625 0.025390625 0.025390625
0 0.521484375 0.63671875 0.025390625 0.02734375
0 0.5166015625 0.673828125 0.021484375 0.021484375
0 0.462890625 0.666015625 0.03515625 0.03125
0 0.5009765625 0.607421875 0.025390625 0.029296875
0 0.4892578125 0.580078125 0.025390625 0.0234375
0 0.498046875 0.5224609375 0.0234375 0.03125
0 0.47265625 0.4970703125 0.033203125 0.029296875
0 0.431640625 0.4423828125 0.0234375 0.03125
0 0.435546875 0.4716796875 0.025390625 0.025390625
0 0.4521484375 0.44140625 0.015625 0.017578125
0 0.5185546875 0.5712890625 0.021484375 0.0234375