0 0.1650390625 0.5654296875 0.041015625 0.05078125
0 0.103515625 0.5546875 0.03515625 0.037109375
0 0.068359375 0.5380859375 0.046875 0.05078125
0 0.173828125 0.4326171875 0.037109375 0.04296875
0 0.2685546875 0.5458984375 0.0390625 0.052734375
0 0.3056640625 0.5380859375 0.03515625 0.05078125
0 0.3359375 0.5380859375 0.046875 0.0703125
0 0.3720703125 0.5361328125 0.0390625 0.056640625
0 0.4052734375 0.5302734375 0.046875 0.056640625
0 0.4482421875 0.484375 0.0390625 0.05078125
0 0.4755859375 0.4794921875 0.044921875 0.048828125
0 0.1982421875 0.2919921875 0.04296875 0.05078125
0 0.1572265625 0.2890625 0.03515625 0.044921875
0 0.1337890625 0.6953125 0.03515625 0.05078125