0 0.1591796875 0.51171875 0.046875 0.0546875
0 0.099609375 0.4921875 0.0390625 0.041015625
0 0.068359375 0.470703125 0.052734375 0.056640625
0 0.1884765625 0.3818359375 0.04296875 0.046875
0 0.263671875 0.509765625 0.046875 0.056640625
0 0.3017578125 0.5078125 0.04296875 0.052734375
0 0.33203125 0.51171875 0.056640625 0.07421875
0 0.3681640625 0.515625 0.046875 0.060546875
0 0.40234375 0.515625 0.0546875 0.0625
0 0.451171875 0.4765625 0.044921875 0.0546875
0 0.4794921875 0.4765625 0.05078125 0.052734375
0 0.234375 0.248046875 0.05078125 0.0546875
0 0.1943359375 0.23828125 0.041015625 0.046875
0 0.107421875 0.6357421875 0.04296875 0.052734375