0 0.453125 0.162109375 0.052734375 0.04296875
0 0.4658203125 0.1015625 0.0390625 0.037109375
0 0.484375 0.0673828125 0.052734375 0.048828125
0 0.5849609375 0.177734375 0.04296875 0.0390625
0 0.4658203125 0.2666015625 0.0546875 0.041015625
0 0.4716796875 0.3037109375 0.05078125 0.0390625
0 0.470703125 0.333984375 0.0703125 0.05078125
0 0.470703125 0.37109375 0.056640625 0.04296875
0 0.474609375 0.404296875 0.05859375 0.048828125
0 0.517578125 0.44921875 0.05078125 0.041015625
0 0.521484375 0.4765625 0.05078125 0.046875
0 0.72265625 0.208984375 0.052734375 0.046875
0 0.728515625 0.16796875 0.044921875 0.037109375
0 0.32421875 0.1240234375 0.05078125 0.0390625