0 0.5078125 0.24609375 0.0703125 0.068359375
0 0.462890625 0.1953125 0.05859375 0.056640625
0 0.42578125 0.22265625 0.060546875 0.046875
0 0.3828125 0.2373046875 0.0546875 0.048828125
0 0.4052734375 0.2783203125 0.052734375 0.0546875
0 0.4775390625 0.2978515625 0.076171875 0.05859375
0 0.47265625 0.3154296875 0.078125 0.044921875
0 0.462890625 0.3466796875 0.064453125 0.052734375
0 0.49609375 0.5068359375 0.06640625 0.060546875
0 0.42578125 0.62109375 0.08984375 0.08203125
0 0.5693359375 0.6728515625 0.1015625 0.091796875
0 0.6865234375 0.6279296875 0.10546875 0.083984375
0 0.8115234375 0.7001953125 0.072265625 0.07421875
0 0.767578125 0.7421875 0.087890625 0.076171875
0 0.7119140625 0.7744140625 0.087890625 0.072265625
0 0.697265625 0.8916015625 0.095703125 0.06640625
0 0.4677734375 0.833984375 0.09765625 0.0703125
0 0.5029296875 0.759765625 0.09765625 0.07421875
0 0.4365234375 0.740234375 0.091796875 0.076171875
0 0.353515625 0.763671875 0.1015625 0.087890625
0 0.5439453125 0.884765625 0.09375 0.076171875
0 0.6572265625 0.9345703125 0.111328125 0.08984375