0 0.455078125 0.25 0.060546875 0.056640625
0 0.400390625 0.2099609375 0.0498046875 0.046875
0 0.3701171875 0.244140625 0.0546875 0.0361328125
0 0.3310546875 0.267578125 0.046875 0.0390625
0 0.361328125 0.302734375 0.044921875 0.046875
0 0.435546875 0.306640625 0.0673828125 0.044921875
0 0.4345703125 0.3251953125 0.072265625 0.03125
0 0.431640625 0.357421875 0.0576171875 0.0419921875
0 0.498046875 0.5078125 0.0576171875 0.0498046875
0 0.4521484375 0.6337890625 0.078125 0.0673828125
0 0.603515625 0.654296875 0.087890625 0.0751953125
0 0.708984375 0.5859375 0.09375 0.0654296875
0 0.8466796875 0.630859375 0.060546875 0.0625
0 0.8125 0.681640625 0.076171875 0.0625
0 0.7646484375 0.724609375 0.078125 0.056640625
0 0.7744140625 0.841796875 0.087890625 0.048828125
0 0.5380859375 0.8330078125 0.087890625 0.052734375
0 0.556640625 0.75390625 0.087890625 0.0576171875
0 0.48828125 0.748046875 0.0810546875 0.060546875
0 0.4111328125 0.7880859375 0.0888671875 0.0703125
0 0.623046875 0.8671875 0.0830078125 0.0595703125
0 0.744140625 0.892578125 0.099609375 0.0703125