0 0.4951171875 0.24609375 0.068359375 0.064453125
0 0.447265625 0.1982421875 0.056640625 0.0546875
0 0.412109375 0.2265625 0.060546875 0.044921875
0 0.369140625 0.244140625 0.052734375 0.046875
0 0.3935546875 0.283203125 0.05078125 0.052734375
0 0.466796875 0.298828125 0.07421875 0.0546875
0 0.462890625 0.3173828125 0.076171875 0.04296875
0 0.455078125 0.3486328125 0.064453125 0.05078125
0 0.4970703125 0.5078125 0.064453125 0.05859375
0 0.431640625 0.625 0.087890625 0.078125
0 0.578125 0.6689453125 0.09765625 0.087890625
0 0.693359375 0.6171875 0.103515625 0.080078125
0 0.822265625 0.68359375 0.0703125 0.0703125
0 0.7802734375 0.728515625 0.0859375 0.07421875
0 0.7265625 0.763671875 0.0859375 0.068359375
0 0.7177734375 0.880859375 0.09375 0.0625
0 0.4853515625 0.8349609375 0.095703125 0.06640625
0 0.5166015625 0.759765625 0.095703125 0.0703125
0 0.44921875 0.7431640625 0.08984375 0.072265625
0 0.3671875 0.7705078125 0.099609375 0.083984375
0 0.564453125 0.8818359375 0.091796875 0.072265625
0 0.6796875 0.92578125 0.109375 0.0859375