0 0.8408203125 0.369140625 0.029296875 0.029296875
0 0.8125 0.3212890625 0.025390625 0.025390625
0 0.71875 0.30859375 0.033203125 0.033203125
0 0.75 0.4365234375 0.02734375 0.03515625
0 0.806640625 0.4296875 0.029296875 0.025390625
0 0.681640625 0.435546875 0.025390625 0.025390625
0 0.6865234375 0.470703125 0.0234375 0.025390625
0 0.6513671875 0.4716796875 0.017578125 0.017578125
0 0.4921875 0.4873046875 0.033203125 0.03125
0 0.224609375 0.607421875 0.029296875 0.025390625
0 0.12890625 0.6328125 0.03515625 0.033203125
0 0.19140625 0.513671875 0.033203125 0.0390625
0 0.2900390625 0.123046875 0.02734375 0.033203125
0 0.2646484375 0.6484375 0.0234375 0.02734375