0 0.779296875 0.265625 0.029296875 0.029296875
0 0.7373046875 0.2294921875 0.0234375 0.0234375
0 0.6455078125 0.248046875 0.03125 0.03125
0 0.7158203125 0.3583984375 0.025390625 0.033203125
0 0.7666015625 0.3330078125 0.02734375 0.025390625
0 0.650390625 0.3798828125 0.0234375 0.0234375
0 0.6669921875 0.4111328125 0.0234375 0.0234375
0 0.6337890625 0.423828125 0.017578125 0.017578125
0 0.4892578125 0.490234375 0.03125 0.029296875
0 0.2744140625 0.69140625 0.02734375 0.025390625
0 0.1923828125 0.74609375 0.03515625 0.033203125
0 0.2119140625 0.61328125 0.03125 0.037109375
0 0.1787109375 0.2119140625 0.025390625 0.03125
0 0.3251953125 0.716796875 0.021484375 0.025390625