0 0.5 0.5009765625 0.029296875 0.03515625
0 0.5400390625 0.5205078125 0.025390625 0.01953125
0 0.5576171875 0.5361328125 0.03515625 0.0234375
0 0.5390625 0.5634765625 0.029296875 0.025390625
0 0.642578125 0.5185546875 0.029296875 0.021484375
0 0.6015625 0.52734375 0.021484375 0.021484375
0 0.59765625 0.5458984375 0.01953125 0.015625
0 0.544921875 0.44921875 0.029296875 0.021484375
0 0.4697265625 0.47265625 0.033203125 0.013671875
0 0.4755859375 0.4599609375 0.02734375 0.017578125
0 0.4755859375 0.443359375 0.021484375 0.021484375
0 0.4873046875 0.4208984375 0.029296875 0.01953125
0 0.5966796875 0.412109375 0.025390625 0.025390625
0 0.5751953125 0.4443359375 0.0234375 0.01953125
0 0.7822265625 0.494140625 0.02734375 0.01953125
0 0.76953125 0.462890625 0.029296875 0.017578125
0 0.755859375 0.4501953125 0.0234375 0.01953125
0 0.7314453125 0.458984375 0.015625 0.01953125
0 0.7314453125 0.47265625 0.01953125 0.017578125
0 0.7802734375 0.427734375 0.0234375 0.021484375
0 0.71875 0.41796875 0.01953125 0.015625
0 0.65234375 0.416015625 0.03125 0.01953125
0 0.6552734375 0.39453125 0.025390625 0.025390625
0 0.5322265625 0.39453125 0.03125 0.0234375
0 0.505859375 0.4326171875 0.01953125 0.021484375
0 0.4716796875 0.408203125 0.029296875 0.021484375
0 0.453125 0.3857421875 0.0234375 0.015625
0 0.4326171875 0.37890625 0.025390625 0.021484375
0 0.4091796875 0.3935546875 0.025390625 0.021484375
0 0.4169921875 0.4140625 0.025390625 0.021484375
0 0.40625 0.380859375 0.025390625 0.01953125
0 0.4912109375 0.3408203125 0.0234375 0.025390625
0 0.5166015625 0.34765625 0.029296875 0.01953125
0 0.5009765625 0.365234375 0.021484375 0.013671875
0 0.4931640625 0.376953125 0.0234375 0.013671875
0 0.5556640625 0.4267578125 0.03515625 0.01953125
0 0.76953125 0.5498046875 0.029296875 0.021484375
0 0.8486328125 0.455078125 0.01953125 0.015625
0 0.8056640625 0.4296875 0.0234375 0.015625
0 0.783203125 0.404296875 0.029296875 0.02734375
0 0.779296875 0.3916015625 0.025390625 0.01953125
0 0.48046875 0.2998046875 0.0234375 0.021484375
0 0.4462890625 0.3056640625 0.021484375 0.009765625
0 0.4208984375 0.30078125 0.02734375 0.017578125
0 0.4052734375 0.318359375 0.021484375 0.021484375
0 0.44921875 0.3427734375 0.029296875 0.015625
0 0.47265625 0.3466796875 0.025390625 0.01171875
0 0.447265625 0.35546875 0.0234375 0.013671875
0 0.5400390625 0.490234375 0.041015625 0.029296875
4 0.6904296875 0.6865234375 0.072265625 0.029296875
4 0.33203125 0.693359375 0.09375 0.033203125