0 0.5 0.4990234375 0.033203125 0.037109375
0 0.5361328125 0.4736328125 0.02734375 0.021484375
0 0.5517578125 0.455078125 0.037109375 0.025390625
0 0.529296875 0.431640625 0.03125 0.029296875
0 0.6376953125 0.4599609375 0.03125 0.025390625
0 0.595703125 0.45703125 0.0234375 0.0234375
0 0.5888671875 0.439453125 0.01953125 0.017578125
0 0.552734375 0.54296875 0.03125 0.0234375
0 0.474609375 0.53125 0.03515625 0.017578125
0 0.4814453125 0.5439453125 0.02734375 0.021484375
0 0.484375 0.5595703125 0.0234375 0.0234375
0 0.5 0.580078125 0.03125 0.021484375
0 0.609375 0.5712890625 0.02734375 0.02734375
0 0.5830078125 0.54296875 0.025390625 0.021484375
0 0.779296875 0.4619140625 0.029296875 0.021484375
0 0.771484375 0.494140625 0.029296875 0.01953125
0 0.7607421875 0.509765625 0.025390625 0.021484375
0 0.734375 0.5048828125 0.017578125 0.01953125
0 0.7333984375 0.4912109375 0.021484375 0.01953125
0 0.7880859375 0.52734375 0.025390625 0.0234375
0 0.7294921875 0.546875 0.01953125 0.017578125
0 0.6640625 0.55859375 0.033203125 0.021484375
0 0.669921875 0.5791015625 0.02734375 0.02734375
0 0.548828125 0.599609375 0.033203125 0.025390625
0 0.515625 0.56640625 0.021484375 0.0234375
0 0.486328125 0.5947265625 0.03125 0.025390625
0 0.4716796875 0.6201171875 0.025390625 0.017578125
0 0.4521484375 0.6298828125 0.02734375 0.025390625
0 0.4267578125 0.619140625 0.02734375 0.025390625
0 0.431640625 0.59765625 0.02734375 0.0234375
0 0.42578125 0.6318359375 0.02734375 0.021484375
0 0.5166015625 0.658203125 0.025390625 0.02734375
0 0.5400390625 0.6474609375 0.029296875 0.021484375
0 0.5224609375 0.6328125 0.0234375 0.015625
0 0.51171875 0.6220703125 0.025390625 0.015625
0 0.56640625 0.5634765625 0.037109375 0.0234375
0 0.7587890625 0.408203125 0.03125 0.0234375
0 0.8505859375 0.490234375 0.01953125 0.017578125
0 0.8125 0.521484375 0.025390625 0.017578125
0 0.794921875 0.55078125 0.03125 0.029296875
0 0.79296875 0.5634765625 0.02734375 0.021484375
0 0.51171875 0.701171875 0.025390625 0.0234375
0 0.4775390625 0.7001953125 0.0234375 0.01171875
0 0.453125 0.708984375 0.02734375 0.021484375
0 0.435546875 0.6943359375 0.0234375 0.0234375
0 0.474609375 0.6630859375 0.029296875 0.017578125
0 0.4970703125 0.65625 0.02734375 0.013671875
0 0.470703125 0.6513671875 0.025390625 0.015625
0 0.541015625 0.50390625 0.044921875 0.033203125
4 0.658203125 0.2861328125 0.07421875 0.03515625
4 0.3037109375 0.3349609375 0.095703125 0.041015625