4 0.39784272265625 0.1032270859375 0.423781529296875 0.435564345703125 0.492390962890625 0.4309559921875 0.47048168359375 0.117784912109375 0.39784272265625 0.1032270859375
4 0.43242873828125 0.46269169921875 0.435299041015625 0.5223909296875 0.50043221875 0.513904126953125 0.4978730859375 0.466725419921875 0.43242873828125 0.46269169921875
4 0.500004234375 0.123567189453125 0.506177767578125 0.194130982421875 0.520618974609375 0.206809482421875 0.532085212890625 0.2392669765625 0.53061552734375 0.204540703125 0.500004234375 0.123567189453125
4 0.529300365234375 0.270182892578125 0.5130434140625 0.2367503359375 0.524353009765625 0.357055771484375 0.538431068359375 0.3655834609375 0.543913896484375 0.338614083984375 0.533762111328125 0.303253203125 0.529300365234375 0.270182892578125
4 0.52763844140625 0.4125361015625 0.537374392578125 0.5148546875 0.55719446875 0.517303240234375 0.566222625 0.503965630859375 0.552836681640625 0.467493505859375 0.52763844140625 0.4125361015625
4 0.308547361328125 0.203056236328125 0.361176125 0.204028591796875 0.35666310546875 0.116589193359375 0.300679134765625 0.113121994140625 0.308547361328125 0.203056236328125
4 0.31773004296875 0.290087091796875 0.37060090625 0.29382665625 0.3625767421875 0.22900155078125 0.311971638671875 0.2153043984375 0.31773004296875 0.290087091796875
4 0.361554248046875 0.414518837890625 0.379212521484375 0.41018555078125 0.36174507421875 0.36291695703125 0.373955408203125 0.359060302734375 0.368698294921875 0.3079350546875 0.3684561953125 0.30516784765625 0.31881948828125 0.302539525390625 0.33989921875 0.561409607421875 0.381130814453125 0.53967778515625 0.3531655234375 0.471020525390625 0.370927755859375 0.4499478125 0.361554248046875 0.414518837890625
4 0.31731208984375 0.54526119921875 0.32293305859375 0.53779845703125 0.28978325390625 0.114075259765625 0.2767426640625 0.126369716796875 0.31731208984375 0.54526119921875
4 0.295969642578125 0.579194888671875 0.303977421875 0.5631581640625 0.2683026640625 0.128502314453125 0.252321994140625 0.134083025390625 0.295969642578125 0.579194888671875
4 0.53726831640625 0.71981051953125 0.58048798046875 0.7745854453125 0.587095142578125 0.73357576171875 0.547610927734375 0.7035695234375 0.53726831640625 0.71981051953125