4 0.775335369140625 0.509487033203125 0.789503216796875 0.412851353515625 0.67708465625 0.404008892578125 0.671816421875 0.452421890625 0.6889883671875 0.454797259765625 0.6845508671875 0.50472921875 0.775335369140625 0.509487033203125
4 0.636897751953125 0.493379263671875 0.653575296875 0.383596267578125 0.614965634765625 0.4081305078125 0.583713341796875 0.41386978125 0.537062685546875 0.38339180859375 0.5275882890625 0.477322609375 0.636897751953125 0.493379263671875
4 0.86031896875 0.642302990234375 0.88256280859375 0.56527110546875 0.8550715078125 0.516616681640625 0.839473533203125 0.605800279296875 0.86031896875 0.642302990234375
4 0.817891974609375 0.5486030078125 0.83688999609375 0.4640238828125 0.81687529296875 0.429040134765625 0.8071274453125 0.4934480625 0.817891974609375 0.5486030078125
4 0.511131693359375 0.6697411015625 0.545475580078125 0.674491841796875 0.58517192578125 0.69870364453125 0.63649141796875 0.674835498046875 0.64891030078125 0.663682927734375 0.667049703125 0.682338697265625 0.670870306640625 0.64417782421875 0.648808576171875 0.613513076171875 0.618600853515625 0.63406136328125 0.58568709765625 0.63676270703125 0.541759974609375 0.60642746875 0.518268115234375 0.56831063671875 0.511131693359375 0.6697411015625
4 0.433872958984375 0.14634181640625 0.413686533203125 0.132005046875 0.388985494140625 0.169071623046875 0.41010437890625 0.235097208984375 0.426897875 0.314174951171875 0.433872958984375 0.14634181640625
4 0.296441638671875 0.336846572265625 0.340771822265625 0.342120671875 0.344644923828125 0.25084717578125 0.292803146484375 0.267310814453125 0.296441638671875 0.336846572265625
4 0.300682802734375 0.255920353515625 0.34307095703125 0.1592882109375 0.29290814453125 0.161085568359375 0.300682802734375 0.255920353515625
4 0.25999438671875 0.1637869140625 0.258859044921875 0.393894033203125 0.269753185546875 0.39446497265625 0.2742885703125 0.1689623203125 0.25999438671875 0.1637869140625
4 0.23603658203125 0.2908934921875 0.2095373515625 0.310160705078125 0.21328795703125 0.34281666015625 0.227136966796875 0.33911617578125 0.233979169921875 0.382262146484375 0.23603658203125 0.2908934921875
4 0.29590185546875 0.347146271484375 0.29561801953125 0.404673052734375 0.335794537109375 0.402352333984375 0.335769923828125 0.35071109765625 0.29590185546875 0.347146271484375