0 0.8291015625 0.5341796875 0.041015625 0.03125
0 0.806640625 0.4580078125 0.025390625 0.015625
0 0.603515625 0.48046875 0.0234375 0.0234375
0 0.580078125 0.474609375 0.01953125 0.021484375
0 0.5615234375 0.470703125 0.021484375 0.015625
0 0.5458984375 0.4716796875 0.025390625 0.021484375
0 0.5615234375 0.55859375 0.0234375 0.0234375
0 0.541015625 0.6455078125 0.0234375 0.0234375
0 0.5185546875 0.7216796875 0.0234375 0.021484375
0 0.4599609375 0.7109375 0.01953125 0.017578125
0 0.4921875 0.765625 0.0234375 0.017578125
0 0.49609375 0.791015625 0.0234375 0.0234375
0 0.486328125 0.8623046875 0.0234375 0.0234375
0 0.4765625 0.837890625 0.025390625 0.021484375
0 0.3369140625 0.7548828125 0.0234375 0.0234375
0 0.375 0.427734375 0.021484375 0.021484375
0 0.6474609375 0.609375 0.025390625 0.021484375
0 0.328125 0.70703125 0.017578125 0.017578125