0 0.408203125 0.181640625 0.03515625 0.04296875
0 0.3466796875 0.2314453125 0.017578125 0.025390625
0 0.4423828125 0.4111328125 0.025390625 0.025390625
0 0.4462890625 0.4345703125 0.021484375 0.021484375
0 0.4501953125 0.4541015625 0.017578125 0.0234375
0 0.45703125 0.4677734375 0.0234375 0.02734375
0 0.53125 0.4208984375 0.025390625 0.025390625
0 0.6201171875 0.4072265625 0.025390625 0.025390625
0 0.6982421875 0.400390625 0.0234375 0.025390625
0 0.7109375 0.45703125 0.01953125 0.021484375
0 0.7490234375 0.408203125 0.01953125 0.025390625
0 0.771484375 0.39453125 0.025390625 0.025390625
0 0.8408203125 0.376953125 0.025390625 0.025390625
0 0.822265625 0.3955078125 0.0234375 0.02734375
0 0.7978515625 0.5556640625 0.025390625 0.025390625
0 0.48046875 0.642578125 0.0234375 0.0234375
0 0.5458984375 0.322265625 0.0234375 0.02734375
0 0.755859375 0.58203125 0.01953125 0.01953125