0 0.4658203125 0.8291015625 0.03125 0.041015625
0 0.5419921875 0.806640625 0.015625 0.025390625
0 0.51953125 0.603515625 0.0234375 0.0234375
0 0.525390625 0.580078125 0.021484375 0.01953125
0 0.529296875 0.5615234375 0.015625 0.021484375
0 0.5283203125 0.5458984375 0.021484375 0.025390625
0 0.44140625 0.5615234375 0.0234375 0.0234375
0 0.3544921875 0.541015625 0.0234375 0.0234375
0 0.2783203125 0.5185546875 0.021484375 0.0234375
0 0.2890625 0.4599609375 0.017578125 0.01953125
0 0.234375 0.4921875 0.017578125 0.0234375
0 0.208984375 0.49609375 0.0234375 0.0234375
0 0.1376953125 0.486328125 0.0234375 0.0234375
0 0.162109375 0.4765625 0.021484375 0.025390625
0 0.2451171875 0.3369140625 0.0234375 0.0234375
0 0.572265625 0.375 0.021484375 0.021484375
0 0.390625 0.6474609375 0.021484375 0.025390625
0 0.29296875 0.328125 0.017578125 0.017578125