0 0.1728515625 0.5517578125 0.041015625 0.033203125
0 0.19140625 0.474609375 0.025390625 0.017578125
0 0.3955078125 0.4853515625 0.0234375 0.025390625
0 0.41796875 0.4794921875 0.021484375 0.021484375
0 0.4375 0.474609375 0.0234375 0.017578125
0 0.4521484375 0.474609375 0.025390625 0.021484375
0 0.44140625 0.5625 0.025390625 0.025390625
0 0.466796875 0.6474609375 0.0234375 0.025390625
0 0.4931640625 0.7216796875 0.025390625 0.021484375
0 0.55078125 0.708984375 0.01953125 0.01953125
0 0.521484375 0.7646484375 0.0234375 0.01953125
0 0.5185546875 0.791015625 0.0234375 0.025390625
0 0.5322265625 0.8603515625 0.0234375 0.025390625
0 0.541015625 0.8359375 0.02734375 0.0234375
0 0.67578125 0.74609375 0.0234375 0.025390625
0 0.62109375 0.421875 0.021484375 0.021484375
0 0.3583984375 0.6171875 0.02734375 0.0234375
0 0.6826171875 0.697265625 0.017578125 0.017578125