0 0.4423828125 0.173828125 0.03125 0.041015625
0 0.375 0.216796875 0.015625 0.025390625
0 0.4521484375 0.40625 0.0234375 0.0234375
0 0.4541015625 0.4296875 0.021484375 0.01953125
0 0.455078125 0.44921875 0.015625 0.021484375
0 0.4599609375 0.462890625 0.021484375 0.025390625
0 0.5400390625 0.4248046875 0.0234375 0.0234375
0 0.62890625 0.4208984375 0.0234375 0.0234375
0 0.7080078125 0.421875 0.021484375 0.0234375
0 0.7138671875 0.4794921875 0.017578125 0.01953125
0 0.7568359375 0.4345703125 0.017578125 0.0234375
0 0.78125 0.4228515625 0.0234375 0.0234375
0 0.8515625 0.4130859375 0.0234375 0.0234375
0 0.8310546875 0.4296875 0.021484375 0.025390625
0 0.7900390625 0.5859375 0.0234375 0.0234375
0 0.4658203125 0.6396484375 0.021484375 0.021484375
0 0.564453125 0.328125 0.021484375 0.025390625
0 0.74609375 0.6083984375 0.017578125 0.017578125