0 0.1787109375 0.419921875 0.041015625 0.033203125
0 0.2265625 0.35546875 0.025390625 0.017578125
0 0.41015625 0.4462890625 0.025390625 0.025390625
0 0.4326171875 0.44921875 0.021484375 0.021484375
0 0.4521484375 0.4521484375 0.0234375 0.017578125
0 0.4658203125 0.4580078125 0.02734375 0.021484375
0 0.421875 0.5341796875 0.025390625 0.025390625
0 0.412109375 0.623046875 0.025390625 0.025390625
0 0.4072265625 0.7021484375 0.025390625 0.0234375
0 0.46484375 0.7119140625 0.01953125 0.01953125
0 0.4169921875 0.751953125 0.0234375 0.01953125
0 0.4033203125 0.775390625 0.025390625 0.025390625
0 0.388671875 0.8447265625 0.025390625 0.025390625
0 0.4072265625 0.8251953125 0.02734375 0.0234375
0 0.56640625 0.7958984375 0.025390625 0.025390625
0 0.6416015625 0.4755859375 0.021484375 0.021484375
0 0.32421875 0.552734375 0.02734375 0.0234375
0 0.5908203125 0.7529296875 0.017578125 0.017578125