0 0.482421875 0.8310546875 0.02734375 0.037109375
0 0.4111328125 0.7958984375 0.013671875 0.0234375
0 0.4638671875 0.5986328125 0.021484375 0.021484375
0 0.462890625 0.5751953125 0.01953125 0.017578125
0 0.4619140625 0.5556640625 0.013671875 0.021484375
0 0.46484375 0.541015625 0.017578125 0.0234375
0 0.548828125 0.5703125 0.021484375 0.021484375
0 0.6376953125 0.5625 0.021484375 0.021484375
0 0.7158203125 0.552734375 0.01953125 0.021484375
0 0.71484375 0.494140625 0.015625 0.017578125
0 0.7626953125 0.5341796875 0.015625 0.021484375
0 0.7880859375 0.5419921875 0.021484375 0.021484375
0 0.859375 0.54296875 0.021484375 0.021484375
0 0.837890625 0.529296875 0.01953125 0.0234375
0 0.77734375 0.37890625 0.021484375 0.021484375
0 0.4482421875 0.365234375 0.01953125 0.01953125
0 0.5849609375 0.6630859375 0.01953125 0.0234375
0 0.73046875 0.3623046875 0.015625 0.015625