0 0.828125 0.4541015625 0.0390625 0.029296875
0 0.787109375 0.3857421875 0.025390625 0.015625
0 0.595703125 0.4560546875 0.0234375 0.0234375
0 0.572265625 0.4560546875 0.01953125 0.01953125
0 0.552734375 0.45703125 0.021484375 0.015625
0 0.5380859375 0.4619140625 0.025390625 0.01953125
0 0.57421875 0.5419921875 0.0234375 0.0234375
0 0.5751953125 0.6318359375 0.0234375 0.0234375
0 0.5712890625 0.7109375 0.0234375 0.021484375
0 0.5126953125 0.71484375 0.01953125 0.017578125
0 0.556640625 0.7587890625 0.0234375 0.017578125
0 0.5673828125 0.783203125 0.0234375 0.0234375
0 0.57421875 0.8544921875 0.0234375 0.0234375
0 0.55859375 0.833984375 0.025390625 0.021484375
0 0.4033203125 0.787109375 0.0234375 0.0234375
0 0.361328125 0.4609375 0.01953125 0.01953125
0 0.669921875 0.5703125 0.025390625 0.021484375
0 0.3828125 0.7421875 0.017578125 0.017578125