0 0.505859375 0.1689453125 0.02734375 0.037109375
0 0.5791015625 0.201171875 0.013671875 0.0234375
0 0.5322265625 0.3994140625 0.021484375 0.021484375
0 0.53515625 0.4228515625 0.01953125 0.017578125
0 0.5361328125 0.4423828125 0.013671875 0.021484375
0 0.533203125 0.45703125 0.017578125 0.0234375
0 0.44921875 0.431640625 0.021484375 0.021484375
0 0.3603515625 0.44140625 0.021484375 0.021484375
0 0.2822265625 0.455078125 0.01953125 0.021484375
0 0.28515625 0.513671875 0.015625 0.017578125
0 0.236328125 0.4755859375 0.015625 0.021484375
0 0.2099609375 0.4677734375 0.021484375 0.021484375
0 0.138671875 0.46875 0.021484375 0.021484375
0 0.162109375 0.482421875 0.01953125 0.0234375
0 0.2265625 0.630859375 0.021484375 0.021484375
0 0.5556640625 0.6328125 0.01953125 0.01953125
0 0.4091796875 0.3408203125 0.01953125 0.0234375
0 0.2744140625 0.6455078125 0.015625 0.015625