0 0.1689453125 0.505859375 0.0390625 0.02734375
0 0.1982421875 0.431640625 0.0234375 0.013671875
0 0.3984375 0.470703125 0.021484375 0.0234375
0 0.421875 0.4677734375 0.017578125 0.01953125
0 0.44140625 0.4658203125 0.021484375 0.015625
0 0.4560546875 0.4677734375 0.0234375 0.01953125
0 0.43359375 0.5537109375 0.0234375 0.0234375
0 0.447265625 0.6416015625 0.021484375 0.0234375
0 0.462890625 0.71875 0.021484375 0.01953125
0 0.521484375 0.7138671875 0.017578125 0.015625
0 0.484375 0.7646484375 0.021484375 0.017578125
0 0.478515625 0.791015625 0.021484375 0.0234375
0 0.4814453125 0.861328125 0.021484375 0.0234375
0 0.494140625 0.8388671875 0.0234375 0.01953125
0 0.640625 0.7685546875 0.021484375 0.0234375
0 0.630859375 0.439453125 0.01953125 0.01953125
0 0.34375 0.5966796875 0.0234375 0.01953125
0 0.6533203125 0.720703125 0.015625 0.015625