4 0.171738107421875 0.374078740234375 0.205858400390625 0.499403873046875 0.235991416015625 0.494804416015625 0.206431853515625 0.290220796875 0.106864412109375 0.31644158203125 0.15934083203125 0.50142837109375 0.175777771484375 0.49683608203125 0.159933623046875 0.376751791015625 0.171738107421875 0.374078740234375
4 0.026011548828125 0.375071740234375 0.08799003125 0.58913912890625 0.126913650390625 0.514863041015625 0.09053224609375 0.30669937890625 0.026011548828125 0.375071740234375
4 0.208271052734375 0.300053921875 0.1710901171875 0.3755791953125 0.22967973828125 0.595732158203125 0.256746486328125 0.5312963671875 0.208271052734375 0.300053921875
4 0.165012779296875 0.37908264453125 0.125235833984375 0.38108275 0.156748865234375 0.507430189453125 0.175576484375 0.502586630859375 0.165012779296875 0.37908264453125
4 0.1193236796875 0.381380029296875 0.0343747890625 0.38565151171875 0.090678509765625 0.59172125390625 0.128008345703125 0.517612677734375 0.103152962890625 0.3884490703125 0.1193236796875 0.381380029296875
4 0.427245626953125 0.4747027890625 0.415543103515625 0.3326979765625 0.423773966796875 0.296024177734375 0.321526306640625 0.296744404296875 0.35866048046875 0.489073119140625 0.427245626953125 0.4747027890625
4 0.3110178046875 0.296416544921875 0.28689321484375 0.350516669921875 0.32393087109375 0.534261439453125 0.336198587890625 0.490001609375 0.3110178046875 0.296416544921875
4 0.42547252734375 0.281522171875 0.4202720703125 0.339362681640625 0.453937396484375 0.483356154296875 0.42547252734375 0.281522171875
4 0.637476359375 0.451174302734375 0.629827208984375 0.2557465859375 0.529129208984375 0.240548107421875 0.5257844765625 0.262384875 0.558531607421875 0.46663346875 0.637476359375 0.451174302734375
4 0.642227298828125 0.258740326171875 0.661777447265625 0.460078939453125 0.673328259765625 0.470323681640625 0.66825455078125 0.314731021484375 0.642227298828125 0.258740326171875
4 0.735270701171875 0.231772896484375 0.755750119140625 0.4802813203125 0.776855376953125 0.51243941796875 0.78400526171875 0.296835740234375 0.735270701171875 0.231772896484375
4 0.7977041484375 0.42717194140625 0.832119427734375 0.42498709765625 0.8309501953125 0.2145548359375 0.742591634765625 0.232435783203125 0.75531994140625 0.430194353515625 0.779375619140625 0.42909834765625 0.7891368046875 0.291999349609375 0.7977041484375 0.42717194140625
4 0.843052484375 0.21471518359375 0.856026205078125 0.422474392578125 0.89620449609375 0.459789578125 0.9091780390625 0.253600244140625 0.843052484375 0.21471518359375