4 0.238667265625 0.2648038359375 0.22560879296875 0.394032544921875 0.255388685546875 0.400537291015625 0.30110866796875 0.198948828125 0.198757763671875 0.187746259765625 0.18145538671875 0.379252171875 0.198446322265625 0.380855373046875 0.22668889453125 0.263068994140625 0.238667265625 0.2648038359375
4 0.102263943359375 0.21350715234375 0.083410951171875 0.43556737890625 0.14636744921875 0.380173654296875 0.187001666015625 0.172798205078125 0.102263943359375 0.21350715234375
4 0.299301830078125 0.208787951171875 0.237524599609375 0.265972412109375 0.21332695703125 0.49249955078125 0.261687666015625 0.442043412109375 0.299301830078125 0.208787951171875
4 0.230595392578125 0.267065240234375 0.192743640625 0.254677716796875 0.176884716796875 0.383926474609375 0.19619758984375 0.386151837890625 0.230595392578125 0.267065240234375
4 0.187117634765625 0.252836525390625 0.10628025 0.226381337890625 0.08499551171875 0.43894146484375 0.146404052734375 0.38313296484375 0.16948765234375 0.2536409765625 0.187117634765625 0.252836525390625
4 0.441143650390625 0.45031018359375 0.481108376953125 0.313543458984375 0.501935263671875 0.282255197265625 0.406220744140625 0.246285302734375 0.37196403515625 0.43914732421875 0.441143650390625 0.45031018359375
4 0.39652770703125 0.24221330859375 0.3546177109375 0.284074646484375 0.323347107421875 0.468888275390625 0.350661310546875 0.4319645234375 0.39652770703125 0.24221330859375
4 0.5087180625 0.2693251171875 0.48313483203125 0.321460208984375 0.4629614765625 0.467954271484375 0.5087180625 0.2693251171875
4 0.645842802734375 0.503684404296875 0.708736736328125 0.318495703125 0.620173703125 0.268219767578125 0.60922552734375 0.2874075 0.56660145703125 0.48982551171875 0.645842802734375 0.503684404296875
4 0.719240357421875 0.325734396484375 0.6653386875 0.520706330078125 0.672450912109375 0.5344100625 0.723473619140625 0.387333546875 0.719240357421875 0.325734396484375
4 0.815768119140625 0.33390190625 0.74582984765625 0.573243671875 0.75400887109375 0.610829291015625 0.8379493125 0.41210820703125 0.815768119140625 0.33390190625
4 0.8040300078125 0.538696775390625 0.836942416015625 0.548990380859375 0.911263021484375 0.35211592578125 0.8223652421875 0.3371443515625 0.763377806640625 0.526329298828125 0.78622848828125 0.533926873046875 0.844473228515625 0.40943202734375 0.8040300078125 0.538696775390625
4 0.92250401953125 0.356602693359375 0.8601617890625 0.5552119921875 0.884298888671875 0.604447330078125 0.9703023828125 0.4166023046875 0.92250401953125 0.356602693359375