0 0.8369140625 0.5517578125 0.03125 0.03125
0 0.7421875 0.767578125 0.04296875 0.041015625
0 0.681640625 0.7763671875 0.033203125 0.0390625
0 0.5625 0.5498046875 0.037109375 0.04296875
0 0.6279296875 0.490234375 0.041015625 0.04296875
0 0.7119140625 0.486328125 0.04296875 0.05078125
0 0.685546875 0.412109375 0.0390625 0.048828125
0 0.609375 0.4306640625 0.044921875 0.0546875
0 0.54296875 0.4375 0.0390625 0.044921875
0 0.5771484375 0.421875 0.04296875 0.046875
0 0.5517578125 0.373046875 0.048828125 0.046875
0 0.5009765625 0.5458984375 0.044921875 0.044921875
0 0.474609375 0.5615234375 0.03515625 0.0390625
0 0.5712890625 0.2021484375 0.04296875 0.041015625