0 0.828125 0.5927734375 0.029296875 0.029296875
0 0.70703125 0.794921875 0.0390625 0.0390625
0 0.646484375 0.796875 0.029296875 0.037109375
0 0.556640625 0.556640625 0.033203125 0.041015625
0 0.62890625 0.505859375 0.037109375 0.0390625
0 0.7119140625 0.5126953125 0.0390625 0.046875
0 0.6943359375 0.435546875 0.033203125 0.046875
0 0.6171875 0.4443359375 0.0390625 0.05078125
0 0.5498046875 0.4423828125 0.03515625 0.04296875
0 0.5859375 0.4326171875 0.037109375 0.044921875
0 0.5673828125 0.380859375 0.044921875 0.041015625
0 0.49609375 0.5458984375 0.041015625 0.041015625
0 0.466796875 0.55859375 0.03125 0.037109375
0 0.607421875 0.212890625 0.0390625 0.0390625