0 0.212890625 0.6845703125 0.029296875 0.03125
0 0.3876953125 0.8427734375 0.041015625 0.0390625
0 0.4462890625 0.8271484375 0.03125 0.037109375
0 0.462890625 0.5712890625 0.03515625 0.041015625
0 0.37890625 0.54296875 0.0390625 0.041015625
0 0.30078125 0.57421875 0.041015625 0.048828125
0 0.294921875 0.4951171875 0.03515625 0.048828125
0 0.3720703125 0.4814453125 0.041015625 0.052734375
0 0.435546875 0.4599609375 0.037109375 0.04296875
0 0.3974609375 0.4609375 0.0390625 0.046875
0 0.4013671875 0.4052734375 0.046875 0.04296875
0 0.517578125 0.54296875 0.04296875 0.04296875
0 0.548828125 0.5458984375 0.033203125 0.037109375
0 0.3134765625 0.2568359375 0.041015625 0.0390625