0 0.3515625 0.806640625 0.02734375 0.02734375
0 0.1728515625 0.6533203125 0.03515625 0.037109375
0 0.1826171875 0.5927734375 0.03515625 0.02734375
0 0.43359375 0.5458984375 0.0390625 0.029296875
0 0.4716796875 0.6259765625 0.037109375 0.03515625
0 0.451171875 0.70703125 0.044921875 0.037109375
0 0.529296875 0.703125 0.044921875 0.03125
0 0.5341796875 0.625 0.048828125 0.037109375
0 0.5478515625 0.5595703125 0.041015625 0.033203125
0 0.5517578125 0.5966796875 0.04296875 0.03515625
0 0.6064453125 0.5869140625 0.0390625 0.04296875
0 0.4560546875 0.48828125 0.0390625 0.0390625
0 0.4482421875 0.45703125 0.03515625 0.029296875
0 0.763671875 0.6552734375 0.03515625 0.037109375