0 0.1904296875 0.3818359375 0.017578125 0.021484375
0 0.228515625 0.359375 0.017578125 0.021484375
0 0.2333984375 0.32421875 0.01953125 0.021484375
0 0.177734375 0.4638671875 0.013671875 0.015625
0 0.2109375 0.4853515625 0.017578125 0.021484375
0 0.2197265625 0.619140625 0.01953125 0.021484375
0 0.1650390625 0.5634765625 0.01953125 0.021484375
0 0.1669921875 0.54296875 0.0234375 0.02734375
0 0.18359375 0.5146484375 0.015625 0.015625
0 0.1904296875 0.53515625 0.015625 0.017578125
0 0.2021484375 0.5478515625 0.0234375 0.0234375
0 0.1904296875 0.5634765625 0.021484375 0.01953125
0 0.193359375 0.5810546875 0.015625 0.01953125
0 0.1796875 0.5986328125 0.017578125 0.021484375
0 0.169921875 0.6162109375 0.013671875 0.009765625
0 0.171875 0.62890625 0.013671875 0.013671875
0 0.1640625 0.6435546875 0.025390625 0.017578125
0 0.1552734375 0.630859375 0.013671875 0.013671875
0 0.46484375 0.5986328125 0.01953125 0.01953125
0 0.4521484375 0.5888671875 0.013671875 0.015625
0 0.4658203125 0.62109375 0.013671875 0.01953125
0 0.451171875 0.6728515625 0.017578125 0.029296875
0 0.458984375 0.640625 0.009765625 0.015625
0 0.4638671875 0.57421875 0.01171875 0.015625
0 0.4765625 0.5634765625 0.015625 0.01953125
0 0.4638671875 0.5537109375 0.013671875 0.01953125
0 0.47265625 0.5458984375 0.013671875 0.013671875
0 0.4462890625 0.50390625 0.009765625 0.013671875
0 0.451171875 0.4853515625 0.013671875 0.013671875
0 0.453125 0.462890625 0.01171875 0.017578125
0 0.4501953125 0.41015625 0.013671875 0.015625
0 0.4521484375 0.423828125 0.01171875 0.01171875
0 0.4453125 0.388671875 0.013671875 0.013671875
0 0.443359375 0.37109375 0.015625 0.01953125
0 0.4296875 0.7431640625 0.013671875 0.009765625
0 0.4873046875 0.7041015625 0.013671875 0.013671875
0 0.458984375 0.7216796875 0.013671875 0.017578125
0 0.43359375 0.7724609375 0.013671875 0.015625
0 0.443359375 0.7861328125 0.009765625 0.009765625
0 0.44140625 0.8056640625 0.013671875 0.01953125
0 0.5673828125 0.6982421875 0.015625 0.013671875
0 0.5888671875 0.69921875 0.015625 0.01953125
0 0.572265625 0.7109375 0.013671875 0.013671875
0 0.58984375 0.75 0.013671875 0.017578125
0 0.5615234375 0.779296875 0.013671875 0.015625
0 0.572265625 0.7958984375 0.015625 0.015625
0 0.515625 0.755859375 0.013671875 0.01171875
0 0.4990234375 0.80078125 0.021484375 0.01953125
0 0.4765625 0.798828125 0.015625 0.017578125
0 0.4697265625 0.8154296875 0.013671875 0.015625
0 0.5126953125 0.775390625 0.009765625 0.0078125
0 0.5126953125 0.7890625 0.009765625 0.013671875
0 0.5166015625 0.8076171875 0.013671875 0.013671875
0 0.533203125 0.7822265625 0.009765625 0.013671875