0 0.181640625 0.4091796875 0.017578125 0.0234375
0 0.2177734375 0.3837890625 0.017578125 0.0234375
0 0.2197265625 0.34765625 0.01953125 0.0234375
0 0.17578125 0.4921875 0.015625 0.017578125
0 0.2109375 0.5107421875 0.017578125 0.0234375
0 0.2314453125 0.6435546875 0.021484375 0.0234375
0 0.171875 0.5927734375 0.021484375 0.0234375
0 0.171875 0.5712890625 0.025390625 0.029296875
0 0.1865234375 0.5419921875 0.017578125 0.017578125
0 0.1953125 0.5615234375 0.017578125 0.01953125
0 0.2080078125 0.5732421875 0.0234375 0.0234375
0 0.197265625 0.58984375 0.0234375 0.01953125
0 0.201171875 0.607421875 0.017578125 0.021484375
0 0.189453125 0.626953125 0.017578125 0.0234375
0 0.1806640625 0.64453125 0.013671875 0.01171875
0 0.1845703125 0.65625 0.013671875 0.013671875
0 0.177734375 0.6728515625 0.02734375 0.01953125
0 0.16796875 0.66015625 0.013671875 0.013671875
0 0.4736328125 0.6015625 0.021484375 0.021484375
0 0.4599609375 0.5927734375 0.015625 0.017578125
0 0.4765625 0.6240234375 0.015625 0.01953125
0 0.466796875 0.6767578125 0.01953125 0.029296875
0 0.470703125 0.64453125 0.01171875 0.017578125
0 0.470703125 0.5771484375 0.013671875 0.017578125
0 0.482421875 0.5654296875 0.017578125 0.021484375
0 0.46875 0.556640625 0.015625 0.01953125
0 0.4775390625 0.5478515625 0.015625 0.013671875
0 0.447265625 0.5087890625 0.01171875 0.015625
0 0.4501953125 0.4892578125 0.013671875 0.015625
0 0.4501953125 0.4677734375 0.013671875 0.01953125
0 0.4423828125 0.4140625 0.015625 0.017578125
0 0.4453125 0.4287109375 0.01171875 0.01171875
0 0.435546875 0.3935546875 0.013671875 0.015625
0 0.4326171875 0.3759765625 0.017578125 0.021484375
0 0.451171875 0.748046875 0.013671875 0.01171875
0 0.5048828125 0.7041015625 0.013671875 0.013671875
0 0.478515625 0.7236328125 0.015625 0.01953125
0 0.45703125 0.77734375 0.015625 0.017578125
0 0.46875 0.7900390625 0.01171875 0.01171875
0 0.46875 0.8095703125 0.015625 0.01953125
0 0.583984375 0.69140625 0.017578125 0.015625
0 0.60546875 0.6904296875 0.017578125 0.021484375
0 0.5908203125 0.7041015625 0.015625 0.015625
0 0.6103515625 0.7412109375 0.015625 0.01953125
0 0.5859375 0.7734375 0.015625 0.017578125
0 0.59765625 0.7880859375 0.017578125 0.017578125
0 0.537109375 0.7529296875 0.015625 0.01171875
0 0.525390625 0.7998046875 0.0234375 0.021484375
0 0.5029296875 0.7998046875 0.017578125 0.01953125
0 0.4970703125 0.8173828125 0.015625 0.017578125
0 0.5361328125 0.7734375 0.01171875 0.009765625
0 0.5380859375 0.7861328125 0.01171875 0.013671875
0 0.5439453125 0.8046875 0.013671875 0.013671875
0 0.5576171875 0.7783203125 0.01171875 0.013671875