0 0.78125 0.3251953125 0.017578125 0.0234375
0 0.7392578125 0.310546875 0.017578125 0.0234375
0 0.7275390625 0.2763671875 0.01953125 0.0234375
0 0.8095703125 0.4033203125 0.015625 0.017578125
0 0.78125 0.4306640625 0.017578125 0.0234375
0 0.7978515625 0.5634765625 0.021484375 0.0234375
0 0.8408203125 0.498046875 0.021484375 0.0234375
0 0.8349609375 0.478515625 0.025390625 0.029296875
0 0.8134765625 0.4541015625 0.017578125 0.017578125
0 0.810546875 0.4755859375 0.017578125 0.01953125
0 0.8017578125 0.490234375 0.0234375 0.0234375
0 0.81640625 0.5029296875 0.0234375 0.01953125
0 0.81640625 0.5205078125 0.017578125 0.021484375
0 0.8330078125 0.5361328125 0.017578125 0.0234375
0 0.8466796875 0.55078125 0.013671875 0.01171875
0 0.8466796875 0.5634765625 0.013671875 0.013671875
0 0.857421875 0.5771484375 0.02734375 0.01953125
0 0.8642578125 0.5625 0.013671875 0.013671875
0 0.552734375 0.58984375 0.021484375 0.021484375
0 0.564453125 0.578125 0.015625 0.017578125
0 0.556640625 0.6123046875 0.015625 0.01953125
0 0.5810546875 0.66015625 0.01953125 0.029296875
0 0.5673828125 0.630859375 0.01171875 0.017578125
0 0.5498046875 0.56640625 0.013671875 0.017578125
0 0.53515625 0.55859375 0.017578125 0.021484375
0 0.5458984375 0.5458984375 0.015625 0.01953125
0 0.53515625 0.5390625 0.015625 0.013671875
0 0.5537109375 0.4931640625 0.01171875 0.015625
0 0.544921875 0.4755859375 0.013671875 0.015625
0 0.5390625 0.455078125 0.013671875 0.01953125
0 0.53125 0.40234375 0.015625 0.017578125
0 0.5322265625 0.4169921875 0.01171875 0.01171875
0 0.5322265625 0.3798828125 0.013671875 0.015625
0 0.53125 0.3623046875 0.017578125 0.021484375
0 0.615234375 0.7255859375 0.013671875 0.01171875
0 0.5517578125 0.6982421875 0.013671875 0.013671875
0 0.5830078125 0.708984375 0.015625 0.01953125
0 0.6171875 0.7548828125 0.015625 0.017578125
0 0.6103515625 0.7705078125 0.01171875 0.01171875
0 0.615234375 0.7880859375 0.015625 0.01953125
0 0.4716796875 0.70703125 0.017578125 0.015625
0 0.451171875 0.7119140625 0.017578125 0.021484375
0 0.46875 0.7216796875 0.015625 0.015625
0 0.4599609375 0.76171875 0.015625 0.01953125
0 0.4931640625 0.7861328125 0.015625 0.017578125
0 0.4853515625 0.8037109375 0.017578125 0.017578125
0 0.533203125 0.75390625 0.015625 0.01171875
0 0.55859375 0.7958984375 0.0234375 0.021484375
0 0.580078125 0.7880859375 0.017578125 0.01953125
0 0.58984375 0.8037109375 0.015625 0.017578125
0 0.5400390625 0.7724609375 0.01171875 0.009765625
0 0.5419921875 0.7861328125 0.01171875 0.013671875
0 0.5419921875 0.8046875 0.013671875 0.013671875
0 0.521484375 0.783203125 0.01171875 0.013671875