0 0.76171875 0.296875 0.01953125 0.025390625
0 0.71875 0.2861328125 0.01953125 0.025390625
0 0.703125 0.25390625 0.021484375 0.025390625
0 0.7978515625 0.37109375 0.015625 0.017578125
0 0.7724609375 0.40234375 0.01953125 0.025390625
0 0.802734375 0.5322265625 0.0234375 0.025390625
0 0.8388671875 0.462890625 0.0234375 0.025390625
0 0.8310546875 0.443359375 0.02734375 0.03125
0 0.806640625 0.421875 0.01953125 0.01953125
0 0.8056640625 0.443359375 0.01953125 0.021484375
0 0.798828125 0.458984375 0.025390625 0.025390625
0 0.814453125 0.4697265625 0.025390625 0.021484375
0 0.8173828125 0.4873046875 0.01953125 0.021484375
0 0.8349609375 0.5009765625 0.01953125 0.025390625
0 0.849609375 0.5146484375 0.015625 0.01171875
0 0.8505859375 0.52734375 0.015625 0.015625
0 0.86328125 0.5390625 0.029296875 0.021484375
0 0.8681640625 0.5234375 0.015625 0.015625
0 0.5625 0.583984375 0.0234375 0.0234375
0 0.572265625 0.5703125 0.015625 0.017578125
0 0.5673828125 0.60546875 0.017578125 0.021484375
0 0.5966796875 0.6513671875 0.021484375 0.03125
0 0.5810546875 0.623046875 0.013671875 0.017578125
0 0.556640625 0.560546875 0.013671875 0.017578125
0 0.541015625 0.5546875 0.01953125 0.021484375
0 0.55078125 0.541015625 0.017578125 0.021484375
0 0.5390625 0.53515625 0.015625 0.015625
0 0.552734375 0.48828125 0.013671875 0.015625
0 0.5419921875 0.4716796875 0.015625 0.015625
0 0.5341796875 0.451171875 0.015625 0.01953125
0 0.521484375 0.3994140625 0.015625 0.017578125
0 0.5234375 0.4130859375 0.013671875 0.013671875
0 0.51953125 0.376953125 0.015625 0.015625
0 0.5166015625 0.3603515625 0.01953125 0.021484375
0 0.638671875 0.7119140625 0.015625 0.01171875
0 0.572265625 0.69140625 0.015625 0.015625
0 0.6044921875 0.69921875 0.015625 0.01953125
0 0.6435546875 0.7412109375 0.015625 0.017578125
0 0.6376953125 0.7578125 0.01171875 0.01171875
0 0.64453125 0.7744140625 0.017578125 0.021484375
0 0.494140625 0.708984375 0.017578125 0.015625
0 0.4736328125 0.7158203125 0.01953125 0.021484375
0 0.4921875 0.7236328125 0.015625 0.015625
0 0.4873046875 0.7646484375 0.015625 0.01953125
0 0.5224609375 0.78515625 0.015625 0.017578125
0 0.517578125 0.8037109375 0.01953125 0.01953125
0 0.5595703125 0.7490234375 0.015625 0.013671875
0 0.5888671875 0.7880859375 0.0234375 0.0234375
0 0.609375 0.7783203125 0.01953125 0.021484375
0 0.62109375 0.79296875 0.015625 0.017578125
0 0.568359375 0.7666015625 0.01171875 0.009765625
0 0.572265625 0.7802734375 0.01171875 0.015625
0 0.5732421875 0.798828125 0.015625 0.015625
0 0.55078125 0.779296875 0.01171875 0.015625