0 0.6845703125 0.224609375 0.0234375 0.01953125
0 0.697265625 0.267578125 0.0234375 0.01953125
0 0.7314453125 0.2802734375 0.0234375 0.021484375
0 0.607421875 0.193359375 0.017578125 0.015625
0 0.5791015625 0.2216796875 0.0234375 0.01953125
0 0.447265625 0.2001953125 0.0234375 0.021484375
0 0.513671875 0.1591796875 0.0234375 0.021484375
0 0.533203125 0.166015625 0.029296875 0.025390625
0 0.556640625 0.1884765625 0.017578125 0.017578125
0 0.5361328125 0.19140625 0.01953125 0.017578125
0 0.5205078125 0.19921875 0.025390625 0.025390625
0 0.5078125 0.1845703125 0.021484375 0.0234375
0 0.490234375 0.1826171875 0.021484375 0.01953125
0 0.4755859375 0.1650390625 0.0234375 0.01953125
0 0.4609375 0.15234375 0.01171875 0.013671875
0 0.4482421875 0.1513671875 0.015625 0.015625
0 0.435546875 0.140625 0.01953125 0.02734375
0 0.4501953125 0.1337890625 0.015625 0.015625
0 0.412109375 0.443359375 0.021484375 0.021484375
0 0.4248046875 0.43359375 0.017578125 0.015625
0 0.3896484375 0.439453125 0.021484375 0.017578125
0 0.3427734375 0.4140625 0.03125 0.01953125
0 0.3720703125 0.427734375 0.017578125 0.01171875
0 0.435546875 0.4482421875 0.017578125 0.013671875
0 0.443359375 0.462890625 0.021484375 0.01953125
0 0.4560546875 0.4521484375 0.01953125 0.015625
0 0.4619140625 0.4638671875 0.015625 0.015625
0 0.5087890625 0.447265625 0.015625 0.01171875
0 0.525390625 0.4560546875 0.015625 0.015625
0 0.5458984375 0.462890625 0.01953125 0.013671875
0 0.599609375 0.4716796875 0.017578125 0.015625
0 0.5849609375 0.470703125 0.01171875 0.01171875
0 0.62109375 0.4716796875 0.015625 0.015625
0 0.638671875 0.4736328125 0.021484375 0.01953125
0 0.2783203125 0.376953125 0.01171875 0.013671875
0 0.3037109375 0.44140625 0.015625 0.015625
0 0.2939453125 0.41015625 0.01953125 0.015625
0 0.25 0.3740234375 0.017578125 0.015625
0 0.2333984375 0.380859375 0.01171875 0.01171875
0 0.2158203125 0.3740234375 0.021484375 0.017578125
0 0.2919921875 0.5205078125 0.015625 0.017578125
0 0.2861328125 0.5419921875 0.021484375 0.01953125
0 0.27734375 0.5234375 0.015625 0.015625
0 0.236328125 0.53125 0.01953125 0.015625
0 0.2138671875 0.4970703125 0.017578125 0.015625
0 0.1962890625 0.50390625 0.017578125 0.017578125
0 0.248046875 0.45703125 0.013671875 0.015625
0 0.20703125 0.431640625 0.021484375 0.0234375
0 0.21484375 0.41015625 0.01953125 0.017578125
0 0.19921875 0.3994140625 0.017578125 0.015625
0 0.2294921875 0.4501953125 0.009765625 0.01171875
0 0.2158203125 0.4482421875 0.013671875 0.01171875
0 0.197265625 0.447265625 0.015625 0.015625
0 0.2177734375 0.46875 0.013671875 0.01171875