0 0.3662109375 0.3505859375 0.046875 0.0546875
0 0.4072265625 0.3896484375 0.05859375 0.0546875
0 0.4775390625 0.4765625 0.02734375 0.033203125
0 0.4130859375 0.4306640625 0.03515625 0.03515625
0 0.310546875 0.4296875 0.029296875 0.0390625
0 0.2802734375 0.591796875 0.029296875 0.029296875
0 0.2998046875 0.599609375 0.037109375 0.033203125
0 0.228515625 0.40234375 0.048828125 0.060546875
0 0.2451171875 0.4375 0.03125 0.04296875
0 0.220703125 0.478515625 0.041015625 0.0390625
0 0.1630859375 0.4541015625 0.037109375 0.041015625
0 0.1748046875 0.5986328125 0.033203125 0.025390625
0 0.1708984375 0.62109375 0.03125 0.037109375
0 0.0869140625 0.4365234375 0.041015625 0.041015625
0 0.1572265625 0.533203125 0.03515625 0.03515625
0 0.1640625 0.4853515625 0.03515625 0.03125
0 0.1552734375 0.3310546875 0.033203125 0.04296875
0 0.12109375 0.33203125 0.02734375 0.025390625
0 0.16015625 0.369140625 0.03515625 0.033203125
0 0.111328125 0.2763671875 0.044921875 0.04296875
0 0.072265625 0.25390625 0.037109375 0.037109375
0 0.265625 0.2578125 0.041015625 0.044921875
0 0.345703125 0.2900390625 0.046875 0.052734375
0 0.4775390625 0.359375 0.05078125 0.044921875
0 0.138671875 0.4892578125 0.052734375 0.05078125