0 0.318359375 0.4150390625 0.044921875 0.052734375
0 0.37109375 0.4345703125 0.056640625 0.052734375
0 0.470703125 0.4873046875 0.025390625 0.03125
0 0.3935546875 0.470703125 0.033203125 0.033203125
0 0.2978515625 0.509765625 0.02734375 0.037109375
0 0.333984375 0.6708984375 0.02734375 0.02734375
0 0.3544921875 0.6689453125 0.03515625 0.03125
0 0.2119140625 0.515625 0.044921875 0.05859375
0 0.240234375 0.5419921875 0.02734375 0.041015625
0 0.234375 0.58984375 0.0390625 0.037109375
0 0.171875 0.58984375 0.03515625 0.0390625
0 0.2392578125 0.71875 0.03125 0.0234375
0 0.244140625 0.740234375 0.029296875 0.03515625
0 0.0947265625 0.6025390625 0.0390625 0.0390625
0 0.1982421875 0.6640625 0.033203125 0.033203125
0 0.185546875 0.6181640625 0.033203125 0.029296875
0 0.1171875 0.478515625 0.03125 0.041015625
0 0.0859375 0.4931640625 0.025390625 0.0234375
0 0.1357421875 0.51171875 0.033203125 0.03125
0 0.0546875 0.4462890625 0.04296875 0.0390625
0 0.013671875 0.439453125 0.02734375 0.03515625
0 0.189453125 0.3681640625 0.0390625 0.041015625
0 0.2763671875 0.3671875 0.04296875 0.05078125
0 0.4248046875 0.3798828125 0.048828125 0.04296875
0 0.1630859375 0.6318359375 0.05078125 0.046875