0 0.328125 0.396484375 0.0390625 0.048828125
0 0.37890625 0.4208984375 0.052734375 0.046875
0 0.4716796875 0.4833984375 0.0234375 0.029296875
0 0.3974609375 0.458984375 0.03125 0.029296875
0 0.2978515625 0.48828125 0.0234375 0.03515625
0 0.3173828125 0.65234375 0.025390625 0.025390625
0 0.337890625 0.6533203125 0.033203125 0.02734375
0 0.2119140625 0.4853515625 0.0390625 0.0546875
0 0.2373046875 0.5146484375 0.0234375 0.041015625
0 0.2265625 0.5615234375 0.03515625 0.033203125
0 0.1640625 0.5546875 0.03125 0.03515625
0 0.2177734375 0.689453125 0.029296875 0.01953125
0 0.220703125 0.7119140625 0.02734375 0.033203125
0 0.0869140625 0.5595703125 0.03515625 0.03515625
0 0.1826171875 0.6318359375 0.029296875 0.029296875
0 0.1748046875 0.5849609375 0.03125 0.02734375
0 0.12109375 0.4384765625 0.02734375 0.0390625
0 0.0888671875 0.4501953125 0.025390625 0.021484375
0 0.13671875 0.4736328125 0.03125 0.02734375
0 0.0625 0.3994140625 0.0390625 0.03515625
0 0.0185546875 0.3896484375 0.033203125 0.033203125
0 0.205078125 0.3369140625 0.03515625 0.0390625
0 0.291015625 0.3447265625 0.0390625 0.046875
0 0.4375 0.3720703125 0.044921875 0.0390625
0 0.1513671875 0.595703125 0.046875 0.04296875