0 0.5654296875 0.689453125 0.0546875 0.048828125
0 0.5517578125 0.634765625 0.056640625 0.060546875
0 0.509765625 0.53125 0.033203125 0.02734375
0 0.5185546875 0.609375 0.03515625 0.03515625
0 0.4697265625 0.7001953125 0.0390625 0.029296875
0 0.3134765625 0.6474609375 0.029296875 0.029296875
0 0.31640625 0.626953125 0.033203125 0.037109375
0 0.4541015625 0.78515625 0.060546875 0.048828125
0 0.4306640625 0.75390625 0.04296875 0.03125
0 0.3828125 0.7548828125 0.0390625 0.041015625
0 0.376953125 0.81640625 0.041015625 0.037109375
0 0.255859375 0.736328125 0.025390625 0.033203125
0 0.234375 0.7294921875 0.037109375 0.033203125
0 0.35546875 0.8916015625 0.041015625 0.041015625
0 0.3046875 0.783203125 0.03515625 0.03515625
0 0.349609375 0.80078125 0.03125 0.03515625
0 0.4814453125 0.8828125 0.04296875 0.033203125
0 0.462890625 0.9130859375 0.025390625 0.02734375
0 0.4501953125 0.8603515625 0.033203125 0.03515625
0 0.5068359375 0.94921875 0.04296875 0.044921875
0 0.5078125 0.986328125 0.0390625 0.02734375
0 0.5986328125 0.822265625 0.044921875 0.041015625
0 0.6083984375 0.736328125 0.052734375 0.046875
0 0.6123046875 0.587890625 0.046875 0.052734375
0 0.333984375 0.8212890625 0.05078125 0.052734375