0 0.6494140625 0.6337890625 0.0546875 0.046875
0 0.6103515625 0.5927734375 0.0546875 0.05859375
0 0.5234375 0.5224609375 0.033203125 0.02734375
0 0.5693359375 0.5869140625 0.03515625 0.03515625
0 0.5703125 0.689453125 0.0390625 0.029296875
0 0.408203125 0.7197265625 0.029296875 0.029296875
0 0.400390625 0.7001953125 0.033203125 0.037109375
0 0.59765625 0.771484375 0.060546875 0.048828125
0 0.5625 0.7548828125 0.04296875 0.03125
0 0.521484375 0.779296875 0.0390625 0.041015625
0 0.5458984375 0.8369140625 0.041015625 0.037109375
0 0.4013671875 0.8251953125 0.025390625 0.033203125
0 0.37890625 0.8291015625 0.037109375 0.03125
0 0.5634765625 0.9130859375 0.041015625 0.041015625
0 0.466796875 0.8427734375 0.03515625 0.03515625
0 0.5146484375 0.8359375 0.03125 0.03515625
0 0.6689453125 0.8447265625 0.04296875 0.033203125
0 0.66796875 0.87890625 0.025390625 0.02734375
0 0.630859375 0.83984375 0.033203125 0.03515625
0 0.7236328125 0.888671875 0.04296875 0.044921875
0 0.74609375 0.927734375 0.037109375 0.037109375
0 0.7421875 0.734375 0.044921875 0.041015625
0 0.7099609375 0.654296875 0.052734375 0.046875
0 0.640625 0.5224609375 0.044921875 0.05078125
0 0.5107421875 0.861328125 0.05078125 0.052734375