0 0.6259765625 0.6552734375 0.05078125 0.041015625
0 0.5947265625 0.609375 0.048828125 0.052734375
0 0.51953125 0.525390625 0.029296875 0.0234375
0 0.5546875 0.5966796875 0.03125 0.03125
0 0.5400390625 0.6982421875 0.03515625 0.0234375
0 0.375 0.7021484375 0.025390625 0.025390625
0 0.37109375 0.681640625 0.029296875 0.033203125
0 0.5546875 0.783203125 0.056640625 0.041015625
0 0.521484375 0.76171875 0.041015625 0.025390625
0 0.4775390625 0.779296875 0.033203125 0.037109375
0 0.4921875 0.83984375 0.037109375 0.03125
0 0.3515625 0.8056640625 0.021484375 0.03125
0 0.3291015625 0.8056640625 0.033203125 0.02734375
0 0.498046875 0.91796875 0.037109375 0.037109375
0 0.4130859375 0.8330078125 0.03125 0.03125
0 0.4619140625 0.833984375 0.02734375 0.03125
0 0.61328125 0.8662109375 0.0390625 0.029296875
0 0.6064453125 0.900390625 0.0234375 0.025390625
0 0.576171875 0.8564453125 0.029296875 0.03125
0 0.66015625 0.9189453125 0.037109375 0.0390625
0 0.6767578125 0.9609375 0.033203125 0.033203125
0 0.703125 0.76953125 0.0390625 0.037109375
0 0.6826171875 0.6845703125 0.048828125 0.041015625
0 0.634765625 0.5439453125 0.0390625 0.046875
0 0.4541015625 0.859375 0.044921875 0.046875