0 0.63671875 0.353515625 0.052734375 0.044921875
0 0.6025390625 0.3974609375 0.052734375 0.056640625
0 0.521484375 0.4755859375 0.03125 0.025390625
0 0.5615234375 0.408203125 0.033203125 0.033203125
0 0.5537109375 0.3046875 0.037109375 0.02734375
0 0.388671875 0.2900390625 0.02734375 0.02734375
0 0.3837890625 0.3095703125 0.03125 0.03515625
0 0.57421875 0.220703125 0.05859375 0.044921875
0 0.5400390625 0.240234375 0.041015625 0.02734375
0 0.4970703125 0.2197265625 0.037109375 0.0390625
0 0.5166015625 0.16015625 0.0390625 0.03515625
0 0.373046875 0.1845703125 0.0234375 0.03125
0 0.3505859375 0.1826171875 0.03515625 0.029296875
0 0.52734375 0.0830078125 0.0390625 0.0390625
0 0.4365234375 0.162109375 0.033203125 0.033203125
0 0.4853515625 0.1640625 0.029296875 0.033203125
0 0.638671875 0.142578125 0.041015625 0.03125
0 0.6337890625 0.1083984375 0.0234375 0.025390625
0 0.6005859375 0.150390625 0.03125 0.033203125
0 0.689453125 0.0927734375 0.0390625 0.04296875
0 0.7080078125 0.052734375 0.03515625 0.03515625
0 0.7216796875 0.2451171875 0.041015625 0.0390625
0 0.6953125 0.328125 0.05078125 0.04296875
0 0.6376953125 0.4658203125 0.04296875 0.048828125
0 0.4794921875 0.138671875 0.046875 0.05078125