0 0.3818359375 0.337890625 0.048828125 0.0390625
0 0.4111328125 0.3857421875 0.046875 0.05078125
0 0.4814453125 0.4736328125 0.029296875 0.021484375
0 0.4501953125 0.4013671875 0.029296875 0.029296875
0 0.470703125 0.2998046875 0.03515625 0.0234375
0 0.6357421875 0.3046875 0.0234375 0.0234375
0 0.638671875 0.3251953125 0.02734375 0.03125
0 0.4609375 0.2138671875 0.0546875 0.0390625
0 0.4921875 0.2373046875 0.0390625 0.0234375
0 0.537109375 0.2216796875 0.033203125 0.03515625
0 0.525390625 0.1611328125 0.03515625 0.03125
0 0.6640625 0.2021484375 0.01953125 0.029296875
0 0.6875 0.203125 0.03125 0.02734375
0 0.5234375 0.0830078125 0.03515625 0.03515625
0 0.603515625 0.171875 0.029296875 0.029296875
0 0.5556640625 0.1689453125 0.02734375 0.029296875
0 0.40625 0.1279296875 0.037109375 0.02734375
0 0.4140625 0.0947265625 0.021484375 0.0234375
0 0.4423828125 0.140625 0.02734375 0.029296875
0 0.3623046875 0.0732421875 0.03515625 0.0390625
0 0.34765625 0.0302734375 0.033203125 0.033203125
0 0.3115234375 0.220703125 0.0390625 0.03515625
0 0.3271484375 0.3056640625 0.046875 0.0390625
0 0.3671875 0.44921875 0.037109375 0.044921875
0 0.564453125 0.1435546875 0.04296875 0.044921875