0 0.3447265625 0.3740234375 0.041015625 0.05078125
0 0.390625 0.4052734375 0.052734375 0.048828125
0 0.474609375 0.48046875 0.0234375 0.029296875
0 0.4033203125 0.4453125 0.03125 0.03125
0 0.3017578125 0.4599609375 0.0234375 0.03515625
0 0.2978515625 0.625 0.025390625 0.025390625
0 0.318359375 0.62890625 0.033203125 0.029296875
0 0.216796875 0.4453125 0.041015625 0.056640625
0 0.23828125 0.478515625 0.025390625 0.041015625
0 0.220703125 0.5224609375 0.037109375 0.033203125
0 0.16015625 0.5078125 0.03125 0.037109375
0 0.1943359375 0.6484375 0.03125 0.021484375
0 0.1943359375 0.6708984375 0.02734375 0.033203125
0 0.08203125 0.501953125 0.037109375 0.037109375
0 0.1669921875 0.5869140625 0.03125 0.03125
0 0.166015625 0.5380859375 0.03125 0.02734375
0 0.1337890625 0.38671875 0.029296875 0.0390625
0 0.099609375 0.3935546875 0.025390625 0.0234375
0 0.1435546875 0.423828125 0.03125 0.029296875
0 0.0810546875 0.33984375 0.0390625 0.037109375
0 0.0390625 0.3232421875 0.033203125 0.033203125
0 0.23046875 0.296875 0.037109375 0.0390625
0 0.3154296875 0.3173828125 0.041015625 0.048828125
0 0.4560546875 0.365234375 0.046875 0.0390625
0 0.140625 0.5458984375 0.046875 0.044921875