0 0.412109375 0.6796875 0.05078125 0.04296875
0 0.4326171875 0.6279296875 0.05078125 0.0546875
0 0.486328125 0.529296875 0.03125 0.025390625
0 0.46875 0.6064453125 0.03125 0.033203125
0 0.505859375 0.7021484375 0.037109375 0.025390625
0 0.66796875 0.6689453125 0.02734375 0.02734375
0 0.6669921875 0.6484375 0.03125 0.03515625
0 0.5107421875 0.7880859375 0.056640625 0.044921875
0 0.537109375 0.759765625 0.041015625 0.02734375
0 0.5849609375 0.767578125 0.03515625 0.0390625
0 0.583984375 0.8291015625 0.037109375 0.033203125
0 0.7138671875 0.7646484375 0.021484375 0.03125
0 0.7353515625 0.759765625 0.03515625 0.029296875
0 0.595703125 0.90625 0.0390625 0.0390625
0 0.6591796875 0.8046875 0.03125 0.03125
0 0.6123046875 0.81640625 0.029296875 0.033203125
0 0.4716796875 0.8828125 0.041015625 0.03125
0 0.486328125 0.9140625 0.0234375 0.025390625
0 0.505859375 0.8642578125 0.029296875 0.033203125
0 0.4384765625 0.9443359375 0.0390625 0.041015625
0 0.431640625 0.9853515625 0.03515625 0.029296875
0 0.36328125 0.80859375 0.041015625 0.037109375
0 0.36328125 0.7216796875 0.048828125 0.04296875
0 0.3779296875 0.5732421875 0.041015625 0.048828125
0 0.6259765625 0.8388671875 0.046875 0.048828125