0 0.55078125 0.3525390625 0.0625 0.05078125
0 0.5771484375 0.3212890625 0.056640625 0.046875
0 0.6328125 0.31640625 0.048828125 0.046875
0 0.5146484375 0.2314453125 0.05859375 0.048828125
0 0.48828125 0.20703125 0.0625 0.04296875
0 0.533203125 0.408203125 0.052734375 0.044921875
0 0.58984375 0.4267578125 0.0546875 0.044921875
0 0.6279296875 0.373046875 0.05078125 0.03515625
0 0.60546875 0.3583984375 0.05859375 0.04296875
0 0.7421875 0.353515625 0.041015625 0.037109375
0 0.55859375 0.24609375 0.05078125 0.048828125