0 0.37109375 0.279296875 0.03515625 0.037109375
0 0.4111328125 0.447265625 0.029296875 0.03515625
0 0.4130859375 0.5283203125 0.044921875 0.03515625
0 0.49609375 0.5224609375 0.056640625 0.044921875
0 0.5771484375 0.572265625 0.041015625 0.0390625
0 0.470703125 0.6396484375 0.041015625 0.0390625
0 0.40234375 0.6396484375 0.041015625 0.03515625
0 0.3857421875 0.583984375 0.037109375 0.0390625
0 0.3291015625 0.587890625 0.037109375 0.0234375
0 0.2783203125 0.630859375 0.03125 0.03515625
0 0.2255859375 0.564453125 0.029296875 0.029296875
0 0.2333984375 0.6201171875 0.03125 0.0234375
0 0.2353515625 0.6591796875 0.03515625 0.029296875
0 0.2392578125 0.693359375 0.03125 0.025390625
0 0.189453125 0.6123046875 0.029296875 0.03515625
0 0.1611328125 0.6923828125 0.029296875 0.029296875
0 0.2333984375 0.771484375 0.03515625 0.03515625
0 0.2021484375 0.779296875 0.025390625 0.03515625
0 0.3681640625 0.6953125 0.029296875 0.03515625
0 0.3447265625 0.6474609375 0.029296875 0.02734375
0 0.3427734375 0.7392578125 0.029296875 0.029296875
0 0.4013671875 0.732421875 0.029296875 0.025390625
0 0.4482421875 0.7607421875 0.025390625 0.025390625
0 0.42578125 0.7763671875 0.041015625 0.037109375
0 0.5 0.7861328125 0.033203125 0.03125
0 0.3955078125 0.8857421875 0.041015625 0.03125
0 0.5869140625 0.640625 0.029296875 0.033203125
0 0.27734375 0.771484375 0.03125 0.029296875
0 0.2001953125 0.4873046875 0.029296875 0.03515625
0 0.173828125 0.50390625 0.029296875 0.029296875
0 0.1650390625 0.4697265625 0.03515625 0.029296875
0 0.7001953125 0.361328125 0.044921875 0.03125
0 0.6552734375 0.099609375 0.03125 0.025390625
0 0.2451171875 0.0869140625 0.037109375 0.025390625
0 0.1875 0.16796875 0.03515625 0.03125
0 0.1123046875 0.1357421875 0.037109375 0.037109375
0 0.8115234375 0.34375 0.044921875 0.037109375