0 0.62890625 0.720703125 0.03515625 0.037109375
0 0.5888671875 0.552734375 0.029296875 0.03515625
0 0.5869140625 0.4716796875 0.044921875 0.03515625
0 0.50390625 0.4775390625 0.056640625 0.044921875
0 0.4228515625 0.427734375 0.041015625 0.0390625
0 0.529296875 0.3603515625 0.041015625 0.0390625
0 0.59765625 0.3603515625 0.041015625 0.03515625
0 0.6142578125 0.416015625 0.037109375 0.0390625
0 0.6708984375 0.412109375 0.037109375 0.0234375
0 0.7216796875 0.369140625 0.03125 0.03515625
0 0.7744140625 0.435546875 0.029296875 0.029296875
0 0.7666015625 0.3798828125 0.03125 0.0234375
0 0.7646484375 0.3408203125 0.03515625 0.029296875
0 0.7607421875 0.306640625 0.03125 0.025390625
0 0.810546875 0.3876953125 0.029296875 0.03515625
0 0.8388671875 0.3076171875 0.029296875 0.029296875
0 0.7666015625 0.228515625 0.03515625 0.03515625
0 0.7978515625 0.220703125 0.025390625 0.03515625
0 0.6318359375 0.3046875 0.029296875 0.03515625
0 0.6552734375 0.3525390625 0.029296875 0.02734375
0 0.6572265625 0.2607421875 0.029296875 0.029296875
0 0.5986328125 0.267578125 0.029296875 0.025390625
0 0.5517578125 0.2392578125 0.025390625 0.025390625
0 0.57421875 0.2236328125 0.041015625 0.037109375
0 0.5 0.2138671875 0.033203125 0.03125
0 0.6044921875 0.1142578125 0.041015625 0.03125
0 0.4130859375 0.359375 0.029296875 0.033203125
0 0.72265625 0.228515625 0.03125 0.029296875
0 0.7998046875 0.5126953125 0.029296875 0.03515625
0 0.826171875 0.49609375 0.029296875 0.029296875
0 0.8349609375 0.5302734375 0.03515625 0.029296875
0 0.2998046875 0.638671875 0.044921875 0.03125
0 0.3447265625 0.900390625 0.03125 0.025390625
0 0.7548828125 0.9130859375 0.037109375 0.025390625
0 0.8125 0.83203125 0.03515625 0.03125
0 0.8876953125 0.8642578125 0.037109375 0.037109375
0 0.1884765625 0.65625 0.044921875 0.037109375