0 0.609375 0.73046875 0.037109375 0.0390625
0 0.583984375 0.560546875 0.03125 0.03515625
0 0.5888671875 0.4794921875 0.046875 0.037109375
0 0.505859375 0.4775390625 0.05859375 0.046875
0 0.4287109375 0.421875 0.04296875 0.041015625
0 0.541015625 0.3642578125 0.04296875 0.041015625
0 0.609375 0.369140625 0.04296875 0.037109375
0 0.62109375 0.42578125 0.0390625 0.041015625
0 0.6787109375 0.427734375 0.0390625 0.025390625
0 0.732421875 0.388671875 0.033203125 0.037109375
0 0.779296875 0.4599609375 0.03125 0.03125
0 0.7763671875 0.4033203125 0.033203125 0.025390625
0 0.77734375 0.3642578125 0.03515625 0.03125
0 0.7763671875 0.330078125 0.033203125 0.02734375
0 0.8193359375 0.416015625 0.03125 0.03515625
0 0.853515625 0.337890625 0.03125 0.03125
0 0.7890625 0.2529296875 0.037109375 0.037109375
0 0.8212890625 0.2470703125 0.02734375 0.03515625
0 0.6474609375 0.31640625 0.03125 0.037109375
0 0.66796875 0.3671875 0.029296875 0.02734375
0 0.6767578125 0.275390625 0.03125 0.03125
0 0.6181640625 0.27734375 0.03125 0.02734375
0 0.57421875 0.2451171875 0.02734375 0.02734375
0 0.59765625 0.23046875 0.04296875 0.0390625
0 0.5244140625 0.21484375 0.03515625 0.033203125
0 0.6376953125 0.125 0.04296875 0.033203125
0 0.42578125 0.3515625 0.03125 0.03515625
0 0.74609375 0.2490234375 0.033203125 0.03125
0 0.7978515625 0.5380859375 0.03125 0.03515625
0 0.8251953125 0.5244140625 0.029296875 0.029296875
0 0.8310546875 0.5595703125 0.037109375 0.03125
0 0.2890625 0.6201171875 0.046875 0.03515625
0 0.310546875 0.884765625 0.033203125 0.02734375
0 0.71875 0.93359375 0.037109375 0.02734375
0 0.7822265625 0.8583984375 0.037109375 0.033203125
0 0.8544921875 0.896484375 0.0390625 0.0390625
0 0.17578125 0.6279296875 0.046875 0.041015625