0 0.36328125 0.7158203125 0.03515625 0.0390625
0 0.4091796875 0.5498046875 0.029296875 0.03515625
0 0.4150390625 0.46875 0.044921875 0.037109375
0 0.4970703125 0.4775390625 0.05859375 0.046875
0 0.580078125 0.4306640625 0.04296875 0.041015625
0 0.4755859375 0.3603515625 0.04296875 0.041015625
0 0.408203125 0.357421875 0.04296875 0.037109375
0 0.3896484375 0.412109375 0.0390625 0.041015625
0 0.33203125 0.40625 0.0390625 0.025390625
0 0.283203125 0.361328125 0.033203125 0.03515625
0 0.228515625 0.42578125 0.03125 0.029296875
0 0.23828125 0.37109375 0.033203125 0.025390625
0 0.2412109375 0.33203125 0.03515625 0.029296875
0 0.24609375 0.2978515625 0.033203125 0.02734375
0 0.193359375 0.376953125 0.029296875 0.03515625
0 0.16796875 0.2958984375 0.03125 0.029296875
0 0.2431640625 0.2197265625 0.03515625 0.03515625
0 0.2119140625 0.2099609375 0.02734375 0.03515625
0 0.3759765625 0.2998046875 0.03125 0.03515625
0 0.349609375 0.34765625 0.029296875 0.02734375
0 0.3515625 0.255859375 0.029296875 0.03125
0 0.4091796875 0.2646484375 0.03125 0.02734375
0 0.45703125 0.2373046875 0.02734375 0.02734375
0 0.435546875 0.220703125 0.04296875 0.0390625
0 0.509765625 0.2138671875 0.03515625 0.033203125
0 0.4091796875 0.111328125 0.04296875 0.033203125
0 0.591796875 0.3623046875 0.029296875 0.03515625
0 0.287109375 0.220703125 0.033203125 0.029296875
0 0.19921875 0.501953125 0.029296875 0.03515625
0 0.173828125 0.4853515625 0.029296875 0.029296875
0 0.1650390625 0.5185546875 0.03515625 0.03125
0 0.6943359375 0.6455078125 0.044921875 0.033203125
0 0.640625 0.9052734375 0.033203125 0.02734375
0 0.23046875 0.9033203125 0.037109375 0.02734375
0 0.17578125 0.8212890625 0.03515625 0.033203125
0 0.1005859375 0.8505859375 0.0390625 0.0390625
0 0.8056640625 0.6669921875 0.044921875 0.0390625