0 0.416015625 0.7412109375 0.041015625 0.04296875
0 0.4228515625 0.5693359375 0.033203125 0.0390625
0 0.41015625 0.4892578125 0.048828125 0.041015625
0 0.4921875 0.478515625 0.0625 0.052734375
0 0.5625 0.4150390625 0.046875 0.044921875
0 0.4453125 0.369140625 0.046875 0.044921875
0 0.3779296875 0.3818359375 0.046875 0.041015625
0 0.3720703125 0.439453125 0.04296875 0.044921875
0 0.3154296875 0.4462890625 0.041015625 0.029296875
0 0.2578125 0.4140625 0.037109375 0.0390625
0 0.21875 0.4892578125 0.033203125 0.033203125
0 0.2158203125 0.43359375 0.03515625 0.029296875
0 0.2099609375 0.39453125 0.0390625 0.033203125
0 0.2080078125 0.3603515625 0.03515625 0.03125
0 0.173828125 0.44921875 0.033203125 0.0390625
0 0.130859375 0.3759765625 0.033203125 0.033203125
0 0.1865234375 0.2841796875 0.0390625 0.0390625
0 0.154296875 0.2822265625 0.03125 0.037109375
0 0.333984375 0.3330078125 0.03515625 0.0390625
0 0.3193359375 0.384765625 0.033203125 0.03125
0 0.2998046875 0.294921875 0.033203125 0.033203125
0 0.359375 0.291015625 0.033203125 0.029296875
0 0.3994140625 0.25390625 0.029296875 0.029296875
0 0.3740234375 0.2421875 0.046875 0.04296875
0 0.4453125 0.21875 0.0390625 0.037109375
0 0.3232421875 0.1416015625 0.044921875 0.037109375
0 0.5576171875 0.3447265625 0.033203125 0.037109375
0 0.2294921875 0.2763671875 0.03515625 0.033203125
0 0.2080078125 0.5693359375 0.033203125 0.0390625
0 0.1787109375 0.55859375 0.033203125 0.033203125
0 0.177734375 0.59375 0.0390625 0.03515625
0 0.72265625 0.59765625 0.048828125 0.0390625
0 0.728515625 0.86328125 0.03515625 0.03125
0 0.328125 0.9541015625 0.0390625 0.03125
0 0.2568359375 0.8857421875 0.0390625 0.037109375
0 0.189453125 0.931640625 0.04296875 0.04296875
0 0.8359375 0.59375 0.048828125 0.044921875