0 0.1904296875 0.5263671875 0.01953125 0.02734375
0 0.2421875 0.515625 0.01953125 0.01953125
0 0.2900390625 0.5498046875 0.017578125 0.01953125
0 0.3408203125 0.53515625 0.01171875 0.015625
0 0.330078125 0.5068359375 0.013671875 0.01953125
0 0.384765625 0.5078125 0.017578125 0.0234375
0 0.4365234375 0.51953125 0.015625 0.01953125
0 0.5126953125 0.533203125 0.013671875 0.015625
0 0.5556640625 0.490234375 0.017578125 0.021484375
0 0.138671875 0.58203125 0.013671875 0.01953125
0 0.1845703125 0.6083984375 0.01171875 0.013671875
0 0.23828125 0.5986328125 0.015625 0.01953125
0 0.29296875 0.4736328125 0.013671875 0.013671875
0 0.3427734375 0.4609375 0.01953125 0.01953125
0 0.48046875 0.49609375 0.015625 0.0234375
0 0.4833984375 0.4482421875 0.013671875 0.013671875
0 0.4423828125 0.4853515625 0.013671875 0.017578125
0 0.33203125 0.5712890625 0.013671875 0.017578125
0 0.7431640625 0.4765625 0.01953125 0.01953125
0 0.7119140625 0.4580078125 0.01171875 0.015625
0 0.681640625 0.466796875 0.01953125 0.01953125
0 0.7099609375 0.4013671875 0.013671875 0.013671875
0 0.755859375 0.4140625 0.013671875 0.01953125
0 0.7802734375 0.4736328125 0.015625 0.01953125
0 0.806640625 0.4189453125 0.013671875 0.01953125
0 0.828125 0.4658203125 0.017578125 0.0234375
0 0.8544921875 0.4208984375 0.013671875 0.013671875
0 0.1357421875 0.4873046875 0.013671875 0.017578125
0 0.376953125 0.56640625 0.013671875 0.017578125
0 0.423828125 0.5654296875 0.013671875 0.017578125
0 0.6513671875 0.5009765625 0.017578125 0.01953125
0 0.79296875 0.498046875 0.013671875 0.013671875