0 0.806640625 0.4521484375 0.021484375 0.02734375
0 0.755859375 0.466796875 0.01953125 0.021484375
0 0.7060546875 0.435546875 0.017578125 0.021484375
0 0.6572265625 0.453125 0.013671875 0.017578125
0 0.6689453125 0.4814453125 0.015625 0.01953125
0 0.6142578125 0.484375 0.01953125 0.0234375
0 0.5615234375 0.4765625 0.015625 0.01953125
0 0.4853515625 0.4677734375 0.015625 0.015625
0 0.4443359375 0.513671875 0.01953125 0.0234375
0 0.8544921875 0.3935546875 0.015625 0.01953125
0 0.806640625 0.3701171875 0.01171875 0.013671875
0 0.7548828125 0.3837890625 0.015625 0.01953125
0 0.7080078125 0.51171875 0.013671875 0.013671875
0 0.66015625 0.5283203125 0.021484375 0.021484375
0 0.5205078125 0.5029296875 0.017578125 0.0234375
0 0.51953125 0.5498046875 0.013671875 0.013671875
0 0.5576171875 0.5107421875 0.015625 0.017578125
0 0.6630859375 0.4169921875 0.015625 0.017578125
0 0.2587890625 0.5400390625 0.01953125 0.01953125
0 0.291015625 0.556640625 0.01171875 0.017578125
0 0.3212890625 0.5458984375 0.01953125 0.01953125
0 0.2978515625 0.61328125 0.013671875 0.013671875
0 0.25 0.603515625 0.015625 0.01953125
0 0.22265625 0.5458984375 0.015625 0.01953125
0 0.2001953125 0.6015625 0.015625 0.01953125
0 0.1748046875 0.5576171875 0.01953125 0.0234375
0 0.1513671875 0.603515625 0.013671875 0.013671875
0 0.86328125 0.4873046875 0.015625 0.017578125
0 0.6171875 0.4248046875 0.015625 0.017578125
0 0.572265625 0.4296875 0.015625 0.017578125
0 0.349609375 0.509765625 0.017578125 0.021484375
0 0.2080078125 0.5224609375 0.013671875 0.013671875