0 0.5751953125 0.7158203125 0.021484375 0.01953125
0 0.5703125 0.73828125 0.021484375 0.017578125
0 0.544921875 0.7255859375 0.021484375 0.01953125
0 0.708984375 0.7177734375 0.015625 0.013671875
0 0.75 0.6923828125 0.02734375 0.025390625
0 0.7548828125 0.7119140625 0.01953125 0.015625
0 0.8447265625 0.720703125 0.021484375 0.017578125
0 0.84765625 0.705078125 0.01953125 0.017578125
0 0.849609375 0.6513671875 0.0234375 0.0234375
0 0.830078125 0.65625 0.01953125 0.015625
0 0.8076171875 0.7216796875 0.015625 0.013671875
0 0.7265625 0.66796875 0.021484375 0.017578125
0 0.708984375 0.6484375 0.03515625 0.0234375
0 0.3125 0.4921875 0.029296875 0.01953125
0 0.34375 0.494140625 0.01953125 0.013671875
0 0.3330078125 0.51953125 0.01953125 0.015625
0 0.3291015625 0.533203125 0.025390625 0.017578125
0 0.2978515625 0.5263671875 0.021484375 0.015625
0 0.2373046875 0.5107421875 0.013671875 0.013671875
0 0.298828125 0.5419921875 0.017578125 0.009765625
0 0.2861328125 0.552734375 0.017578125 0.013671875
0 0.28515625 0.57421875 0.021484375 0.017578125
0 0.3095703125 0.572265625 0.01953125 0.015625
0 0.32421875 0.5576171875 0.021484375 0.017578125
0 0.3330078125 0.5712890625 0.015625 0.01953125
0 0.2080078125 0.556640625 0.013671875 0.013671875
0 0.1962890625 0.4833984375 0.013671875 0.01171875
0 0.2197265625 0.490234375 0.025390625 0.017578125
0 0.203125 0.517578125 0.015625 0.01953125
0 0.224609375 0.5390625 0.029296875 0.01953125
0 0.1875 0.5478515625 0.01953125 0.013671875
0 0.62109375 0.71484375 0.025390625 0.0234375
0 0.6044921875 0.728515625 0.0234375 0.025390625
0 0.5712890625 0.7607421875 0.021484375 0.01953125