0 0.6181640625 0.6962890625 0.025390625 0.0234375
0 0.6181640625 0.7177734375 0.025390625 0.021484375
0 0.5908203125 0.7109375 0.025390625 0.0234375
0 0.75 0.669921875 0.017578125 0.015625
0 0.7841796875 0.6357421875 0.03125 0.029296875
0 0.79296875 0.654296875 0.021484375 0.01953125
0 0.8837890625 0.6435546875 0.0234375 0.01953125
0 0.8828125 0.6279296875 0.0234375 0.021484375
0 0.873046875 0.576171875 0.025390625 0.025390625
0 0.85546875 0.583984375 0.021484375 0.01953125
0 0.84765625 0.65234375 0.017578125 0.015625
0 0.7568359375 0.6171875 0.0234375 0.01953125
0 0.7353515625 0.6015625 0.0390625 0.029296875
0 0.3154296875 0.53125 0.03125 0.025390625
0 0.3466796875 0.52734375 0.021484375 0.017578125
0 0.3408203125 0.5537109375 0.021484375 0.01953125
0 0.33984375 0.568359375 0.029296875 0.021484375
0 0.3076171875 0.5673828125 0.0234375 0.01953125
0 0.2451171875 0.5654296875 0.015625 0.015625
0 0.3115234375 0.5830078125 0.01953125 0.013671875
0 0.30078125 0.595703125 0.01953125 0.017578125
0 0.3046875 0.6171875 0.0234375 0.01953125
0 0.328125 0.6103515625 0.021484375 0.01953125
0 0.33984375 0.5927734375 0.025390625 0.021484375
0 0.3515625 0.6044921875 0.01953125 0.021484375
0 0.2255859375 0.6162109375 0.015625 0.015625
0 0.19921875 0.546875 0.015625 0.013671875
0 0.2236328125 0.548828125 0.029296875 0.021484375
0 0.212890625 0.5791015625 0.01953125 0.021484375
0 0.23828125 0.595703125 0.03125 0.0234375
0 0.2041015625 0.611328125 0.021484375 0.017578125
0 0.6630859375 0.6845703125 0.02734375 0.02734375
0 0.650390625 0.701171875 0.02734375 0.02734375
0 0.6240234375 0.740234375 0.025390625 0.0234375