0 0.681640625 0.4443359375 0.037109375 0.037109375
0 0.3876953125 0.26953125 0.025390625 0.0302734375
0 0.4453125 0.2353515625 0.0302734375 0.0185546875
0 0.2626953125 0.2822265625 0.04296875 0.0400390625
0 0.2998046875 0.3369140625 0.056640625 0.04296875
0 0.1650390625 0.2646484375 0.03515625 0.02734375
0 0.1552734375 0.3271484375 0.021484375 0.03515625
0 0.18359375 0.330078125 0.02734375 0.03515625
0 0.7978515625 0.4775390625 0.0537109375 0.05859375
0 0.6826171875 0.515625 0.02734375 0.0166015625
0 0.666015625 0.4775390625 0.037109375 0.01953125
0 0.7841796875 0.5244140625 0.0283203125 0.0224609375
0 0.4658203125 0.2685546875 0.0166015625 0.0283203125
0 0.4345703125 0.27734375 0.0146484375 0.0322265625
0 0.7197265625 0.4609375 0.03515625 0.0556640625