0 0.6005859375 0.705078125 0.0234375 0.021484375
0 0.5986328125 0.7275390625 0.0234375 0.01953125
0 0.572265625 0.71875 0.0234375 0.021484375
0 0.734375 0.6904296875 0.017578125 0.015625
0 0.771484375 0.66015625 0.029296875 0.02734375
0 0.7783203125 0.6787109375 0.021484375 0.01953125
0 0.869140625 0.6767578125 0.0234375 0.01953125
0 0.8701171875 0.6611328125 0.021484375 0.021484375
0 0.865234375 0.6083984375 0.025390625 0.025390625
0 0.8466796875 0.6142578125 0.021484375 0.01953125
0 0.8330078125 0.6826171875 0.017578125 0.015625
0 0.74609375 0.638671875 0.0234375 0.01953125
0 0.7255859375 0.6220703125 0.037109375 0.02734375
0 0.3134765625 0.5146484375 0.03125 0.0234375
0 0.3447265625 0.513671875 0.01953125 0.015625
0 0.3369140625 0.5400390625 0.021484375 0.01953125
0 0.333984375 0.5537109375 0.02734375 0.01953125
0 0.302734375 0.55078125 0.0234375 0.017578125
0 0.2412109375 0.54296875 0.015625 0.015625
0 0.3056640625 0.56640625 0.01953125 0.01171875
0 0.2939453125 0.578125 0.01953125 0.015625
0 0.2958984375 0.599609375 0.0234375 0.01953125
0 0.3193359375 0.595703125 0.021484375 0.01953125
0 0.33203125 0.578125 0.0234375 0.01953125
0 0.3427734375 0.5908203125 0.01953125 0.021484375
0 0.216796875 0.591796875 0.015625 0.015625
0 0.1962890625 0.5205078125 0.013671875 0.013671875
0 0.220703125 0.5244140625 0.02734375 0.01953125
0 0.20703125 0.5537109375 0.01953125 0.021484375
0 0.2314453125 0.572265625 0.03125 0.021484375
0 0.1953125 0.5849609375 0.021484375 0.017578125
0 0.646484375 0.6982421875 0.02734375 0.025390625
0 0.6318359375 0.7138671875 0.025390625 0.02734375
0 0.6025390625 0.75 0.0234375 0.021484375