0 0.4208984375 0.28515625 0.0234375 0.01953125
0 0.42578125 0.263671875 0.0234375 0.017578125
0 0.451171875 0.275390625 0.0234375 0.01953125
0 0.287109375 0.2861328125 0.015625 0.013671875
0 0.2470703125 0.3125 0.02734375 0.025390625
0 0.2421875 0.29296875 0.01953125 0.017578125
0 0.1513671875 0.28515625 0.021484375 0.017578125
0 0.1484375 0.3017578125 0.01953125 0.01953125
0 0.1484375 0.3544921875 0.0234375 0.0234375
0 0.1669921875 0.349609375 0.01953125 0.017578125
0 0.1884765625 0.2841796875 0.015625 0.013671875
0 0.2705078125 0.3359375 0.021484375 0.017578125
0 0.2880859375 0.35546875 0.03515625 0.0234375
0 0.6875 0.5048828125 0.029296875 0.01953125
0 0.65625 0.5029296875 0.01953125 0.013671875
0 0.6669921875 0.4775390625 0.01953125 0.017578125
0 0.6708984375 0.4638671875 0.02734375 0.017578125
0 0.701171875 0.470703125 0.021484375 0.015625
0 0.7626953125 0.484375 0.013671875 0.013671875
0 0.7001953125 0.455078125 0.017578125 0.01171875
0 0.7138671875 0.4443359375 0.017578125 0.013671875
0 0.7138671875 0.4228515625 0.021484375 0.017578125
0 0.689453125 0.423828125 0.01953125 0.017578125
0 0.6748046875 0.439453125 0.0234375 0.017578125
0 0.666015625 0.42578125 0.017578125 0.01953125
0 0.791015625 0.4384765625 0.013671875 0.013671875
0 0.8046875 0.5107421875 0.013671875 0.01171875
0 0.7802734375 0.5048828125 0.02734375 0.017578125
0 0.796875 0.4775390625 0.017578125 0.01953125
0 0.775390625 0.4560546875 0.029296875 0.01953125
0 0.8115234375 0.447265625 0.01953125 0.015625
0 0.3759765625 0.287109375 0.025390625 0.0234375
0 0.3916015625 0.2734375 0.0234375 0.025390625
0 0.423828125 0.2412109375 0.0234375 0.01953125