0 0.5400390625 0.2744140625 0.0234375 0.01953125
0 0.5322265625 0.25390625 0.0234375 0.017578125
0 0.5087890625 0.2705078125 0.0234375 0.021484375
0 0.671875 0.251953125 0.017578125 0.013671875
0 0.716796875 0.271484375 0.029296875 0.025390625
0 0.71875 0.2509765625 0.01953125 0.017578125
0 0.806640625 0.228515625 0.021484375 0.017578125
0 0.8115234375 0.2431640625 0.01953125 0.01953125
0 0.8212890625 0.294921875 0.0234375 0.0234375
0 0.8017578125 0.294921875 0.01953125 0.017578125
0 0.76953125 0.2333984375 0.017578125 0.013671875
0 0.6982421875 0.298828125 0.021484375 0.017578125
0 0.68359375 0.3203125 0.037109375 0.025390625
0 0.31640625 0.537109375 0.029296875 0.021484375
0 0.3466796875 0.5302734375 0.01953125 0.013671875
0 0.33203125 0.5068359375 0.01953125 0.017578125
0 0.3251953125 0.494140625 0.02734375 0.017578125
0 0.2958984375 0.505859375 0.0234375 0.015625
0 0.2392578125 0.5302734375 0.015625 0.013671875
0 0.294921875 0.490234375 0.017578125 0.01171875
0 0.2802734375 0.4814453125 0.01953125 0.013671875
0 0.2763671875 0.4609375 0.021484375 0.017578125
0 0.2998046875 0.4580078125 0.01953125 0.017578125
0 0.3173828125 0.470703125 0.0234375 0.017578125
0 0.3232421875 0.4560546875 0.017578125 0.01953125
0 0.2021484375 0.490234375 0.013671875 0.013671875
0 0.2021484375 0.5634765625 0.013671875 0.01171875
0 0.224609375 0.5537109375 0.02734375 0.017578125
0 0.203125 0.529296875 0.017578125 0.01953125
0 0.2216796875 0.5048828125 0.029296875 0.01953125
0 0.18359375 0.501953125 0.01953125 0.015625
0 0.5859375 0.26953125 0.025390625 0.0234375
0 0.5673828125 0.2578125 0.0234375 0.025390625
0 0.529296875 0.2314453125 0.0234375 0.021484375