0 0.5439453125 0.724609375 0.0234375 0.01953125
0 0.5361328125 0.7451171875 0.0234375 0.017578125
0 0.513671875 0.7294921875 0.0234375 0.01953125
0 0.6767578125 0.7451171875 0.017578125 0.013671875
0 0.720703125 0.7255859375 0.02734375 0.025390625
0 0.72265625 0.7451171875 0.01953125 0.017578125
0 0.810546875 0.7666015625 0.021484375 0.017578125
0 0.81640625 0.7509765625 0.01953125 0.01953125
0 0.8251953125 0.69921875 0.0234375 0.0234375
0 0.8046875 0.7001953125 0.01953125 0.017578125
0 0.7744140625 0.76171875 0.017578125 0.013671875
0 0.701171875 0.6982421875 0.021484375 0.017578125
0 0.6865234375 0.67578125 0.03515625 0.0234375
0 0.3154296875 0.4658203125 0.029296875 0.021484375
0 0.3466796875 0.47265625 0.01953125 0.013671875
0 0.33203125 0.49609375 0.01953125 0.017578125
0 0.3251953125 0.5087890625 0.02734375 0.017578125
0 0.2958984375 0.498046875 0.0234375 0.015625
0 0.23828125 0.474609375 0.015625 0.013671875
0 0.294921875 0.513671875 0.017578125 0.01171875
0 0.2802734375 0.521484375 0.01953125 0.013671875
0 0.2763671875 0.54296875 0.021484375 0.017578125
0 0.30078125 0.544921875 0.01953125 0.017578125
0 0.3173828125 0.5322265625 0.0234375 0.017578125
0 0.32421875 0.5478515625 0.017578125 0.01953125
0 0.2021484375 0.515625 0.013671875 0.013671875
0 0.201171875 0.44140625 0.013671875 0.01171875
0 0.2236328125 0.451171875 0.02734375 0.017578125
0 0.203125 0.4755859375 0.017578125 0.01953125
0 0.2216796875 0.5 0.029296875 0.01953125
0 0.18359375 0.50390625 0.01953125 0.015625
0 0.58984375 0.7294921875 0.025390625 0.0234375
0 0.572265625 0.740234375 0.0234375 0.025390625
0 0.5341796875 0.767578125 0.0234375 0.01953125