0 0.318359375 0.4443359375 0.037109375 0.037109375
0 0.6123046875 0.26953125 0.025390625 0.03125
0 0.5546875 0.2353515625 0.03125 0.01953125
0 0.7373046875 0.2822265625 0.04296875 0.0390625
0 0.7001953125 0.3369140625 0.056640625 0.04296875
0 0.8349609375 0.2646484375 0.03515625 0.02734375
0 0.8447265625 0.3271484375 0.021484375 0.03515625
0 0.81640625 0.330078125 0.02734375 0.03515625
0 0.2021484375 0.4775390625 0.0546875 0.05859375
0 0.3173828125 0.515625 0.02734375 0.015625
0 0.333984375 0.4775390625 0.037109375 0.01953125
0 0.2158203125 0.5244140625 0.02734375 0.0234375
0 0.5341796875 0.2685546875 0.015625 0.02734375
0 0.5654296875 0.27734375 0.015625 0.03125
0 0.2802734375 0.4609375 0.03515625 0.0546875