0 0.4609375 0.7080078125 0.02734375 0.021484375
0 0.431640625 0.6826171875 0.021484375 0.021484375
0 0.572265625 0.68359375 0.0234375 0.017578125
0 0.6337890625 0.6796875 0.033203125 0.029296875
0 0.634765625 0.6357421875 0.0234375 0.0234375
0 0.412109375 0.607421875 0.01953125 0.01953125
0 0.3955078125 0.646484375 0.02734375 0.0234375
0 0.310546875 0.6171875 0.0234375 0.021484375
0 0.2626953125 0.6064453125 0.0234375 0.0234375
0 0.3251953125 0.5791015625 0.0234375 0.0234375
0 0.4677734375 0.5869140625 0.025390625 0.0234375
0 0.4443359375 0.5634765625 0.021484375 0.017578125
0 0.3916015625 0.6201171875 0.01953125 0.01953125
0 0.50390625 0.6279296875 0.0234375 0.0234375
0 0.509765625 0.650390625 0.025390625 0.0234375
0 0.5166015625 0.669921875 0.01953125 0.015625
0 0.544921875 0.650390625 0.01953125 0.017578125
0 0.609375 0.591796875 0.01953125 0.01953125
0 0.634765625 0.6201171875 0.01953125 0.013671875
0 0.625 0.5400390625 0.017578125 0.01953125
0 0.5634765625 0.5595703125 0.0234375 0.021484375
0 0.4619140625 0.5263671875 0.01953125 0.013671875
0 0.654296875 0.5244140625 0.0234375 0.025390625
0 0.365234375 0.6806640625 0.02734375 0.0234375