0 0.4951171875 0.7119140625 0.02734375 0.021484375
0 0.529296875 0.6923828125 0.021484375 0.021484375
0 0.3916015625 0.6640625 0.0234375 0.017578125
0 0.3310546875 0.6484375 0.033203125 0.029296875
0 0.33984375 0.6044921875 0.0234375 0.0234375
0 0.5634765625 0.6240234375 0.01953125 0.01953125
0 0.572265625 0.6650390625 0.02734375 0.0234375
0 0.66015625 0.654296875 0.0234375 0.021484375
0 0.7099609375 0.6533203125 0.0234375 0.0234375
0 0.6552734375 0.61328125 0.0234375 0.0234375
0 0.513671875 0.591796875 0.025390625 0.0234375
0 0.541015625 0.57421875 0.021484375 0.017578125
0 0.5810546875 0.640625 0.01953125 0.01953125
0 0.4697265625 0.6240234375 0.0234375 0.0234375
0 0.458984375 0.64453125 0.025390625 0.0234375
0 0.4482421875 0.662109375 0.01953125 0.015625
0 0.4248046875 0.6376953125 0.01953125 0.017578125
0 0.3740234375 0.5673828125 0.01953125 0.01953125
0 0.34375 0.58984375 0.01953125 0.013671875
0 0.369140625 0.5126953125 0.017578125 0.01953125
0 0.42578125 0.544921875 0.0234375 0.021484375
0 0.5322265625 0.5341796875 0.01953125 0.013671875
0 0.34375 0.4912109375 0.0234375 0.025390625
0 0.5947265625 0.7041015625 0.02734375 0.0234375