0 0.4921875 0.2880859375 0.02734375 0.021484375
0 0.525390625 0.306640625 0.021484375 0.0234375
0 0.388671875 0.337890625 0.0234375 0.017578125
0 0.3291015625 0.3544921875 0.033203125 0.029296875
0 0.337890625 0.3974609375 0.0234375 0.0234375
0 0.5615234375 0.375 0.01953125 0.021484375
0 0.5693359375 0.333984375 0.02734375 0.025390625
0 0.658203125 0.3427734375 0.0234375 0.021484375
0 0.70703125 0.3427734375 0.0234375 0.0234375
0 0.6533203125 0.3837890625 0.0234375 0.0234375
0 0.5126953125 0.408203125 0.025390625 0.0234375
0 0.5400390625 0.4248046875 0.021484375 0.017578125
0 0.5791015625 0.3583984375 0.021484375 0.021484375
0 0.466796875 0.3759765625 0.0234375 0.0234375
0 0.45703125 0.35546875 0.025390625 0.0234375
0 0.4453125 0.3388671875 0.01953125 0.015625
0 0.421875 0.3642578125 0.01953125 0.017578125
0 0.373046875 0.4345703125 0.021484375 0.021484375
0 0.341796875 0.4130859375 0.01953125 0.015625
0 0.369140625 0.4892578125 0.017578125 0.01953125
0 0.4248046875 0.4560546875 0.0234375 0.021484375
0 0.53125 0.4658203125 0.01953125 0.015625
0 0.34375 0.51171875 0.0234375 0.025390625
0 0.5908203125 0.2939453125 0.02734375 0.025390625