0 0.5029296875 0.7119140625 0.02734375 0.01953125
0 0.53515625 0.69140625 0.01953125 0.021484375
0 0.3974609375 0.66796875 0.0234375 0.017578125
0 0.3369140625 0.654296875 0.033203125 0.02734375
0 0.34375 0.6103515625 0.0234375 0.021484375
0 0.568359375 0.62109375 0.01953125 0.01953125
0 0.578125 0.662109375 0.02734375 0.0234375
0 0.666015625 0.6484375 0.0234375 0.01953125
0 0.71484375 0.646484375 0.021484375 0.0234375
0 0.6591796875 0.6083984375 0.0234375 0.021484375
0 0.517578125 0.5908203125 0.025390625 0.0234375
0 0.5439453125 0.572265625 0.021484375 0.017578125
0 0.5859375 0.6376953125 0.01953125 0.01953125
0 0.4736328125 0.625 0.0234375 0.021484375
0 0.4638671875 0.646484375 0.025390625 0.021484375
0 0.4541015625 0.6640625 0.017578125 0.015625
0 0.4296875 0.6396484375 0.01953125 0.017578125
0 0.376953125 0.5712890625 0.01953125 0.01953125
0 0.3466796875 0.5947265625 0.017578125 0.013671875
0 0.369140625 0.517578125 0.017578125 0.01953125
0 0.4267578125 0.5478515625 0.0234375 0.01953125
0 0.533203125 0.5322265625 0.01953125 0.013671875
0 0.34375 0.4970703125 0.0234375 0.025390625
0 0.6015625 0.701171875 0.02734375 0.0234375