0 0.5576171875 0.2958984375 0.029296875 0.0234375
0 0.583984375 0.32421875 0.021484375 0.0234375
0 0.4443359375 0.3115234375 0.0234375 0.01953125
0 0.3818359375 0.30859375 0.03515625 0.03125
0 0.376953125 0.3525390625 0.025390625 0.0234375
0 0.5966796875 0.400390625 0.021484375 0.021484375
0 0.6171875 0.36328125 0.029296875 0.025390625
0 0.6982421875 0.3994140625 0.025390625 0.021484375
0 0.7451171875 0.4140625 0.0234375 0.025390625
0 0.681640625 0.4365234375 0.025390625 0.0234375
0 0.5400390625 0.416015625 0.02734375 0.025390625
0 0.5615234375 0.44140625 0.0234375 0.01953125
0 0.619140625 0.3896484375 0.021484375 0.021484375
0 0.5068359375 0.3720703125 0.025390625 0.0234375
0 0.5029296875 0.349609375 0.02734375 0.025390625
0 0.498046875 0.3291015625 0.01953125 0.017578125
0 0.4677734375 0.3466796875 0.021484375 0.01953125
0 0.3994140625 0.3984375 0.021484375 0.021484375
0 0.3759765625 0.3681640625 0.01953125 0.015625
0 0.37890625 0.44921875 0.01953125 0.01953125
0 0.4423828125 0.4345703125 0.025390625 0.021484375
0 0.5400390625 0.4765625 0.021484375 0.015625
0 0.34765625 0.462890625 0.025390625 0.02734375
0 0.650390625 0.33203125 0.029296875 0.025390625