0 0.54296875 0.29296875 0.02734375 0.021484375
0 0.5712890625 0.3193359375 0.021484375 0.0234375
0 0.431640625 0.3154296875 0.0234375 0.017578125
0 0.369140625 0.3173828125 0.033203125 0.029296875
0 0.3671875 0.361328125 0.0234375 0.0234375
0 0.58984375 0.3935546875 0.01953125 0.021484375
0 0.607421875 0.35546875 0.02734375 0.025390625
0 0.69140625 0.3857421875 0.0234375 0.021484375
0 0.7392578125 0.3974609375 0.0234375 0.0234375
0 0.6767578125 0.423828125 0.0234375 0.0234375
0 0.5341796875 0.4140625 0.025390625 0.0234375
0 0.556640625 0.4375 0.021484375 0.017578125
0 0.611328125 0.3818359375 0.021484375 0.021484375
0 0.498046875 0.3720703125 0.0234375 0.0234375
0 0.4931640625 0.349609375 0.025390625 0.0234375
0 0.486328125 0.330078125 0.01953125 0.015625
0 0.45703125 0.349609375 0.01953125 0.017578125
0 0.392578125 0.40625 0.021484375 0.021484375
0 0.3671875 0.3779296875 0.01953125 0.015625
0 0.375 0.4580078125 0.017578125 0.01953125
0 0.4375 0.439453125 0.0234375 0.021484375
0 0.5390625 0.474609375 0.01953125 0.015625
0 0.345703125 0.4736328125 0.0234375 0.025390625
0 0.6376953125 0.322265625 0.02734375 0.025390625