0 0.521484375 0.7109375 0.025390625 0.01953125
0 0.5517578125 0.6875 0.01953125 0.021484375
0 0.412109375 0.6767578125 0.021484375 0.015625
0 0.3505859375 0.66796875 0.03125 0.025390625
0 0.353515625 0.6240234375 0.021484375 0.021484375
0 0.578125 0.615234375 0.017578125 0.01953125
0 0.591796875 0.654296875 0.025390625 0.021484375
0 0.677734375 0.6337890625 0.021484375 0.01953125
0 0.7265625 0.626953125 0.021484375 0.021484375
0 0.66796875 0.59375 0.021484375 0.021484375
0 0.525390625 0.58984375 0.0234375 0.021484375
0 0.5498046875 0.568359375 0.021484375 0.015625
0 0.59765625 0.62890625 0.01953125 0.01953125
0 0.484375 0.626953125 0.021484375 0.021484375
0 0.4775390625 0.6484375 0.0234375 0.021484375
0 0.46875 0.66796875 0.017578125 0.013671875
0 0.4423828125 0.6455078125 0.01953125 0.015625
0 0.3828125 0.58203125 0.01953125 0.01953125
0 0.35546875 0.6083984375 0.017578125 0.013671875
0 0.37109375 0.5283203125 0.015625 0.017578125
0 0.431640625 0.5537109375 0.021484375 0.01953125
0 0.5361328125 0.529296875 0.01953125 0.013671875
0 0.34375 0.5107421875 0.021484375 0.0234375
0 0.6181640625 0.69140625 0.025390625 0.021484375