0 0.4716796875 0.283203125 0.0234375 0.01953125
0 0.4404296875 0.3203125 0.017578125 0.017578125
0 0.4609375 0.3291015625 0.021484375 0.021484375
0 0.4326171875 0.3642578125 0.02734375 0.01953125
0 0.458984375 0.3984375 0.021484375 0.021484375
0 0.4345703125 0.4072265625 0.021484375 0.017578125
0 0.435546875 0.4423828125 0.021484375 0.017578125
0 0.412109375 0.4306640625 0.015625 0.017578125
0 0.4052734375 0.40234375 0.0234375 0.0234375
0 0.42578125 0.3369140625 0.0234375 0.021484375
0 0.4970703125 0.24609375 0.021484375 0.0234375
0 0.6318359375 0.271484375 0.021484375 0.0234375