0 0.501953125 0.71875 0.021484375 0.017578125
0 0.537109375 0.685546875 0.015625 0.015625
0 0.517578125 0.673828125 0.01953125 0.01953125
0 0.55078125 0.642578125 0.025390625 0.017578125
0 0.5283203125 0.6064453125 0.01953125 0.01953125
0 0.5537109375 0.599609375 0.01953125 0.013671875
0 0.5576171875 0.5654296875 0.01953125 0.013671875
0 0.578125 0.5791015625 0.013671875 0.015625
0 0.58203125 0.6083984375 0.021484375 0.021484375
0 0.5537109375 0.6708984375 0.021484375 0.01953125
0 0.47265625 0.7529296875 0.01953125 0.021484375
0 0.3408203125 0.7109375 0.01953125 0.021484375