0 0.716796875 0.4677734375 0.01953125 0.0234375
0 0.6787109375 0.4375 0.017578125 0.017578125
0 0.669921875 0.4580078125 0.021484375 0.021484375
0 0.634765625 0.4296875 0.01953125 0.02734375
0 0.6015625 0.45703125 0.021484375 0.021484375
0 0.591796875 0.4326171875 0.017578125 0.021484375
0 0.556640625 0.4345703125 0.017578125 0.021484375
0 0.5673828125 0.4111328125 0.017578125 0.015625
0 0.595703125 0.4033203125 0.0234375 0.0234375
0 0.662109375 0.4228515625 0.021484375 0.025390625
0 0.75390625 0.4921875 0.025390625 0.021484375
0 0.73046875 0.6279296875 0.025390625 0.021484375