0 0.486328125 0.71875 0.021484375 0.015625
0 0.5244140625 0.6875 0.015625 0.015625
0 0.505859375 0.6748046875 0.01953125 0.01953125
0 0.5400390625 0.646484375 0.025390625 0.015625
0 0.5205078125 0.607421875 0.01953125 0.01953125
0 0.546875 0.603515625 0.01953125 0.013671875
0 0.552734375 0.5693359375 0.01953125 0.013671875
0 0.5732421875 0.583984375 0.013671875 0.015625
0 0.57421875 0.61328125 0.021484375 0.021484375
0 0.5419921875 0.6748046875 0.021484375 0.01953125
0 0.455078125 0.75 0.01953125 0.021484375
0 0.326171875 0.69921875 0.01953125 0.021484375