0 0.578125 0.6162109375 0.048828125 0.033203125
0 0.6123046875 0.560546875 0.041015625 0.0234375
0 0.5341796875 0.53125 0.04296875 0.02734375
0 0.5673828125 0.501953125 0.037109375 0.021484375
0 0.61328125 0.4697265625 0.0390625 0.02734375
0 0.7177734375 0.470703125 0.03125 0.01953125
0 0.705078125 0.38671875 0.033203125 0.021484375
0 0.6025390625 0.3232421875 0.05859375 0.03125
0 0.4716796875 0.337890625 0.044921875 0.02734375
0 0.544921875 0.431640625 0.033203125 0.021484375
0 0.6259765625 0.2578125 0.03515625 0.02734375
0 0.341796875 0.2685546875 0.0390625 0.017578125
0 0.240234375 0.193359375 0.0390625 0.02734375
0 0.23046875 0.173828125 0.02734375 0.021484375
0 0.2421875 0.150390625 0.02734375 0.0234375
0 0.3310546875 0.15234375 0.033203125 0.01953125
0 0.333984375 0.19921875 0.03515625 0.02734375
0 0.46875 0.2060546875 0.05078125 0.02734375
0 0.5732421875 0.2568359375 0.029296875 0.01953125
0 0.603515625 0.201171875 0.029296875 0.01953125
0 0.6806640625 0.216796875 0.033203125 0.01953125
0 0.7255859375 0.189453125 0.037109375 0.02734375
0 0.671875 0.1767578125 0.0390625 0.021484375
0 0.6376953125 0.1572265625 0.029296875 0.01953125
0 0.638671875 0.134765625 0.025390625 0.017578125
0 0.677734375 0.1171875 0.033203125 0.017578125
0 0.7646484375 0.1044921875 0.033203125 0.01953125
0 0.7861328125 0.1259765625 0.033203125 0.01953125
0 0.705078125 0.2880859375 0.033203125 0.01953125