0 0.576171875 0.6181640625 0.048828125 0.03515625
0 0.611328125 0.5625 0.041015625 0.0234375
0 0.5341796875 0.5322265625 0.04296875 0.02734375
0 0.5673828125 0.5029296875 0.037109375 0.0234375
0 0.61328125 0.4716796875 0.0390625 0.02734375
0 0.7177734375 0.474609375 0.033203125 0.021484375
0 0.70703125 0.390625 0.033203125 0.0234375
0 0.60546875 0.3251953125 0.05859375 0.033203125
0 0.474609375 0.337890625 0.044921875 0.029296875
0 0.5458984375 0.4326171875 0.033203125 0.0234375
0 0.6298828125 0.2607421875 0.03515625 0.029296875
0 0.345703125 0.265625 0.041015625 0.017578125
0 0.24609375 0.1884765625 0.0390625 0.029296875
0 0.236328125 0.1689453125 0.02734375 0.021484375
0 0.2490234375 0.1455078125 0.02734375 0.0234375
0 0.337890625 0.150390625 0.03515625 0.01953125
0 0.3388671875 0.1962890625 0.03515625 0.02734375
0 0.4736328125 0.205078125 0.05078125 0.029296875
0 0.5771484375 0.2578125 0.029296875 0.01953125
0 0.6083984375 0.203125 0.03125 0.021484375
0 0.685546875 0.220703125 0.03515625 0.021484375
0 0.73046875 0.193359375 0.037109375 0.02734375
0 0.6767578125 0.1796875 0.041015625 0.021484375
0 0.6435546875 0.1591796875 0.029296875 0.01953125
0 0.64453125 0.13671875 0.02734375 0.017578125
0 0.6845703125 0.1201171875 0.03515625 0.017578125
0 0.771484375 0.1083984375 0.03515625 0.01953125
0 0.79296875 0.130859375 0.03515625 0.021484375
0 0.7080078125 0.291015625 0.03515625 0.01953125