0 0.4345703125 0.6240234375 0.05078125 0.0390625
0 0.39453125 0.572265625 0.041015625 0.02734375
0 0.46875 0.5341796875 0.044921875 0.03125
0 0.43359375 0.5087890625 0.0390625 0.025390625
0 0.384765625 0.4814453125 0.041015625 0.03125
0 0.2802734375 0.4931640625 0.033203125 0.0234375
0 0.2841796875 0.408203125 0.033203125 0.025390625
0 0.3798828125 0.3349609375 0.060546875 0.037109375
0 0.51171875 0.3359375 0.046875 0.03125
0 0.4482421875 0.4365234375 0.033203125 0.025390625
0 0.349609375 0.2724609375 0.037109375 0.03125
0 0.6328125 0.25390625 0.041015625 0.021484375
0 0.7265625 0.16796875 0.041015625 0.03125
0 0.7333984375 0.1474609375 0.029296875 0.0234375
0 0.7197265625 0.125 0.029296875 0.025390625
0 0.6318359375 0.13671875 0.03515625 0.0234375
0 0.6337890625 0.18359375 0.037109375 0.029296875
0 0.5009765625 0.2041015625 0.052734375 0.033203125
0 0.4013671875 0.265625 0.03125 0.0234375
0 0.365234375 0.2138671875 0.03125 0.0234375
0 0.2900390625 0.2373046875 0.03515625 0.0234375
0 0.2431640625 0.21484375 0.0390625 0.03125
0 0.2958984375 0.1962890625 0.041015625 0.025390625
0 0.3271484375 0.1728515625 0.03125 0.0234375
0 0.32421875 0.1513671875 0.02734375 0.01953125
0 0.283203125 0.1376953125 0.03515625 0.021484375
0 0.1962890625 0.1337890625 0.03515625 0.0234375
0 0.17578125 0.158203125 0.03515625 0.0234375
0 0.2744140625 0.310546875 0.03515625 0.0234375