0 0.3896484375 0.5869140625 0.052734375 0.04296875
0 0.375 0.5234375 0.04296875 0.03125
0 0.45703125 0.5185546875 0.046875 0.03515625
0 0.435546875 0.48046875 0.041015625 0.029296875
0 0.4013671875 0.4365234375 0.04296875 0.033203125
0 0.3017578125 0.404296875 0.03515625 0.025390625
0 0.33984375 0.3291015625 0.03515625 0.02734375
0 0.45703125 0.30078125 0.0625 0.04296875
0 0.5771484375 0.3544921875 0.048828125 0.03515625
0 0.478515625 0.421875 0.03515625 0.02734375
0 0.455078125 0.2314453125 0.0390625 0.03515625
0 0.7216796875 0.3291015625 0.041015625 0.025390625
0 0.841796875 0.2880859375 0.04296875 0.03515625
0 0.857421875 0.2734375 0.03125 0.02734375
0 0.8525390625 0.2470703125 0.03125 0.02734375
0 0.767578125 0.2216796875 0.037109375 0.025390625
0 0.7509765625 0.2646484375 0.0390625 0.033203125
0 0.62109375 0.23046875 0.0546875 0.037109375
0 0.505859375 0.24609375 0.03125 0.025390625
0 0.494140625 0.18359375 0.033203125 0.025390625
0 0.4150390625 0.1748046875 0.037109375 0.02734375
0 0.3818359375 0.134765625 0.041015625 0.033203125
0 0.4365234375 0.1396484375 0.04296875 0.02734375
0 0.4755859375 0.1318359375 0.03125 0.025390625
0 0.4814453125 0.109375 0.029296875 0.021484375
0 0.44921875 0.0810546875 0.03515625 0.0234375
0 0.37109375 0.0419921875 0.037109375 0.025390625
0 0.3427734375 0.0556640625 0.037109375 0.02734375
0 0.37109375 0.2353515625 0.037109375 0.025390625