4 0.0934228515625 0.530394412109375 0.135892837890625 0.645964265625 0.2536750234375 0.65196678515625 0.228745212890625 0.540799556640625 0.0934228515625 0.530394412109375
4 0.11623903515625 0.406196076171875 0.148972435546875 0.52378214453125 0.261886328125 0.5307927734375 0.243823177734375 0.42309435546875 0.11623903515625 0.406196076171875
4 0.16683624609375 0.305938689453125 0.196693486328125 0.401762701171875 0.302557076171875 0.421062763671875 0.283432484375 0.311837455078125 0.16683624609375 0.305938689453125
4 0.439827912109375 0.21796815625 0.44078355078125 0.30265943359375 0.550264115234375 0.307935658203125 0.54337874609375 0.22272559375 0.439827912109375 0.21796815625
4 0.42162476953125 0.3167575703125 0.42776308984375 0.4105064453125 0.53655573828125 0.40998637109375 0.54321380859375 0.320225091796875 0.42162476953125 0.3167575703125
4 0.393560533203125 0.4189863359375 0.401264560546875 0.535816646484375 0.51442746875 0.53998100390625 0.524388125 0.42613018359375 0.393560533203125 0.4189863359375
4 0.385978005859375 0.560291755859375 0.396925482421875 0.6673676328125 0.520761904296875 0.6724658046875 0.531410474609375 0.564411279296875 0.385978005859375 0.560291755859375
4 0.689200439453125 0.563875828125 0.661699607421875 0.67332402734375 0.787160873046875 0.6871685234375 0.83170384765625 0.58781548828125 0.689200439453125 0.563875828125
4 0.664827794921875 0.432680947265625 0.6431321875 0.544071068359375 0.76291273828125 0.5545505078125 0.790852466796875 0.453744875 0.664827794921875 0.432680947265625
4 0.677723748046875 0.326257072265625 0.659271587890625 0.4278927578125 0.775120779296875 0.442330333984375 0.81060884375 0.323542728515625 0.677723748046875 0.326257072265625
4 1 0.33581022265625 0.930762921875 0.329752763671875 0.8943970625 0.431255232421875 0.9904586953125 0.43965953515625 1 0.399736662109375 1 0.33581022265625
4 1 0.455094072265625 0.94152675390625 0.452586884765625 0.939842775390625 0.458175669921875 0.89698378125 0.551939919921875 0.9964787421875 0.56207862890625 1 0.52183046875 1 0.455094072265625
4 0.98527300390625 0.690160806640625 0.980961025390625 0.587262708984375 0.929035505859375 0.690976775390625 0.98527300390625 0.690160806640625
4 0.088918619140625 0.213080080078125 0.02843537109375 0.20778848046875 0.0257148984375 0.320838708984375 0.120092552734375 0.334831796875 0.088918619140625 0.213080080078125