1 0.4462890625 0.197265625 0.162109375 0.0625
1 0.111328125 0.08984375 0.0625 0.025390625
1 0.138671875 0.1416015625 0.119140625 0.02734375
1 0.119140625 0.3330078125 0.0859375 0.03515625
1 0.0986328125 0.400390625 0.083984375 0.029296875
1 0.107421875 0.4306640625 0.1015625 0.021484375
1 0.1162109375 0.5107421875 0.12109375 0.05859375
1 0.0810546875 0.57421875 0.06640625 0.052734375
1 0.41796875 0.67578125 0.166015625 0.0546875
1 0.4404296875 0.6171875 0.1875 0.044921875
1 0.51171875 0.572265625 0.193359375 0.04296875
1 0.4384765625 0.4306640625 0.20703125 0.103515625
1 0.560546875 0.314453125 0.09375 0.033203125
1 0.5126953125 0.7919921875 0.1328125 0.041015625