0 0.583984375 0.9599609375 0.029296875 0.02734375
0 0.62109375 0.9453125 0.02734375 0.02734375
0 0.6064453125 0.9697265625 0.0234375 0.029296875
0 0.64453125 0.9296875 0.041015625 0.0390625
0 0.6376953125 0.8916015625 0.0234375 0.03125
0 0.59375 0.9189453125 0.037109375 0.033203125
0 0.564453125 0.8515625 0.025390625 0.029296875
0 0.560546875 0.822265625 0.02734375 0.029296875
0 0.5068359375 0.837890625 0.033203125 0.02734375
0 0.4873046875 0.78125 0.03125 0.03125
0 0.4716796875 0.71875 0.017578125 0.015625
0 0.4638671875 0.68359375 0.0234375 0.025390625
0 0.5234375 0.6962890625 0.029296875 0.029296875
0 0.541015625 0.7607421875 0.0234375 0.0234375
0 0.6015625 0.7919921875 0.025390625 0.037109375
0 0.6298828125 0.771484375 0.02734375 0.037109375
0 0.60546875 0.6904296875 0.02734375 0.029296875
0 0.56640625 0.689453125 0.0234375 0.029296875
0 0.583984375 0.619140625 0.02734375 0.029296875
0 0.541015625 0.603515625 0.029296875 0.02734375
0 0.505859375 0.6083984375 0.03125 0.025390625
0 0.5126953125 0.646484375 0.02734375 0.033203125
0 0.4375 0.626953125 0.025390625 0.03515625
0 0.4345703125 0.59765625 0.0234375 0.0234375
0 0.4248046875 0.5576171875 0.01953125 0.02734375
0 0.3896484375 0.5625 0.02734375 0.029296875
0 0.390625 0.5068359375 0.021484375 0.0234375
0 0.421875 0.5166015625 0.025390625 0.029296875
0 0.4228515625 0.453125 0.0234375 0.025390625
0 0.4453125 0.478515625 0.02734375 0.025390625
0 0.466796875 0.505859375 0.025390625 0.03125
0 0.478515625 0.4853515625 0.0234375 0.029296875
0 0.490234375 0.4658203125 0.02734375 0.029296875
0 0.5283203125 0.474609375 0.02734375 0.033203125
0 0.5185546875 0.517578125 0.021484375 0.02734375
0 0.515625 0.5595703125 0.021484375 0.021484375
0 0.48828125 0.5615234375 0.02734375 0.03125
0 0.4658203125 0.5703125 0.03125 0.037109375
0 0.5927734375 0.552734375 0.025390625 0.03125
0 0.623046875 0.5263671875 0.02734375 0.03125
0 0.6240234375 0.6416015625 0.02734375 0.033203125
0 0.654296875 0.6064453125 0.025390625 0.03125
0 0.6953125 0.6123046875 0.03125 0.03125
0 0.68359375 0.5478515625 0.037109375 0.046875
0 0.7255859375 0.7080078125 0.03125 0.03125
0 0.6806640625 0.6962890625 0.037109375 0.037109375
0 0.6669921875 0.7607421875 0.025390625 0.029296875
0 0.712890625 0.8134765625 0.02734375 0.033203125
0 0.7490234375 0.8056640625 0.02734375 0.033203125
0 0.396484375 0.4462890625 0.021484375 0.021484375
0 0.3779296875 0.3916015625 0.025390625 0.0234375
0 0.36328125 0.3466796875 0.01953125 0.021484375
0 0.3564453125 0.3251953125 0.025390625 0.025390625
0 0.337890625 0.279296875 0.01953125 0.025390625
0 0.3828125 0.314453125 0.02734375 0.033203125
0 0.400390625 0.3056640625 0.01953125 0.0234375
0 0.4189453125 0.3125 0.017578125 0.0234375
0 0.400390625 0.359375 0.01953125 0.025390625
0 0.4111328125 0.3818359375 0.025390625 0.025390625
0 0.4228515625 0.3984375 0.021484375 0.03125
0 0.4228515625 0.3662109375 0.0234375 0.0234375
0 0.4462890625 0.3740234375 0.017578125 0.0234375
0 0.447265625 0.349609375 0.0234375 0.02734375
0 0.4609375 0.3466796875 0.01953125 0.025390625
0 0.41796875 0.2763671875 0.02734375 0.033203125
0 0.4365234375 0.2861328125 0.02734375 0.029296875
0 0.400390625 0.2314453125 0.02734375 0.025390625
0 0.47265625 0.4052734375 0.021484375 0.021484375
0 0.484375 0.3935546875 0.021484375 0.021484375
0 0.505859375 0.3994140625 0.0234375 0.025390625