0 0.9658203125 0.4619140625 0.021484375 0.025390625
0 0.9609375 0.501953125 0.0234375 0.0234375
0 0.9814453125 0.4814453125 0.025390625 0.01953125
0 0.9521484375 0.5283203125 0.033203125 0.03515625
0 0.9130859375 0.53125 0.029296875 0.01953125
0 0.9296875 0.482421875 0.02734375 0.03125
0 0.8564453125 0.470703125 0.025390625 0.021484375
0 0.826171875 0.474609375 0.025390625 0.021484375
0 0.828125 0.4189453125 0.021484375 0.029296875
0 0.7685546875 0.4140625 0.025390625 0.025390625
0 0.7041015625 0.416015625 0.013671875 0.015625
0 0.66796875 0.41796875 0.021484375 0.01953125
0 0.6953125 0.4716796875 0.0234375 0.025390625
0 0.7626953125 0.47265625 0.021484375 0.01953125
0 0.80859375 0.5224609375 0.033203125 0.01953125
0 0.7958984375 0.5546875 0.03515625 0.021484375
0 0.7109375 0.5517578125 0.025390625 0.021484375
0 0.7001953125 0.515625 0.025390625 0.01953125
0 0.63671875 0.5498046875 0.025390625 0.021484375
0 0.611328125 0.5126953125 0.021484375 0.025390625
0 0.6064453125 0.4775390625 0.021484375 0.029296875
0 0.64453125 0.474609375 0.029296875 0.021484375
0 0.6064453125 0.40625 0.03125 0.01953125
0 0.5771484375 0.4111328125 0.01953125 0.021484375
0 0.5361328125 0.4130859375 0.025390625 0.013671875
0 0.5322265625 0.376953125 0.025390625 0.021484375
0 0.478515625 0.392578125 0.021484375 0.017578125
0 0.49609375 0.419921875 0.025390625 0.021484375
0 0.4345703125 0.4375 0.021484375 0.01953125
0 0.46484375 0.4521484375 0.021484375 0.0234375
0 0.4970703125 0.466796875 0.029296875 0.01953125
0 0.4794921875 0.4833984375 0.025390625 0.01953125
0 0.46484375 0.4990234375 0.025390625 0.021484375
0 0.482421875 0.5341796875 0.029296875 0.021484375
0 0.521484375 0.5126953125 0.0234375 0.017578125
0 0.5615234375 0.5 0.01953125 0.01953125
0 0.556640625 0.47265625 0.02734375 0.021484375
0 0.55859375 0.44921875 0.03125 0.02734375
0 0.5751953125 0.5751953125 0.02734375 0.021484375
0 0.5576171875 0.6123046875 0.02734375 0.021484375
0 0.6689453125 0.5830078125 0.029296875 0.021484375
0 0.642578125 0.62109375 0.029296875 0.01953125
0 0.6591796875 0.6591796875 0.025390625 0.02734375
0 0.59375 0.6650390625 0.04296875 0.03125
0 0.7587890625 0.6640625 0.025390625 0.025390625
0 0.736328125 0.6240234375 0.033203125 0.033203125
0 0.7958984375 0.59375 0.025390625 0.021484375
0 0.8583984375 0.6240234375 0.029296875 0.021484375
0 0.859375 0.6611328125 0.029296875 0.021484375
0 0.421875 0.4140625 0.01953125 0.01953125
0 0.3642578125 0.41015625 0.01953125 0.021484375
0 0.3173828125 0.4072265625 0.01953125 0.015625
0 0.2939453125 0.40625 0.021484375 0.021484375
0 0.244140625 0.400390625 0.021484375 0.015625
0 0.291015625 0.4345703125 0.029296875 0.021484375
0 0.2861328125 0.4541015625 0.021484375 0.015625
0 0.2978515625 0.4697265625 0.021484375 0.013671875
0 0.3388671875 0.4404296875 0.021484375 0.015625
0 0.36328125 0.4443359375 0.021484375 0.021484375
0 0.3818359375 0.451171875 0.029296875 0.017578125
0 0.3505859375 0.4599609375 0.021484375 0.01953125
0 0.3642578125 0.48046875 0.021484375 0.013671875
0 0.3408203125 0.48828125 0.0234375 0.01953125
0 0.341796875 0.501953125 0.0234375 0.013671875
0 0.2626953125 0.478515625 0.029296875 0.021484375
0 0.27734375 0.494140625 0.025390625 0.021484375
0 0.21484375 0.47265625 0.021484375 0.0234375
0 0.4013671875 0.4990234375 0.01953125 0.01953125
0 0.392578125 0.5126953125 0.01953125 0.01953125
0 0.404296875 0.53125 0.021484375 0.01953125