0 0.5537109375 0.9638671875 0.02734375 0.0234375
0 0.5146484375 0.9609375 0.025390625 0.025390625
0 0.53515625 0.98046875 0.01953125 0.02734375
0 0.4873046875 0.953125 0.037109375 0.033203125
0 0.4833984375 0.9140625 0.01953125 0.029296875
0 0.533203125 0.9287109375 0.033203125 0.029296875
0 0.541015625 0.85546875 0.021484375 0.02734375
0 0.5361328125 0.8251953125 0.0234375 0.02734375
0 0.591796875 0.8251953125 0.029296875 0.0234375
0 0.5947265625 0.765625 0.02734375 0.02734375
0 0.591796875 0.701171875 0.015625 0.013671875
0 0.587890625 0.6650390625 0.01953125 0.0234375
0 0.53515625 0.6943359375 0.02734375 0.025390625
0 0.537109375 0.76171875 0.01953125 0.021484375
0 0.48828125 0.8095703125 0.01953125 0.03515625
0 0.455078125 0.7978515625 0.0234375 0.03515625
0 0.455078125 0.712890625 0.0234375 0.02734375
0 0.4912109375 0.7001953125 0.01953125 0.02734375
0 0.455078125 0.638671875 0.0234375 0.02734375
0 0.4912109375 0.611328125 0.02734375 0.0234375
0 0.5263671875 0.60546875 0.029296875 0.021484375
0 0.5302734375 0.6435546875 0.0234375 0.029296875
0 0.59765625 0.6025390625 0.021484375 0.033203125
0 0.591796875 0.57421875 0.021484375 0.01953125
0 0.5888671875 0.533203125 0.015625 0.025390625
0 0.6240234375 0.52734375 0.0234375 0.02734375
0 0.6064453125 0.474609375 0.01953125 0.021484375
0 0.580078125 0.4931640625 0.021484375 0.02734375
0 0.5595703125 0.4326171875 0.01953125 0.0234375
0 0.546875 0.4638671875 0.025390625 0.0234375
0 0.533203125 0.49609375 0.01953125 0.029296875
0 0.5166015625 0.4794921875 0.01953125 0.02734375
0 0.4990234375 0.46484375 0.0234375 0.02734375
0 0.4658203125 0.4833984375 0.0234375 0.029296875
0 0.48828125 0.5224609375 0.01953125 0.025390625
0 0.501953125 0.5615234375 0.01953125 0.01953125
0 0.529296875 0.5556640625 0.0234375 0.02734375
0 0.552734375 0.556640625 0.02734375 0.033203125
0 0.4267578125 0.5771484375 0.021484375 0.02734375
0 0.3896484375 0.5615234375 0.0234375 0.02734375
0 0.4228515625 0.671875 0.0234375 0.029296875
0 0.3837890625 0.6474609375 0.01953125 0.029296875
0 0.345703125 0.6640625 0.02734375 0.02734375
0 0.3388671875 0.599609375 0.03125 0.04296875
0 0.3447265625 0.7646484375 0.02734375 0.02734375
0 0.384765625 0.740234375 0.033203125 0.033203125
0 0.4169921875 0.798828125 0.021484375 0.02734375
0 0.388671875 0.8623046875 0.0234375 0.029296875
0 0.3515625 0.865234375 0.0234375 0.029296875
0 0.5830078125 0.4189453125 0.01953125 0.01953125
0 0.5849609375 0.361328125 0.0234375 0.01953125
0 0.5859375 0.3134765625 0.017578125 0.01953125
0 0.5859375 0.2900390625 0.0234375 0.0234375
0 0.5908203125 0.2412109375 0.017578125 0.0234375
0 0.5576171875 0.2880859375 0.0234375 0.03125
0 0.5390625 0.28515625 0.017578125 0.021484375
0 0.5234375 0.296875 0.013671875 0.021484375
0 0.5537109375 0.3369140625 0.017578125 0.0234375
0 0.55078125 0.361328125 0.0234375 0.0234375
0 0.544921875 0.380859375 0.017578125 0.029296875
0 0.5341796875 0.349609375 0.01953125 0.021484375
0 0.5146484375 0.3642578125 0.013671875 0.021484375
0 0.5068359375 0.3408203125 0.01953125 0.025390625
0 0.4931640625 0.341796875 0.015625 0.0234375
0 0.5126953125 0.26171875 0.0234375 0.029296875
0 0.498046875 0.27734375 0.0234375 0.02734375
0 0.517578125 0.2138671875 0.025390625 0.0234375
0 0.498046875 0.4013671875 0.01953125 0.01953125
0 0.4833984375 0.3935546875 0.01953125 0.01953125
0 0.46484375 0.4052734375 0.01953125 0.0234375