0 0.4951171875 0.033203125 0.025390625 0.021484375
0 0.533203125 0.0400390625 0.0234375 0.0234375
0 0.5146484375 0.0185546875 0.01953125 0.025390625
0 0.5595703125 0.05078125 0.03515625 0.033203125
0 0.560546875 0.08984375 0.01953125 0.029296875
0 0.51171875 0.0703125 0.03125 0.02734375
0 0.49609375 0.142578125 0.021484375 0.025390625
0 0.498046875 0.1728515625 0.021484375 0.025390625
0 0.4423828125 0.1669921875 0.029296875 0.021484375
0 0.43359375 0.2255859375 0.025390625 0.025390625
0 0.4296875 0.2900390625 0.015625 0.013671875
0 0.4296875 0.326171875 0.01953125 0.021484375
0 0.4853515625 0.302734375 0.025390625 0.0234375
0 0.490234375 0.236328125 0.01953125 0.021484375
0 0.5439453125 0.193359375 0.01953125 0.033203125
0 0.5751953125 0.208984375 0.021484375 0.03515625
0 0.56640625 0.29296875 0.021484375 0.025390625
0 0.529296875 0.3017578125 0.01953125 0.025390625
0 0.5595703125 0.3671875 0.021484375 0.025390625
0 0.5205078125 0.390625 0.025390625 0.021484375
0 0.4853515625 0.3916015625 0.029296875 0.021484375
0 0.484375 0.353515625 0.021484375 0.029296875
0 0.4140625 0.3876953125 0.01953125 0.03125
0 0.4169921875 0.4169921875 0.021484375 0.01953125
0 0.4150390625 0.4580078125 0.013671875 0.025390625
0 0.37890625 0.4599609375 0.021484375 0.025390625
0 0.390625 0.513671875 0.017578125 0.021484375
0 0.419921875 0.498046875 0.021484375 0.025390625
0 0.43359375 0.5615234375 0.01953125 0.021484375
0 0.4501953125 0.53125 0.0234375 0.021484375
0 0.466796875 0.5009765625 0.01953125 0.029296875
0 0.4814453125 0.5185546875 0.01953125 0.025390625
0 0.4970703125 0.53515625 0.021484375 0.025390625
0 0.5322265625 0.51953125 0.021484375 0.029296875
0 0.5146484375 0.4794921875 0.017578125 0.0234375
0 0.50390625 0.4384765625 0.01953125 0.01953125
0 0.4765625 0.44140625 0.021484375 0.02734375
0 0.453125 0.4375 0.02734375 0.03125
0 0.5810546875 0.4306640625 0.021484375 0.02734375
0 0.6162109375 0.4501953125 0.021484375 0.02734375
0 0.5947265625 0.3369140625 0.021484375 0.029296875
0 0.630859375 0.3662109375 0.01953125 0.029296875
0 0.669921875 0.3525390625 0.02734375 0.025390625
0 0.6708984375 0.41796875 0.03125 0.04296875
0 0.681640625 0.2529296875 0.025390625 0.025390625
0 0.6396484375 0.2734375 0.033203125 0.033203125
0 0.61328125 0.2119140625 0.021484375 0.025390625
0 0.6494140625 0.1513671875 0.021484375 0.029296875
0 0.6865234375 0.15234375 0.021484375 0.029296875
0 0.408203125 0.572265625 0.01953125 0.01953125
0 0.400390625 0.6298828125 0.021484375 0.01953125
0 0.3955078125 0.67578125 0.015625 0.01953125
0 0.392578125 0.69921875 0.021484375 0.021484375
0 0.3828125 0.748046875 0.015625 0.021484375
0 0.4208984375 0.7041015625 0.021484375 0.029296875
0 0.4384765625 0.7099609375 0.015625 0.021484375
0 0.4560546875 0.7001953125 0.013671875 0.021484375
0 0.4287109375 0.6572265625 0.015625 0.021484375
0 0.4345703125 0.6328125 0.021484375 0.021484375
0 0.443359375 0.6142578125 0.017578125 0.029296875
0 0.4501953125 0.6455078125 0.01953125 0.021484375
0 0.470703125 0.6337890625 0.013671875 0.021484375
0 0.4765625 0.6572265625 0.01953125 0.0234375
0 0.490234375 0.658203125 0.013671875 0.0234375
0 0.462890625 0.7353515625 0.021484375 0.029296875
0 0.478515625 0.7216796875 0.021484375 0.025390625
0 0.453125 0.7822265625 0.0234375 0.021484375
0 0.4912109375 0.5986328125 0.01953125 0.01953125
0 0.5048828125 0.607421875 0.01953125 0.01953125
0 0.525390625 0.59765625 0.01953125 0.021484375