0 0.0380859375 0.4296875 0.0234375 0.02734375
0 0.0400390625 0.4697265625 0.025390625 0.025390625
0 0.021484375 0.447265625 0.02734375 0.021484375
0 0.046875 0.49609375 0.03515625 0.037109375
0 0.0849609375 0.5029296875 0.029296875 0.01953125
0 0.0732421875 0.4521484375 0.029296875 0.033203125
0 0.146484375 0.4462890625 0.02734375 0.0234375
0 0.17578125 0.4521484375 0.02734375 0.0234375
0 0.177734375 0.396484375 0.0234375 0.03125
0 0.23828125 0.3955078125 0.02734375 0.02734375
0 0.3017578125 0.4013671875 0.013671875 0.017578125
0 0.337890625 0.40625 0.0234375 0.021484375
0 0.306640625 0.4580078125 0.025390625 0.02734375
0 0.2392578125 0.4541015625 0.021484375 0.021484375
0 0.1904296875 0.5009765625 0.03515625 0.021484375
0 0.201171875 0.5341796875 0.037109375 0.0234375
0 0.2861328125 0.537109375 0.02734375 0.0234375
0 0.2998046875 0.501953125 0.02734375 0.021484375
0 0.3603515625 0.5400390625 0.02734375 0.0234375
0 0.388671875 0.5048828125 0.0234375 0.02734375
0 0.3955078125 0.470703125 0.0234375 0.03125
0 0.357421875 0.46484375 0.03125 0.0234375
0 0.400390625 0.3994140625 0.033203125 0.021484375
0 0.4296875 0.40625 0.021484375 0.021484375
0 0.4697265625 0.41015625 0.02734375 0.015625
0 0.4765625 0.375 0.02734375 0.0234375
0 0.529296875 0.3935546875 0.021484375 0.01953125
0 0.509765625 0.4208984375 0.02734375 0.0234375
0 0.5703125 0.4423828125 0.0234375 0.021484375
0 0.5380859375 0.455078125 0.0234375 0.025390625
0 0.505859375 0.466796875 0.029296875 0.021484375
0 0.521484375 0.484375 0.02734375 0.021484375
0 0.53515625 0.501953125 0.02734375 0.0234375
0 0.5146484375 0.53515625 0.03125 0.0234375
0 0.4775390625 0.51171875 0.025390625 0.01953125
0 0.4384765625 0.4951171875 0.01953125 0.01953125
0 0.4453125 0.46875 0.029296875 0.0234375
0 0.4453125 0.4453125 0.033203125 0.029296875
0 0.419921875 0.5703125 0.029296875 0.0234375
0 0.4345703125 0.6083984375 0.029296875 0.0234375
0 0.3251953125 0.5712890625 0.03125 0.0234375
0 0.3486328125 0.6103515625 0.029296875 0.021484375
0 0.330078125 0.6484375 0.02734375 0.029296875
0 0.3955078125 0.658203125 0.04296875 0.033203125
0 0.23046875 0.6455078125 0.02734375 0.02734375
0 0.255859375 0.6064453125 0.03515625 0.03515625
0 0.19921875 0.572265625 0.02734375 0.0234375
0 0.1337890625 0.5986328125 0.03125 0.0234375
0 0.1298828125 0.6357421875 0.03125 0.0234375
0 0.583984375 0.419921875 0.01953125 0.01953125
0 0.6416015625 0.419921875 0.021484375 0.0234375
0 0.689453125 0.4208984375 0.01953125 0.017578125
0 0.712890625 0.4208984375 0.0234375 0.0234375
0 0.76171875 0.4189453125 0.0234375 0.017578125
0 0.7138671875 0.4501953125 0.03125 0.0234375
0 0.716796875 0.46875 0.021484375 0.017578125
0 0.7041015625 0.484375 0.0234375 0.015625
0 0.6650390625 0.451171875 0.0234375 0.017578125
0 0.640625 0.4541015625 0.0234375 0.0234375
0 0.62109375 0.4599609375 0.029296875 0.017578125
0 0.6513671875 0.470703125 0.021484375 0.021484375
0 0.63671875 0.490234375 0.0234375 0.015625
0 0.6591796875 0.4990234375 0.025390625 0.021484375
0 0.658203125 0.5126953125 0.025390625 0.015625
0 0.73828125 0.4951171875 0.03125 0.0234375
0 0.72265625 0.509765625 0.02734375 0.0234375
0 0.7861328125 0.4931640625 0.0234375 0.025390625
0 0.5986328125 0.505859375 0.01953125 0.01953125
0 0.60546875 0.51953125 0.01953125 0.01953125
0 0.5927734375 0.5380859375 0.0234375 0.021484375