0 0.658203125 0.0634765625 0.037109375 0.033203125
0 0.5 0.0693359375 0.052734375 0.033203125
0 0.2763671875 0.1748046875 0.05078125 0.04296875
0 0.408203125 0.197265625 0.06640625 0.046875
0 0.5693359375 0.154296875 0.060546875 0.0390625
0 0.7216796875 0.140625 0.060546875 0.0390625
0 0.6943359375 0.2333984375 0.056640625 0.041015625
0 0.7861328125 0.232421875 0.060546875 0.044921875
0 0.783203125 0.3154296875 0.056640625 0.03515625
0 0.775390625 0.34375 0.041015625 0.03125
0 0.8271484375 0.326171875 0.05078125 0.04296875
0 0.751953125 0.4267578125 0.048828125 0.041015625
0 0.6025390625 0.37109375 0.078125 0.04296875
0 0.59765625 0.2529296875 0.052734375 0.04296875
0 0.4970703125 0.302734375 0.07421875 0.0625
0 0.4375 0.3310546875 0.06640625 0.05859375
0 0.244140625 0.3203125 0.0546875 0.04296875
0 0.1494140625 0.2998046875 0.05859375 0.048828125
0 0.1708984375 0.3779296875 0.0625 0.05078125
0 0.1982421875 0.513671875 0.068359375 0.041015625
0 0.306640625 0.552734375 0.05859375 0.0546875
0 0.3203125 0.4150390625 0.056640625 0.0390625
0 0.4384765625 0.4638671875 0.05859375 0.044921875
0 0.4267578125 0.58203125 0.0546875 0.046875
0 0.5419921875 0.5166015625 0.072265625 0.04296875
0 0.7294921875 0.5712890625 0.06640625 0.044921875
0 0.7880859375 0.544921875 0.05078125 0.03515625
0 0.8896484375 0.5126953125 0.076171875 0.0390625
0 0.9462890625 0.52734375 0.060546875 0.041015625
0 0.865234375 0.6396484375 0.04296875 0.0390625
0 0.7958984375 0.6787109375 0.048828125 0.046875
0 0.580078125 0.740234375 0.06640625 0.04296875
0 0.2705078125 0.7314453125 0.06640625 0.0390625
0 0.2001953125 0.673828125 0.041015625 0.03515625
0 0.1826171875 0.712890625 0.044921875 0.0390625
0 0.134765625 0.6591796875 0.041015625 0.0390625
0 0.0859375 0.54296875 0.041015625 0.041015625
0 0.0556640625 0.408203125 0.0390625 0.041015625
0 0.16015625 0.4306640625 0.04296875 0.04296875
0 0.140625 0.2001953125 0.0625 0.048828125
0 0.5869140625 0.826171875 0.052734375 0.0546875
0 0.4619140625 0.84765625 0.046875 0.0390625
0 0.416015625 0.767578125 0.056640625 0.044921875
0 0.349609375 0.83984375 0.060546875 0.033203125
0 0.220703125 0.8564453125 0.0390625 0.0390625
0 0.26171875 0.783203125 0.044921875 0.0390625
0 0.6953125 0.9208984375 0.064453125 0.046875
0 0.71875 0.8076171875 0.0546875 0.041015625
0 0.7763671875 0.7958984375 0.064453125 0.052734375
0 0.87109375 0.857421875 0.064453125 0.044921875
0 0.46484375 0.9326171875 0.052734375 0.033203125
0 0.376953125 0.921875 0.044921875 0.04296875
0 0.4970703125 0.9599609375 0.0546875 0.0390625
0 0.873046875 0.77734375 0.041015625 0.037109375