0 0.7109375 0.0859375 0.03515625 0.029296875
0 0.5517578125 0.072265625 0.048828125 0.02734375
0 0.318359375 0.1494140625 0.046875 0.037109375
0 0.4453125 0.1884765625 0.0625 0.041015625
0 0.611328125 0.1650390625 0.056640625 0.033203125
0 0.763671875 0.169921875 0.056640625 0.033203125
0 0.7255859375 0.2587890625 0.052734375 0.03515625
0 0.81640625 0.2685546875 0.056640625 0.0390625
0 0.8037109375 0.3515625 0.052734375 0.029296875
0 0.79296875 0.37890625 0.037109375 0.025390625
0 0.8466796875 0.3671875 0.046875 0.037109375
0 0.7587890625 0.4580078125 0.044921875 0.03515625
0 0.6171875 0.384765625 0.07421875 0.03515625
0 0.626953125 0.2666015625 0.048828125 0.037109375
0 0.521484375 0.3046875 0.068359375 0.0546875
0 0.458984375 0.3251953125 0.060546875 0.05078125
0 0.267578125 0.2900390625 0.05078125 0.037109375
0 0.1767578125 0.2587890625 0.052734375 0.041015625
0 0.1884765625 0.3388671875 0.056640625 0.044921875
0 0.19921875 0.4765625 0.06640625 0.033203125
0 0.30078125 0.529296875 0.052734375 0.046875
0 0.33203125 0.3935546875 0.052734375 0.03125
0 0.443359375 0.45703125 0.0546875 0.037109375
0 0.4169921875 0.572265625 0.05078125 0.041015625
0 0.5390625 0.521484375 0.068359375 0.03515625
0 0.7197265625 0.5986328125 0.0625 0.0390625
0 0.7802734375 0.580078125 0.046875 0.029296875
0 0.884765625 0.5595703125 0.07421875 0.029296875
0 0.9404296875 0.5810546875 0.056640625 0.03515625
0 0.8447265625 0.68359375 0.0390625 0.03515625
0 0.7724609375 0.712890625 0.044921875 0.041015625
0 0.5498046875 0.748046875 0.0625 0.03515625
0 0.244140625 0.7021484375 0.0625 0.033203125
0 0.1806640625 0.63671875 0.037109375 0.03125
0 0.1591796875 0.6728515625 0.041015625 0.03515625
0 0.1181640625 0.61328125 0.037109375 0.03515625
0 0.083984375 0.4921875 0.037109375 0.037109375
0 0.0693359375 0.35546875 0.03515625 0.037109375
0 0.1708984375 0.3896484375 0.037109375 0.0390625
0 0.1796875 0.1591796875 0.056640625 0.04296875
0 0.546875 0.833984375 0.046875 0.048828125
0 0.419921875 0.83984375 0.04296875 0.033203125
0 0.384765625 0.7548828125 0.052734375 0.0390625
0 0.3095703125 0.818359375 0.056640625 0.02734375
0 0.1796875 0.8203125 0.03515625 0.03515625
0 0.228515625 0.751953125 0.041015625 0.03515625
0 0.642578125 0.9423828125 0.060546875 0.041015625
0 0.6796875 0.83203125 0.05078125 0.03515625
0 0.73828125 0.8271484375 0.060546875 0.046875
0 0.82421875 0.8994140625 0.060546875 0.0390625
0 0.4130859375 0.92578125 0.05078125 0.02734375
0 0.326171875 0.9033203125 0.041015625 0.037109375
0 0.4404296875 0.9560546875 0.052734375 0.03125
0 0.8369140625 0.8203125 0.037109375 0.033203125