0 0.8046875 0.8505859375 0.0390625 0.03515625
0 0.654296875 0.90234375 0.052734375 0.037109375
0 0.408203125 0.8837890625 0.0546875 0.046875
0 0.5224609375 0.8154296875 0.0703125 0.052734375
0 0.689453125 0.7978515625 0.0625 0.04296875
0 0.8359375 0.755859375 0.0625 0.04296875
0 0.77734375 0.6796875 0.05859375 0.044921875
0 0.86328125 0.6474609375 0.064453125 0.048828125
0 0.8310546875 0.5712890625 0.05859375 0.0390625
0 0.8134765625 0.546875 0.041015625 0.033203125
0 0.8681640625 0.544921875 0.0546875 0.044921875
0 0.76171875 0.4775390625 0.05078125 0.04296875
0 0.6416015625 0.583984375 0.078125 0.048828125
0 0.6796875 0.6962890625 0.056640625 0.046875
0 0.5673828125 0.6845703125 0.078125 0.06640625
0 0.501953125 0.6796875 0.0703125 0.0625
0 0.3251953125 0.759765625 0.056640625 0.046875
0 0.244140625 0.8125 0.060546875 0.052734375
0 0.2373046875 0.732421875 0.064453125 0.0546875
0 0.212890625 0.595703125 0.0703125 0.044921875
0 0.2998046875 0.5205078125 0.0625 0.056640625
0 0.36328125 0.6435546875 0.05859375 0.04296875
0 0.4560546875 0.5556640625 0.0625 0.048828125
0 0.40234375 0.44921875 0.05859375 0.05078125
0 0.533203125 0.4697265625 0.07421875 0.048828125
0 0.689453125 0.3515625 0.068359375 0.05078125
0 0.7529296875 0.3544921875 0.052734375 0.0390625
0 0.859375 0.3486328125 0.078125 0.044921875
0 0.9072265625 0.314453125 0.0625 0.046875
0 0.7900390625 0.23828125 0.044921875 0.04296875
0 0.712890625 0.2275390625 0.052734375 0.05078125
0 0.48828125 0.2470703125 0.068359375 0.046875
0 0.2021484375 0.3662109375 0.068359375 0.044921875
0 0.1572265625 0.4443359375 0.04296875 0.0390625
0 0.1279296875 0.4150390625 0.046875 0.04296875
0 0.1025390625 0.482421875 0.04296875 0.041015625
0 0.09765625 0.607421875 0.044921875 0.04296875
0 0.1171875 0.7451171875 0.041015625 0.04296875
0 0.20703125 0.6865234375 0.044921875 0.046875
0 0.271484375 0.908203125 0.064453125 0.052734375
0 0.46484375 0.1640625 0.056640625 0.05859375
0 0.33984375 0.189453125 0.048828125 0.041015625
0 0.326171875 0.2802734375 0.05859375 0.048828125
0 0.2373046875 0.236328125 0.060546875 0.037109375
0 0.111328125 0.2666015625 0.041015625 0.041015625
0 0.17578125 0.3212890625 0.046875 0.04296875
0 0.53125 0.037109375 0.068359375 0.05078125
0 0.59375 0.134765625 0.056640625 0.044921875
0 0.65234375 0.125 0.068359375 0.056640625
0 0.7177734375 0.0341796875 0.06640625 0.048828125
0 0.3125 0.1083984375 0.0546875 0.037109375
0 0.234375 0.150390625 0.048828125 0.044921875
0 0.33203125 0.0712890625 0.056640625 0.04296875
0 0.7490234375 0.107421875 0.04296875 0.041015625