0 0.732421875 0.09765625 0.03515625 0.029296875
0 0.57421875 0.0751953125 0.048828125 0.02734375
0 0.3369140625 0.140625 0.048828125 0.0390625
0 0.4619140625 0.185546875 0.064453125 0.041015625
0 0.62890625 0.1708984375 0.05859375 0.033203125
0 0.7802734375 0.1845703125 0.05859375 0.033203125
0 0.7373046875 0.2705078125 0.0546875 0.03515625
0 0.828125 0.2861328125 0.05859375 0.0390625
0 0.8115234375 0.3671875 0.052734375 0.029296875
0 0.798828125 0.39453125 0.037109375 0.02734375
0 0.8525390625 0.3857421875 0.048828125 0.037109375
0 0.7607421875 0.4716796875 0.046875 0.03515625
0 0.623046875 0.390625 0.07421875 0.03515625
0 0.638671875 0.2734375 0.05078125 0.0390625
0 0.53125 0.3056640625 0.0703125 0.0546875
0 0.4677734375 0.3232421875 0.0625 0.052734375
0 0.279296875 0.2783203125 0.05078125 0.0390625
0 0.189453125 0.2421875 0.0546875 0.04296875
0 0.197265625 0.322265625 0.05859375 0.044921875
0 0.2001953125 0.4609375 0.06640625 0.033203125
0 0.2998046875 0.5185546875 0.0546875 0.048828125
0 0.337890625 0.384765625 0.0546875 0.033203125
0 0.4462890625 0.4541015625 0.056640625 0.0390625
0 0.4140625 0.568359375 0.05078125 0.04296875
0 0.5380859375 0.5234375 0.0703125 0.037109375
0 0.7138671875 0.6103515625 0.064453125 0.0390625
0 0.7763671875 0.5947265625 0.046875 0.029296875
0 0.880859375 0.580078125 0.07421875 0.03125
0 0.935546875 0.6044921875 0.05859375 0.037109375
0 0.8349609375 0.701171875 0.041015625 0.03515625
0 0.7607421875 0.7265625 0.044921875 0.04296875
0 0.537109375 0.75 0.064453125 0.037109375
0 0.2333984375 0.6884765625 0.064453125 0.033203125
0 0.1748046875 0.619140625 0.0390625 0.033203125
0 0.150390625 0.6552734375 0.04296875 0.03515625
0 0.1123046875 0.5927734375 0.0390625 0.03515625
0 0.0849609375 0.470703125 0.0390625 0.037109375
0 0.078125 0.3330078125 0.03515625 0.037109375
0 0.1767578125 0.3720703125 0.0390625 0.041015625
0 0.1982421875 0.142578125 0.05859375 0.04296875
0 0.529296875 0.8359375 0.048828125 0.05078125
0 0.40234375 0.8359375 0.04296875 0.03515625
0 0.37109375 0.7490234375 0.052734375 0.041015625
0 0.29296875 0.80859375 0.056640625 0.02734375
0 0.1630859375 0.802734375 0.03515625 0.03515625
0 0.2158203125 0.7373046875 0.04296875 0.03515625
0 0.619140625 0.94921875 0.0625 0.041015625
0 0.662109375 0.8408203125 0.05078125 0.03515625
0 0.720703125 0.8388671875 0.060546875 0.046875
0 0.802734375 0.916015625 0.060546875 0.0390625
0 0.390625 0.919921875 0.05078125 0.02734375
0 0.3056640625 0.8935546875 0.04296875 0.0390625
0 0.4169921875 0.9521484375 0.052734375 0.033203125
0 0.8193359375 0.837890625 0.0390625 0.03515625