0 0.6171875 0.8203125 0.03515625 0.03515625
0 0.6220703125 0.8623046875 0.02734375 0.029296875
0 0.64453125 0.4970703125 0.0390625 0.04296875
0 0.62109375 0.6474609375 0.033203125 0.03515625
0 0.611328125 0.697265625 0.041015625 0.03515625
0 0.708984375 0.7080078125 0.03125 0.0234375
0 0.5986328125 0.435546875 0.025390625 0.025390625
0 0.6796875 0.140625 0.033203125 0.03515625
0 0.6572265625 0.123046875 0.025390625 0.03125
0 0.5126953125 0.58203125 0.03125 0.029296875
0 0.5615234375 0.6025390625 0.033203125 0.0234375
0 0.5537109375 0.65234375 0.02734375 0.037109375
0 0.51171875 0.703125 0.029296875 0.02734375