0 0.3935546875 0.82421875 0.03515625 0.03515625
0 0.390625 0.8662109375 0.029296875 0.03125
0 0.35546875 0.501953125 0.0390625 0.04296875
0 0.3837890625 0.6513671875 0.033203125 0.037109375
0 0.3955078125 0.701171875 0.041015625 0.037109375
0 0.2978515625 0.7158203125 0.03125 0.025390625
0 0.3994140625 0.4384765625 0.025390625 0.025390625
0 0.3076171875 0.1474609375 0.033203125 0.037109375
0 0.330078125 0.12890625 0.02734375 0.033203125
0 0.490234375 0.5830078125 0.03125 0.029296875
0 0.44140625 0.60546875 0.033203125 0.025390625
0 0.4521484375 0.654296875 0.029296875 0.037109375
0 0.4951171875 0.703125 0.03125 0.02734375