0 0.74609375 0.736328125 0.03515625 0.03515625
0 0.7685546875 0.7724609375 0.029296875 0.03125
0 0.6279296875 0.43359375 0.0390625 0.04296875
0 0.673828125 0.5791015625 0.033203125 0.037109375
0 0.6875 0.62890625 0.041015625 0.037109375
0 0.779296875 0.595703125 0.03125 0.025390625
0 0.560546875 0.3984375 0.025390625 0.025390625
0 0.5048828125 0.0986328125 0.033203125 0.037109375
0 0.4755859375 0.0927734375 0.02734375 0.033203125
0 0.546875 0.568359375 0.03125 0.029296875
0 0.6005859375 0.5654296875 0.033203125 0.025390625
0 0.615234375 0.61328125 0.029296875 0.037109375
0 0.599609375 0.677734375 0.03125 0.02734375