0 0.6064453125 0.82421875 0.03515625 0.03515625
0 0.609375 0.8662109375 0.029296875 0.03125
0 0.64453125 0.501953125 0.0390625 0.04296875
0 0.6162109375 0.6513671875 0.033203125 0.037109375
0 0.6044921875 0.701171875 0.041015625 0.037109375
0 0.7021484375 0.7158203125 0.03125 0.025390625
0 0.6005859375 0.4384765625 0.025390625 0.025390625
0 0.6923828125 0.1474609375 0.033203125 0.037109375
0 0.669921875 0.12890625 0.02734375 0.033203125
0 0.509765625 0.5830078125 0.03125 0.029296875
0 0.55859375 0.60546875 0.033203125 0.025390625
0 0.5478515625 0.654296875 0.029296875 0.037109375
0 0.5048828125 0.703125 0.03125 0.02734375