0 0.1689453125 0.54296875 0.05078125 0.0546875
0 0.2138671875 0.693359375 0.033203125 0.0703125
0 0.3154296875 0.626953125 0.03515625 0.076171875
1 0.2353515625 0.548828125 0.072265625 0.05078125
0 0.2880859375 0.57421875 0.01953125 0.03515625
0 0.33203125 0.546875 0.017578125 0.03125
0 0.365234375 0.5546875 0.02734375 0.05078125
0 0.3583984375 0.650390625 0.015625 0.01953125
0 0.8037109375 0.4970703125 0.013671875 0.03515625
0 0.796875 0.451171875 0.0234375 0.037109375
0 0.6923828125 0.4609375 0.1015625 0.08203125
0 0.779296875 0.568359375 0.0234375 0.037109375
0 0.841796875 0.5126953125 0.01171875 0.02734375
0 0.8310546875 0.4755859375 0.01171875 0.025390625
0 0.8291015625 0.4267578125 0.017578125 0.025390625
0 0.8623046875 0.4658203125 0.013671875 0.029296875