0 0.5634765625 0.6337890625 0.025390625 0.029296875
0 0.6171875 0.556640625 0.021484375 0.01953125
0 0.572265625 0.5595703125 0.029296875 0.02734375
0 0.6181640625 0.8095703125 0.01953125 0.0234375
0 0.609375 0.82421875 0.01953125 0.025390625
0 0.5439453125 0.6943359375 0.021484375 0.01953125
0 0.58203125 0.68359375 0.01953125 0.021484375
0 0.5439453125 0.2001953125 0.021484375 0.021484375
0 0.5283203125 0.2216796875 0.017578125 0.017578125
0 0.53125 0.1396484375 0.021484375 0.021484375
0 0.4951171875 0.1796875 0.01953125 0.02734375
0 0.498046875 0.216796875 0.021484375 0.021484375