0 0.5341796875 0.64453125 0.021484375 0.025390625
0 0.603515625 0.580078125 0.01953125 0.015625
0 0.55859375 0.5732421875 0.025390625 0.0234375
0 0.55078125 0.8271484375 0.015625 0.021484375
0 0.5400390625 0.83984375 0.015625 0.0234375
0 0.501953125 0.69921875 0.01953125 0.015625
0 0.5419921875 0.697265625 0.015625 0.01953125
0 0.60546875 0.2158203125 0.017578125 0.017578125
0 0.5859375 0.2333984375 0.015625 0.015625
0 0.60546875 0.154296875 0.017578125 0.017578125
0 0.5625 0.185546875 0.015625 0.025390625
0 0.556640625 0.22265625 0.017578125 0.017578125