0 0.365234375 0.4384765625 0.029296875 0.025390625
0 0.44140625 0.3837890625 0.01953125 0.021484375
0 0.439453125 0.4287109375 0.02734375 0.029296875
0 0.1884765625 0.3876953125 0.0234375 0.01953125
0 0.173828125 0.3955078125 0.025390625 0.01953125
0 0.3046875 0.4599609375 0.01953125 0.021484375
0 0.314453125 0.4208984375 0.021484375 0.01953125
0 0.798828125 0.4501953125 0.01953125 0.01953125
0 0.77734375 0.466796875 0.017578125 0.017578125
0 0.859375 0.4619140625 0.01953125 0.01953125
0 0.8203125 0.4990234375 0.02734375 0.01953125
0 0.783203125 0.4970703125 0.01953125 0.01953125