0 0.48046875 0.6474609375 0.025390625 0.02734375
0 0.40625 0.58984375 0.01953125 0.017578125
0 0.44921875 0.5791015625 0.02734375 0.025390625
0 0.4833984375 0.8310546875 0.017578125 0.0234375
0 0.49609375 0.841796875 0.017578125 0.025390625
0 0.5185546875 0.6982421875 0.01953125 0.017578125
0 0.478515625 0.7001953125 0.017578125 0.01953125
0 0.365234375 0.228515625 0.01953125 0.01953125
0 0.38671875 0.244140625 0.017578125 0.017578125
0 0.3583984375 0.1669921875 0.01953125 0.01953125
0 0.4052734375 0.193359375 0.01953125 0.02734375
0 0.4150390625 0.23046875 0.01953125 0.01953125