0 0.6484375 0.4912109375 0.029296875 0.025390625
0 0.5966796875 0.412109375 0.01953125 0.021484375
0 0.58203125 0.455078125 0.02734375 0.029296875
0 0.8310546875 0.5068359375 0.0234375 0.01953125
0 0.841796875 0.51953125 0.025390625 0.01953125
0 0.6962890625 0.5322265625 0.01953125 0.021484375
0 0.701171875 0.4921875 0.021484375 0.01953125
0 0.23828125 0.3466796875 0.021484375 0.021484375
0 0.2529296875 0.369140625 0.017578125 0.017578125
0 0.177734375 0.3359375 0.021484375 0.021484375
0 0.201171875 0.3837890625 0.02734375 0.01953125
0 0.236328125 0.396484375 0.021484375 0.021484375