0 0.556640625 0.63671875 0.025390625 0.02734375
0 0.6142578125 0.5625 0.021484375 0.017578125
0 0.5693359375 0.5634765625 0.029296875 0.02734375
0 0.6015625 0.8154296875 0.017578125 0.0234375
0 0.5927734375 0.8291015625 0.01953125 0.025390625
0 0.533203125 0.6962890625 0.021484375 0.017578125
0 0.5732421875 0.6884765625 0.017578125 0.021484375
0 0.5595703125 0.203125 0.01953125 0.01953125
0 0.54296875 0.2236328125 0.017578125 0.017578125
0 0.5498046875 0.1416015625 0.01953125 0.01953125
0 0.51171875 0.1796875 0.01953125 0.02734375
0 0.5126953125 0.216796875 0.01953125 0.01953125