0 0.5703125 0.6298828125 0.02734375 0.029296875
0 0.6201171875 0.55078125 0.021484375 0.01953125
0 0.5751953125 0.5556640625 0.03125 0.029296875
0 0.6337890625 0.802734375 0.01953125 0.025390625
0 0.626953125 0.8173828125 0.021484375 0.02734375
0 0.5537109375 0.69140625 0.021484375 0.01953125
0 0.591796875 0.6796875 0.01953125 0.021484375
0 0.5283203125 0.1982421875 0.021484375 0.021484375
0 0.513671875 0.220703125 0.01953125 0.01953125
0 0.5126953125 0.138671875 0.021484375 0.021484375
0 0.478515625 0.1806640625 0.021484375 0.029296875
0 0.482421875 0.2177734375 0.021484375 0.021484375