0 0.6484375 0.4931640625 0.029296875 0.025390625
0 0.59765625 0.4140625 0.01953125 0.021484375
0 0.5830078125 0.45703125 0.02734375 0.029296875
0 0.8310546875 0.5126953125 0.0234375 0.01953125
0 0.8408203125 0.525390625 0.025390625 0.01953125
0 0.6962890625 0.5361328125 0.01953125 0.021484375
0 0.701171875 0.49609375 0.021484375 0.01953125
0 0.2412109375 0.341796875 0.021484375 0.021484375
0 0.2548828125 0.365234375 0.017578125 0.017578125
0 0.1806640625 0.330078125 0.021484375 0.021484375
0 0.203125 0.37890625 0.02734375 0.021484375
0 0.23828125 0.3916015625 0.021484375 0.021484375