0 0.1328125 0.453125 0.029296875 0.0390625
0 0.2021484375 0.4638671875 0.02734375 0.033203125
0 0.27734375 0.4599609375 0.03125 0.037109375
0 0.318359375 0.462890625 0.021484375 0.03515625
0 0.3525390625 0.4951171875 0.02734375 0.033203125
0 0.326171875 0.5078125 0.029296875 0.041015625
0 0.294921875 0.5107421875 0.029296875 0.04296875
0 0.2646484375 0.5234375 0.0234375 0.029296875
0 0.310546875 0.591796875 0.029296875 0.046875
0 0.3388671875 0.578125 0.029296875 0.048828125
0 0.2158203125 0.6455078125 0.03125 0.048828125
0 0.2041015625 0.541015625 0.02734375 0.033203125
0 0.2109375 0.4931640625 0.0234375 0.029296875
0 0.1552734375 0.5068359375 0.025390625 0.0390625
0 0.0986328125 0.5107421875 0.03125 0.037109375
0 0.1123046875 0.568359375 0.025390625 0.05078125
0 0.1416015625 0.5537109375 0.021484375 0.033203125
0 0.1728515625 0.5458984375 0.025390625 0.044921875
0 0.1708984375 0.6171875 0.02734375 0.0390625
0 0.1396484375 0.625 0.0234375 0.03515625
0 0.1259765625 0.646484375 0.025390625 0.048828125
0 0.1005859375 0.64453125 0.02734375 0.037109375
0 0.1328125 0.763671875 0.021484375 0.03515625
0 0.1748046875 0.7451171875 0.025390625 0.04296875
0 0.2060546875 0.732421875 0.033203125 0.0546875
0 0.2392578125 0.7255859375 0.029296875 0.0546875
0 0.2958984375 0.6533203125 0.017578125 0.033203125
0 0.25 0.66015625 0.029296875 0.044921875
0 0.23828125 0.5927734375 0.02734375 0.04296875
0 0.296875 0.6533203125 0.0234375 0.033203125
0 0.2802734375 0.712890625 0.02734375 0.03125
0 0.2509765625 0.6806640625 0.021484375 0.029296875
0 0.3173828125 0.7080078125 0.029296875 0.0390625
0 0.3505859375 0.703125 0.02734375 0.03125