0 0.16015625 0.353515625 0.03125 0.041015625
0 0.2236328125 0.3837890625 0.03125 0.03515625
0 0.296875 0.3994140625 0.03515625 0.0390625
0 0.3359375 0.4140625 0.025390625 0.037109375
0 0.359375 0.455078125 0.03125 0.03515625
0 0.3310546875 0.458984375 0.033203125 0.04296875
0 0.2998046875 0.4541015625 0.033203125 0.044921875
0 0.267578125 0.4580078125 0.02734375 0.03125
0 0.29296875 0.5361328125 0.03515625 0.048828125
0 0.32421875 0.5302734375 0.033203125 0.05078125
0 0.1865234375 0.5615234375 0.03515625 0.05078125
0 0.205078125 0.4580078125 0.03125 0.03515625
0 0.224609375 0.4140625 0.025390625 0.03125
0 0.1669921875 0.4111328125 0.02734375 0.041015625
0 0.111328125 0.3994140625 0.03515625 0.0390625
0 0.1083984375 0.458984375 0.03125 0.052734375
0 0.140625 0.453125 0.0234375 0.03515625
0 0.1728515625 0.4541015625 0.029296875 0.046875
0 0.1513671875 0.521484375 0.029296875 0.041015625
0 0.119140625 0.5205078125 0.02734375 0.037109375
0 0.099609375 0.537109375 0.029296875 0.05078125
0 0.076171875 0.529296875 0.029296875 0.0390625
0 0.07421875 0.65234375 0.025390625 0.037109375
0 0.119140625 0.6455078125 0.029296875 0.044921875
0 0.1533203125 0.642578125 0.037109375 0.056640625
0 0.1875 0.6455078125 0.03515625 0.056640625
0 0.26171875 0.5908203125 0.021484375 0.033203125
0 0.2158203125 0.5849609375 0.033203125 0.046875
0 0.2236328125 0.5166015625 0.03125 0.044921875
0 0.2626953125 0.5908203125 0.02734375 0.03515625
0 0.23046875 0.64453125 0.03125 0.033203125
0 0.2109375 0.60546875 0.0234375 0.03125
0 0.2666015625 0.6494140625 0.03125 0.041015625
0 0.2998046875 0.654296875 0.03125 0.033203125