0 0.8515625 0.3837890625 0.029296875 0.0390625
0 0.7861328125 0.408203125 0.029296875 0.033203125
0 0.7109375 0.41796875 0.03125 0.037109375
0 0.6708984375 0.4287109375 0.021484375 0.03515625
0 0.6435546875 0.466796875 0.029296875 0.033203125
0 0.671875 0.4736328125 0.029296875 0.041015625
0 0.703125 0.4716796875 0.029296875 0.04296875
0 0.7353515625 0.478515625 0.0234375 0.03125
0 0.703125 0.5546875 0.03125 0.046875
0 0.6728515625 0.5458984375 0.029296875 0.048828125
0 0.806640625 0.5888671875 0.03125 0.048828125
0 0.7978515625 0.4833984375 0.029296875 0.033203125
0 0.7822265625 0.4375 0.0234375 0.03125
0 0.83984375 0.4404296875 0.025390625 0.0390625
0 0.8955078125 0.43359375 0.033203125 0.037109375
0 0.8935546875 0.4931640625 0.02734375 0.052734375
0 0.861328125 0.484375 0.021484375 0.033203125
0 0.830078125 0.4833984375 0.025390625 0.046875
0 0.845703125 0.5517578125 0.02734375 0.0390625
0 0.8779296875 0.5537109375 0.025390625 0.037109375
0 0.8955078125 0.572265625 0.025390625 0.048828125
0 0.9189453125 0.5654296875 0.02734375 0.0390625
0 0.91015625 0.6884765625 0.021484375 0.03515625
0 0.8662109375 0.6787109375 0.025390625 0.044921875
0 0.8330078125 0.671875 0.033203125 0.0546875
0 0.798828125 0.671875 0.03125 0.0546875
0 0.7294921875 0.611328125 0.01953125 0.033203125
0 0.775390625 0.609375 0.029296875 0.044921875
0 0.7744140625 0.541015625 0.02734375 0.04296875
0 0.728515625 0.611328125 0.025390625 0.033203125
0 0.755859375 0.66796875 0.02734375 0.03125
0 0.7783203125 0.6298828125 0.021484375 0.029296875
0 0.71875 0.6689453125 0.029296875 0.0390625
0 0.685546875 0.6708984375 0.02734375 0.03125