0 0.4150390625 0.8603515625 0.037109375 0.025390625
0 0.43359375 0.79296875 0.03125 0.025390625
0 0.4365234375 0.7177734375 0.03515625 0.029296875
0 0.4443359375 0.6767578125 0.03515625 0.01953125
0 0.4794921875 0.646484375 0.03125 0.025390625
0 0.4892578125 0.673828125 0.0390625 0.025390625
0 0.4892578125 0.705078125 0.041015625 0.025390625
0 0.4990234375 0.736328125 0.029296875 0.021484375
0 0.5712890625 0.697265625 0.044921875 0.02734375
0 0.560546875 0.66796875 0.046875 0.025390625
0 0.615234375 0.7978515625 0.046875 0.02734375
0 0.509765625 0.7978515625 0.03125 0.025390625
0 0.462890625 0.7861328125 0.029296875 0.021484375
0 0.470703125 0.84375 0.037109375 0.021484375
0 0.46875 0.900390625 0.03515625 0.029296875
0 0.52734375 0.8935546875 0.05078125 0.021484375
0 0.5166015625 0.861328125 0.03125 0.01953125
0 0.51171875 0.830078125 0.044921875 0.021484375
0 0.58203125 0.83984375 0.037109375 0.0234375
0 0.5859375 0.8720703125 0.03515625 0.021484375
0 0.6064453125 0.8876953125 0.046875 0.021484375
0 0.6025390625 0.912109375 0.037109375 0.0234375
0 0.7236328125 0.892578125 0.033203125 0.01953125
0 0.7099609375 0.849609375 0.04296875 0.021484375
0 0.7001953125 0.8173828125 0.052734375 0.029296875
0 0.697265625 0.783203125 0.052734375 0.025390625
0 0.630859375 0.71875 0.03125 0.015625
0 0.6328125 0.7646484375 0.04296875 0.025390625
0 0.564453125 0.76953125 0.041015625 0.0234375
0 0.630859375 0.7177734375 0.03125 0.021484375
0 0.689453125 0.740234375 0.029296875 0.025390625
0 0.6533203125 0.7666015625 0.029296875 0.01953125
0 0.6875 0.703125 0.037109375 0.025390625
0 0.6865234375 0.669921875 0.029296875 0.025390625