0 0.865234375 0.560546875 0.02734375 0.037109375
0 0.796875 0.5458984375 0.02734375 0.033203125
0 0.7216796875 0.5478515625 0.029296875 0.03515625
0 0.6806640625 0.54296875 0.01953125 0.03515625
0 0.6474609375 0.509765625 0.02734375 0.033203125
0 0.673828125 0.4990234375 0.02734375 0.041015625
0 0.705078125 0.49609375 0.02734375 0.04296875
0 0.736328125 0.484375 0.0234375 0.029296875
0 0.6923828125 0.4150390625 0.029296875 0.044921875
0 0.6630859375 0.427734375 0.02734375 0.048828125
0 0.7890625 0.3642578125 0.029296875 0.048828125
0 0.796875 0.4697265625 0.02734375 0.033203125
0 0.7880859375 0.517578125 0.021484375 0.029296875
0 0.8447265625 0.505859375 0.0234375 0.0390625
0 0.9013671875 0.50390625 0.03125 0.03515625
0 0.890625 0.4453125 0.0234375 0.05078125
0 0.859375 0.458984375 0.01953125 0.03125
0 0.8291015625 0.46484375 0.0234375 0.044921875
0 0.8330078125 0.39453125 0.025390625 0.0390625
0 0.865234375 0.3876953125 0.0234375 0.03515625
0 0.87890625 0.3662109375 0.0234375 0.048828125
0 0.904296875 0.369140625 0.025390625 0.037109375
0 0.8759765625 0.2490234375 0.01953125 0.033203125
0 0.833984375 0.2666015625 0.0234375 0.04296875
0 0.802734375 0.27734375 0.03125 0.0546875
0 0.7685546875 0.283203125 0.02734375 0.0546875
0 0.708984375 0.3544921875 0.017578125 0.03125
0 0.7548828125 0.3486328125 0.02734375 0.04296875
0 0.7646484375 0.4169921875 0.025390625 0.04296875
0 0.7080078125 0.3544921875 0.0234375 0.033203125
0 0.7265625 0.294921875 0.02734375 0.03125
0 0.7548828125 0.328125 0.01953125 0.029296875
0 0.689453125 0.298828125 0.02734375 0.037109375
0 0.6572265625 0.3017578125 0.02734375 0.029296875