0 0.869140625 0.5283203125 0.029296875 0.0390625
0 0.7998046875 0.51953125 0.029296875 0.03515625
0 0.724609375 0.5283203125 0.033203125 0.037109375
0 0.68359375 0.52734375 0.0234375 0.037109375
0 0.6474609375 0.4970703125 0.029296875 0.03515625
0 0.6728515625 0.4833984375 0.03125 0.04296875
0 0.7041015625 0.478515625 0.03125 0.044921875
0 0.7333984375 0.4638671875 0.025390625 0.03125
0 0.68359375 0.3984375 0.033203125 0.046875
0 0.65625 0.4140625 0.03125 0.05078125
0 0.7763671875 0.33984375 0.033203125 0.05078125
0 0.79296875 0.4443359375 0.029296875 0.03515625
0 0.7890625 0.4921875 0.0234375 0.03125
0 0.84375 0.4755859375 0.02734375 0.0390625
0 0.8994140625 0.46875 0.033203125 0.037109375
0 0.8837890625 0.4111328125 0.02734375 0.052734375
0 0.8544921875 0.427734375 0.0234375 0.033203125
0 0.82421875 0.4365234375 0.02734375 0.046875
0 0.822265625 0.3662109375 0.029296875 0.0390625
0 0.853515625 0.3564453125 0.025390625 0.037109375
0 0.8662109375 0.333984375 0.02734375 0.048828125
0 0.890625 0.3349609375 0.02734375 0.0390625
0 0.8525390625 0.2177734375 0.0234375 0.03515625
0 0.8125 0.23828125 0.02734375 0.044921875
0 0.7822265625 0.251953125 0.03515625 0.056640625
0 0.748046875 0.2607421875 0.033203125 0.056640625
0 0.6962890625 0.3359375 0.01953125 0.033203125
0 0.7412109375 0.3271484375 0.03125 0.044921875
0 0.755859375 0.3935546875 0.029296875 0.04296875
0 0.6953125 0.3369140625 0.025390625 0.033203125
0 0.7080078125 0.275390625 0.029296875 0.033203125
0 0.7392578125 0.306640625 0.021484375 0.03125
0 0.671875 0.2822265625 0.029296875 0.0390625
0 0.638671875 0.2890625 0.029296875 0.03125