0 0.97265625 0.244140625 0.0546875 0.05859375
0 0.8134765625 0.57421875 0.02734375 0.03515625
0 0.8173828125 0.4013671875 0.044921875 0.04296875
0 0.875 0.263671875 0.037109375 0.044921875
0 0.82421875 0.2138671875 0.0390625 0.04296875
0 0.44921875 0.390625 0.037109375 0.048828125
0 0.326171875 0.716796875 0.044921875 0.048828125
0 0.2783203125 0.70703125 0.056640625 0.048828125
0 0.236328125 0.609375 0.05078125 0.052734375
0 0.189453125 0.6689453125 0.044921875 0.05078125
0 0.0859375 0.6044921875 0.046875 0.0546875
0 0.1279296875 0.5068359375 0.048828125 0.056640625
0 0.220703125 0.494140625 0.04296875 0.041015625
0 0.203125 0.4560546875 0.056640625 0.044921875
0 0.650390625 0.15234375 0.041015625 0.04296875
0 0.59765625 0.1953125 0.046875 0.0546875
0 0.6923828125 0.0751953125 0.03515625 0.04296875
0 0.4599609375 0.5302734375 0.041015625 0.041015625
0 0.322265625 0.296875 0.046875 0.037109375
0 0.888671875 0.5791015625 0.0390625 0.041015625
0 0.720703125 0.4970703125 0.04296875 0.044921875
0 0.763671875 0.16796875 0.041015625 0.041015625
0 0.765625 0.75390625 0.04296875 0.0390625
0 0.6943359375 0.814453125 0.044921875 0.0390625
0 0.72265625 0.826171875 0.0390625 0.03515625
0 0.791015625 0.6015625 0.0390625 0.029296875
0 0.5166015625 0.6962890625 0.0390625 0.037109375
0 0.7216796875 0.9365234375 0.04296875 0.046875