0 0.0341796875 0.7724609375 0.056640625 0.056640625
0 0.18359375 0.4365234375 0.02734375 0.03515625
0 0.1865234375 0.6103515625 0.044921875 0.041015625
0 0.1328125 0.7490234375 0.037109375 0.04296875
0 0.185546875 0.796875 0.037109375 0.041015625
0 0.5546875 0.607421875 0.037109375 0.048828125
0 0.6669921875 0.27734375 0.044921875 0.046875
0 0.7138671875 0.28515625 0.056640625 0.046875
0 0.759765625 0.3818359375 0.048828125 0.052734375
0 0.8046875 0.3203125 0.04296875 0.05078125
0 0.91015625 0.380859375 0.044921875 0.052734375
0 0.8720703125 0.4794921875 0.046875 0.056640625
0 0.779296875 0.49609375 0.041015625 0.041015625
0 0.7978515625 0.5341796875 0.0546875 0.04296875
0 0.361328125 0.853515625 0.0390625 0.04296875
0 0.4130859375 0.8076171875 0.044921875 0.052734375
0 0.322265625 0.9306640625 0.03515625 0.04296875
0 0.5390625 0.46875 0.041015625 0.041015625
0 0.6845703125 0.697265625 0.046875 0.03515625
0 0.1083984375 0.4345703125 0.037109375 0.0390625
0 0.2802734375 0.5107421875 0.041015625 0.044921875
0 0.248046875 0.8408203125 0.041015625 0.041015625
0 0.2265625 0.255859375 0.041015625 0.037109375
0 0.294921875 0.1923828125 0.044921875 0.0390625
0 0.2666015625 0.181640625 0.037109375 0.033203125
0 0.205078125 0.4091796875 0.037109375 0.02734375
0 0.4765625 0.3046875 0.0390625 0.037109375
0 0.2626953125 0.072265625 0.041015625 0.046875