0 0.0615234375 0.185546875 0.05859375 0.05859375
0 0.4296875 0.185546875 0.03515625 0.02734375
0 0.271484375 0.2578125 0.04296875 0.044921875
0 0.123046875 0.2666015625 0.044921875 0.037109375
0 0.1005859375 0.333984375 0.04296875 0.0390625
0 0.4248046875 0.59375 0.048828125 0.037109375
0 0.7705078125 0.5615234375 0.048828125 0.044921875
0 0.783203125 0.6083984375 0.048828125 0.056640625
0 0.7138671875 0.689453125 0.052734375 0.05078125
0 0.7880859375 0.705078125 0.05078125 0.044921875
0 0.775390625 0.826171875 0.0546875 0.046875
0 0.669921875 0.83203125 0.056640625 0.048828125
0 0.6162109375 0.75390625 0.041015625 0.04296875
0 0.58984375 0.7861328125 0.044921875 0.056640625
0 0.12109375 0.517578125 0.04296875 0.041015625
0 0.18359375 0.5458984375 0.0546875 0.046875
0 0.0341796875 0.513671875 0.04296875 0.03515625
0 0.5439453125 0.5224609375 0.041015625 0.041015625
0 0.3955078125 0.7490234375 0.037109375 0.046875
0 0.400390625 0.1162109375 0.041015625 0.0390625
0 0.400390625 0.3037109375 0.044921875 0.04296875
0 0.0859375 0.408203125 0.041015625 0.041015625
0 0.611328125 0.150390625 0.0390625 0.04296875
0 0.697265625 0.1875 0.0390625 0.044921875
0 0.6953125 0.1572265625 0.03515625 0.0390625
0 0.462890625 0.193359375 0.029296875 0.0390625
0 0.6689453125 0.3984375 0.037109375 0.0390625
0 0.794921875 0.109375 0.046875 0.04296875