0 0.0673828125 0.177734375 0.05859375 0.05859375
0 0.4345703125 0.1845703125 0.03515625 0.02734375
0 0.2763671875 0.25390625 0.041015625 0.044921875
0 0.1279296875 0.259765625 0.044921875 0.037109375
0 0.103515625 0.326171875 0.041015625 0.037109375
0 0.4228515625 0.5927734375 0.048828125 0.037109375
0 0.76953125 0.56640625 0.046875 0.044921875
0 0.78125 0.61328125 0.048828125 0.056640625
0 0.7109375 0.6923828125 0.052734375 0.048828125
0 0.7841796875 0.7099609375 0.05078125 0.044921875
0 0.7705078125 0.8310546875 0.052734375 0.046875
0 0.6640625 0.8349609375 0.056640625 0.048828125
0 0.6123046875 0.755859375 0.041015625 0.04296875
0 0.5849609375 0.787109375 0.04296875 0.056640625
0 0.12109375 0.5107421875 0.04296875 0.041015625
0 0.18359375 0.5400390625 0.052734375 0.046875
0 0.0341796875 0.5048828125 0.04296875 0.03515625
0 0.5439453125 0.5234375 0.041015625 0.041015625
0 0.390625 0.7470703125 0.037109375 0.046875
0 0.4072265625 0.1142578125 0.0390625 0.037109375
0 0.404296875 0.3017578125 0.044921875 0.041015625
0 0.087890625 0.4013671875 0.041015625 0.041015625
0 0.6181640625 0.15234375 0.037109375 0.041015625
0 0.703125 0.19140625 0.0390625 0.044921875
0 0.701171875 0.1611328125 0.03515625 0.0390625
0 0.46875 0.193359375 0.02734375 0.037109375
0 0.6708984375 0.4013671875 0.037109375 0.0390625
0 0.8017578125 0.1142578125 0.046875 0.041015625