0 0.8193359375 0.0654296875 0.052734375 0.052734375
0 0.4697265625 0.1787109375 0.033203125 0.0234375
0 0.642578125 0.19921875 0.037109375 0.041015625
0 0.7861328125 0.1611328125 0.041015625 0.033203125
0 0.828125 0.21875 0.0390625 0.03515625
0 0.6005859375 0.5654296875 0.046875 0.03125
0 0.26171875 0.642578125 0.044921875 0.041015625
0 0.263671875 0.6904296875 0.04296875 0.052734375
0 0.3544921875 0.74609375 0.048828125 0.044921875
0 0.2900390625 0.7841796875 0.046875 0.0390625
0 0.3388671875 0.8955078125 0.05078125 0.041015625
0 0.44140625 0.8681640625 0.052734375 0.04296875
0 0.4677734375 0.77734375 0.037109375 0.0390625
0 0.5029296875 0.7998046875 0.0390625 0.052734375
0 0.865234375 0.3994140625 0.0390625 0.037109375
0 0.814453125 0.4462890625 0.05078125 0.041015625
0 0.947265625 0.369140625 0.0390625 0.03125
0 0.46484375 0.53515625 0.037109375 0.037109375
0 0.6767578125 0.7041015625 0.03125 0.044921875
0 0.4765625 0.1044921875 0.037109375 0.033203125
0 0.5341796875 0.2822265625 0.041015625 0.037109375
0 0.865234375 0.28515625 0.037109375 0.037109375
0 0.2861328125 0.2021484375 0.03515625 0.0390625
0 0.2158203125 0.263671875 0.03515625 0.041015625
0 0.2080078125 0.234375 0.03125 0.03515625
0 0.4404296875 0.197265625 0.0234375 0.03515625
0 0.3076171875 0.4560546875 0.033203125 0.03515625
0 0.0986328125 0.2197265625 0.04296875 0.037109375