0 0.1005859375 0.13671875 0.048828125 0.048828125
0 0.177734375 0.49609375 0.021484375 0.03125
0 0.2158203125 0.3271484375 0.0390625 0.03515625
0 0.193359375 0.1796875 0.029296875 0.0390625
0 0.25390625 0.14453125 0.03125 0.037109375
0 0.576171875 0.40625 0.029296875 0.044921875
0 0.6171875 0.751953125 0.037109375 0.041015625
0 0.6640625 0.7548828125 0.05078125 0.0390625
0 0.7294921875 0.669921875 0.041015625 0.044921875
0 0.7607421875 0.7392578125 0.037109375 0.044921875
0 0.8759765625 0.7021484375 0.037109375 0.046875
0 0.859375 0.5966796875 0.0390625 0.05078125
0 0.7724609375 0.5615234375 0.037109375 0.03515625
0 0.798828125 0.5283203125 0.05078125 0.03515625
0 0.4384765625 0.1259765625 0.033203125 0.037109375
0 0.4794921875 0.181640625 0.037109375 0.046875
0 0.416015625 0.041015625 0.029296875 0.037109375
0 0.53125 0.5390625 0.03515625 0.03515625
0 0.7216796875 0.345703125 0.04296875 0.029296875
0 0.103515625 0.482421875 0.03125 0.03515625
0 0.287109375 0.443359375 0.03515625 0.0390625
0 0.32421875 0.1142578125 0.03515625 0.03515625
0 0.181640625 0.681640625 0.037109375 0.03125
0 0.2353515625 0.7578125 0.0390625 0.03125
0 0.205078125 0.7626953125 0.033203125 0.029296875
0 0.1923828125 0.5283203125 0.03515625 0.021484375
0 0.4365234375 0.6865234375 0.033203125 0.03125
0 0.1787109375 0.869140625 0.03515625 0.041015625