0 0.0390625 0.2197265625 0.056640625 0.056640625
0 0.1826171875 0.5576171875 0.02734375 0.03515625
0 0.1884765625 0.384765625 0.044921875 0.041015625
0 0.1376953125 0.244140625 0.03515625 0.04296875
0 0.1904296875 0.197265625 0.037109375 0.041015625
0 0.556640625 0.3935546875 0.03515625 0.048828125
0 0.6630859375 0.7255859375 0.04296875 0.046875
0 0.7099609375 0.71875 0.056640625 0.046875
0 0.7578125 0.623046875 0.048828125 0.05078125
0 0.8017578125 0.6845703125 0.04296875 0.048828125
0 0.908203125 0.6259765625 0.044921875 0.052734375
0 0.8720703125 0.5263671875 0.046875 0.056640625
0 0.779296875 0.5078125 0.041015625 0.0390625
0 0.798828125 0.470703125 0.0546875 0.04296875
0 0.3681640625 0.14453125 0.0390625 0.04296875
0 0.4189453125 0.19140625 0.044921875 0.052734375
0 0.330078125 0.0654296875 0.03515625 0.041015625
0 0.5380859375 0.5322265625 0.0390625 0.0390625
0 0.6875 0.306640625 0.046875 0.03515625
0 0.107421875 0.55859375 0.037109375 0.0390625
0 0.2802734375 0.4853515625 0.041015625 0.044921875
0 0.25390625 0.154296875 0.0390625 0.0390625
0 0.2216796875 0.7392578125 0.041015625 0.037109375
0 0.2900390625 0.8037109375 0.04296875 0.037109375
0 0.2607421875 0.8134765625 0.037109375 0.033203125
0 0.2041015625 0.5859375 0.037109375 0.02734375
0 0.47265625 0.6953125 0.0390625 0.037109375
0 0.255859375 0.923828125 0.041015625 0.046875