0 0.9169921875 0.841796875 0.05078125 0.05078125
0 0.822265625 0.486328125 0.0234375 0.03125
0 0.79296875 0.658203125 0.041015625 0.03515625
0 0.8232421875 0.8037109375 0.03125 0.041015625
0 0.763671875 0.8427734375 0.033203125 0.037109375
0 0.4287109375 0.59765625 0.029296875 0.044921875
0 0.3701171875 0.25390625 0.0390625 0.04296875
0 0.322265625 0.25390625 0.05078125 0.041015625
0 0.26171875 0.341796875 0.04296875 0.046875
0 0.2275390625 0.275390625 0.037109375 0.044921875
0 0.11328125 0.318359375 0.0390625 0.048828125
0 0.1357421875 0.421875 0.041015625 0.05078125
0 0.224609375 0.453125 0.037109375 0.03515625
0 0.2001953125 0.4873046875 0.05078125 0.03515625
0 0.5810546875 0.8701171875 0.03515625 0.0390625
0 0.537109375 0.8173828125 0.0390625 0.048828125
0 0.607421875 0.953125 0.029296875 0.0390625
0 0.466796875 0.462890625 0.03515625 0.03515625
0 0.287109375 0.666015625 0.04296875 0.029296875
0 0.896484375 0.4970703125 0.033203125 0.03515625
0 0.7158203125 0.544921875 0.03515625 0.041015625
0 0.6962890625 0.8759765625 0.03515625 0.03515625
0 0.80859375 0.3017578125 0.037109375 0.033203125
0 0.75 0.228515625 0.041015625 0.033203125
0 0.7802734375 0.22265625 0.033203125 0.029296875
0 0.8056640625 0.4560546875 0.03515625 0.0234375
0 0.5537109375 0.310546875 0.03515625 0.033203125
0 0.80078125 0.1142578125 0.03515625 0.04296875