0 0.1162109375 0.1201171875 0.052734375 0.052734375
0 0.4794921875 0.1787109375 0.033203125 0.0234375
0 0.3125 0.2255859375 0.037109375 0.041015625
0 0.1640625 0.2099609375 0.041015625 0.03125
0 0.1318359375 0.2734375 0.0390625 0.033203125
0 0.4111328125 0.5810546875 0.044921875 0.03125
0 0.7578125 0.603515625 0.04296875 0.0390625
0 0.7626953125 0.6513671875 0.04296875 0.052734375
0 0.681640625 0.720703125 0.046875 0.044921875
0 0.751953125 0.748046875 0.046875 0.0390625
0 0.7216796875 0.865234375 0.048828125 0.041015625
0 0.6162109375 0.8544921875 0.052734375 0.04296875
0 0.5751953125 0.7685546875 0.037109375 0.0390625
0 0.5439453125 0.796875 0.037109375 0.052734375
0 0.123046875 0.4580078125 0.0390625 0.03515625
0 0.1806640625 0.49609375 0.048828125 0.041015625
0 0.0380859375 0.4404296875 0.0390625 0.03125
0 0.5400390625 0.529296875 0.037109375 0.037109375
0 0.357421875 0.7294921875 0.03125 0.04296875
0 0.4619140625 0.10546875 0.037109375 0.033203125
0 0.4326171875 0.2900390625 0.041015625 0.037109375
0 0.10546875 0.3447265625 0.037109375 0.037109375
0 0.6650390625 0.171875 0.033203125 0.0390625
0 0.744140625 0.22265625 0.033203125 0.041015625
0 0.7470703125 0.1923828125 0.03125 0.03515625
0 0.51171875 0.19140625 0.0234375 0.03515625
0 0.6826171875 0.4267578125 0.033203125 0.03515625
0 0.8525390625 0.16015625 0.04296875 0.037109375