0 0.4384765625 0.65234375 0.0234375 0.021484375
0 0.494140625 0.595703125 0.0390625 0.0234375
0 0.46484375 0.541015625 0.0390625 0.02734375
0 0.357421875 0.55859375 0.029296875 0.017578125
0 0.390625 0.5703125 0.02734375 0.0234375
0 0.400390625 0.5087890625 0.03515625 0.0234375
0 0.5791015625 0.4951171875 0.02734375 0.029296875
0 0.65234375 0.548828125 0.0234375 0.029296875
0 0.6767578125 0.4140625 0.0390625 0.029296875
0 0.650390625 0.4951171875 0.029296875 0.02734375
0 0.466796875 0.6845703125 0.033203125 0.025390625
0 0.501953125 0.7255859375 0.03515625 0.02734375
0 0.5166015625 0.7041015625 0.033203125 0.02734375
0 0.6005859375 0.6337890625 0.03125 0.01953125
0 0.40234375 0.6220703125 0.037109375 0.01953125
0 0.3193359375 0.525390625 0.03125 0.02734375
0 0.5146484375 0.3681640625 0.025390625 0.0234375
0 0.541015625 0.34765625 0.021484375 0.01953125
0 0.40625 0.3876953125 0.025390625 0.01953125
0 0.3642578125 0.3974609375 0.029296875 0.017578125
0 0.333984375 0.392578125 0.029296875 0.013671875
0 0.330078125 0.369140625 0.017578125 0.017578125