0 0.3662109375 0.40625 0.0234375 0.025390625
0 0.4072265625 0.47265625 0.02734375 0.041015625
0 0.4677734375 0.45703125 0.033203125 0.041015625
0 0.4755859375 0.34765625 0.01953125 0.03125
0 0.4560546875 0.376953125 0.025390625 0.029296875
0 0.513671875 0.4013671875 0.02734375 0.037109375
0 0.4873046875 0.578125 0.033203125 0.029296875
0 0.41796875 0.6376953125 0.03125 0.025390625
0 0.5439453125 0.69140625 0.03515625 0.041015625
0 0.470703125 0.6474609375 0.03125 0.033203125
0 0.3271484375 0.42578125 0.029296875 0.03515625
0 0.279296875 0.451171875 0.03125 0.037109375
0 0.296875 0.4697265625 0.03125 0.03515625
0 0.3466796875 0.568359375 0.0234375 0.033203125
0 0.40234375 0.3779296875 0.0234375 0.0390625
0 0.5166015625 0.318359375 0.029296875 0.033203125
0 0.625 0.5439453125 0.025390625 0.02734375
0 0.6396484375 0.57421875 0.021484375 0.0234375
0 0.630859375 0.43359375 0.0234375 0.02734375
0 0.6298828125 0.390625 0.01953125 0.03125
0 0.642578125 0.3623046875 0.017578125 0.029296875
0 0.666015625 0.36328125 0.01953125 0.01953125