0 0.6474609375 0.427734375 0.021484375 0.021484375
0 0.595703125 0.4873046875 0.021484375 0.037109375
0 0.5380859375 0.4619140625 0.02734375 0.037109375
0 0.5478515625 0.353515625 0.015625 0.029296875
0 0.5625 0.3857421875 0.021484375 0.025390625
0 0.501953125 0.400390625 0.021484375 0.03515625
0 0.5 0.5791015625 0.029296875 0.025390625
0 0.5595703125 0.6484375 0.029296875 0.021484375
0 0.4267578125 0.681640625 0.029296875 0.037109375
0 0.505859375 0.650390625 0.02734375 0.029296875
0 0.681640625 0.4541015625 0.0234375 0.03125
0 0.7255859375 0.486328125 0.025390625 0.03515625
0 0.705078125 0.501953125 0.025390625 0.03125
0 0.640625 0.591796875 0.017578125 0.03125
0 0.615234375 0.39453125 0.017578125 0.037109375
0 0.5126953125 0.318359375 0.025390625 0.029296875
0 0.369140625 0.5234375 0.021484375 0.0234375
0 0.3505859375 0.5517578125 0.01953125 0.021484375
0 0.380859375 0.4140625 0.01953125 0.025390625
0 0.388671875 0.3720703125 0.015625 0.029296875
0 0.380859375 0.341796875 0.013671875 0.029296875
0 0.357421875 0.33984375 0.017578125 0.017578125