0 0.4111328125 0.6376953125 0.0234375 0.0234375
0 0.4755859375 0.59375 0.0390625 0.02734375
0 0.4580078125 0.533203125 0.041015625 0.03125
0 0.3486328125 0.5302734375 0.029296875 0.01953125
0 0.37890625 0.5478515625 0.02734375 0.025390625
0 0.400390625 0.490234375 0.037109375 0.025390625
0 0.578125 0.509765625 0.029296875 0.03125
0 0.6396484375 0.5771484375 0.025390625 0.03125
0 0.689453125 0.4501953125 0.041015625 0.033203125
0 0.6484375 0.5234375 0.03125 0.029296875
0 0.431640625 0.6748046875 0.03515625 0.02734375
0 0.458984375 0.7216796875 0.037109375 0.029296875
0 0.4775390625 0.7041015625 0.03515625 0.029296875
0 0.5732421875 0.650390625 0.033203125 0.021484375
0 0.380859375 0.6015625 0.0390625 0.0234375
0 0.318359375 0.490234375 0.033203125 0.029296875
0 0.5390625 0.373046875 0.025390625 0.025390625
0 0.5693359375 0.357421875 0.0234375 0.021484375
0 0.4296875 0.3720703125 0.02734375 0.021484375
0 0.38671875 0.3740234375 0.029296875 0.01953125
0 0.357421875 0.3623046875 0.029296875 0.015625
0 0.3583984375 0.3388671875 0.01953125 0.01953125