0 0.58203125 0.6416015625 0.0234375 0.021484375
0 0.5185546875 0.5947265625 0.0390625 0.025390625
0 0.5400390625 0.5361328125 0.0390625 0.029296875
0 0.6494140625 0.5380859375 0.029296875 0.017578125
0 0.6181640625 0.5546875 0.02734375 0.0234375
0 0.599609375 0.4951171875 0.03515625 0.0234375
0 0.4208984375 0.505859375 0.02734375 0.03125
0 0.3564453125 0.5693359375 0.0234375 0.029296875
0 0.3134765625 0.439453125 0.0390625 0.03125
0 0.3505859375 0.515625 0.03125 0.029296875
0 0.55859375 0.677734375 0.033203125 0.025390625
0 0.529296875 0.7236328125 0.037109375 0.02734375
0 0.51171875 0.705078125 0.033203125 0.02734375
0 0.4189453125 0.646484375 0.033203125 0.01953125
0 0.61328125 0.607421875 0.0390625 0.021484375
0 0.6826171875 0.5 0.03125 0.02734375
0 0.466796875 0.37109375 0.025390625 0.0234375
0 0.4384765625 0.3544921875 0.0234375 0.01953125
0 0.5771484375 0.3759765625 0.02734375 0.021484375
0 0.6201171875 0.3798828125 0.029296875 0.017578125
0 0.6494140625 0.3701171875 0.029296875 0.015625
0 0.650390625 0.3466796875 0.01953125 0.01953125