0 0.494140625 0.3662109375 0.01953125 0.01953125
0 0.4638671875 0.3994140625 0.015625 0.0234375
0 0.4619140625 0.42578125 0.015625 0.0234375
0 0.4365234375 0.3623046875 0.013671875 0.01953125
0 0.455078125 0.34765625 0.017578125 0.0234375
0 0.4140625 0.3486328125 0.017578125 0.02734375
0 0.416015625 0.419921875 0.017578125 0.01953125
0 0.400390625 0.4912109375 0.017578125 0.01953125
0 0.3935546875 0.5732421875 0.015625 0.0234375
0 0.462890625 0.6103515625 0.017578125 0.01171875
0 0.501953125 0.3486328125 0.013671875 0.017578125
0 0.509765625 0.287109375 0.013671875 0.015625
0 0.4873046875 0.2724609375 0.013671875 0.017578125
0 0.529296875 0.4306640625 0.01953125 0.01953125
0 0.537109375 0.5654296875 0.0234375 0.01953125
0 0.53515625 0.369140625 0.017578125 0.0234375
0 0.51953125 0.4013671875 0.013671875 0.017578125