0 0.4912109375 0.6337890625 0.021484375 0.021484375
0 0.525390625 0.6044921875 0.017578125 0.0234375
0 0.5302734375 0.5771484375 0.017578125 0.0234375
0 0.548828125 0.6435546875 0.015625 0.01953125
0 0.5283203125 0.65625 0.01953125 0.0234375
0 0.5703125 0.6591796875 0.021484375 0.02734375
0 0.5751953125 0.5888671875 0.01953125 0.021484375
0 0.59765625 0.5185546875 0.01953125 0.01953125
0 0.6142578125 0.4384765625 0.017578125 0.0234375
0 0.548828125 0.39453125 0.017578125 0.013671875
0 0.482421875 0.650390625 0.015625 0.017578125
0 0.4677734375 0.7109375 0.015625 0.015625
0 0.48828125 0.7275390625 0.015625 0.017578125
0 0.4638671875 0.56640625 0.021484375 0.021484375
0 0.4697265625 0.4306640625 0.025390625 0.021484375
0 0.451171875 0.6259765625 0.01953125 0.0234375
0 0.470703125 0.595703125 0.015625 0.017578125