0 0.509765625 0.3662109375 0.01953125 0.01953125
0 0.5400390625 0.400390625 0.013671875 0.021484375
0 0.541015625 0.427734375 0.013671875 0.021484375
0 0.568359375 0.365234375 0.013671875 0.017578125
0 0.5498046875 0.349609375 0.017578125 0.0234375
0 0.591796875 0.3515625 0.017578125 0.02734375
0 0.5869140625 0.4228515625 0.017578125 0.01953125
0 0.599609375 0.4951171875 0.017578125 0.01953125
0 0.6044921875 0.5771484375 0.013671875 0.021484375
0 0.533203125 0.611328125 0.015625 0.01171875
0 0.5029296875 0.3486328125 0.013671875 0.015625
0 0.498046875 0.287109375 0.013671875 0.013671875
0 0.5205078125 0.2734375 0.013671875 0.015625
0 0.4736328125 0.4296875 0.01953125 0.01953125
0 0.4609375 0.564453125 0.0234375 0.01953125
0 0.46875 0.3681640625 0.017578125 0.0234375
0 0.484375 0.4013671875 0.013671875 0.015625