0 0.369140625 0.46875 0.01953125 0.01953125
0 0.408203125 0.4453125 0.0234375 0.013671875
0 0.4345703125 0.4482421875 0.0234375 0.013671875
0 0.376953125 0.412109375 0.01953125 0.013671875
0 0.359375 0.4267578125 0.0234375 0.017578125
0 0.3681640625 0.38671875 0.02734375 0.017578125
0 0.4365234375 0.40234375 0.01953125 0.017578125
0 0.5107421875 0.4013671875 0.01953125 0.017578125
0 0.591796875 0.4091796875 0.0234375 0.013671875
0 0.615234375 0.484375 0.01171875 0.015625
0 0.3515625 0.4736328125 0.017578125 0.013671875
0 0.2890625 0.46875 0.015625 0.013671875
0 0.279296875 0.4443359375 0.017578125 0.013671875
0 0.42578125 0.5146484375 0.01953125 0.01953125
0 0.5576171875 0.548828125 0.01953125 0.0234375
0 0.365234375 0.509765625 0.0234375 0.017578125
0 0.400390625 0.5 0.017578125 0.013671875