0 0.5009765625 0.6337890625 0.021484375 0.021484375
0 0.533203125 0.6025390625 0.015625 0.0234375
0 0.5361328125 0.5751953125 0.015625 0.0234375
0 0.55859375 0.6396484375 0.015625 0.01953125
0 0.5400390625 0.6533203125 0.017578125 0.0234375
0 0.5810546875 0.654296875 0.01953125 0.02734375
0 0.5810546875 0.5830078125 0.017578125 0.021484375
0 0.5986328125 0.51171875 0.017578125 0.01953125
0 0.609375 0.4306640625 0.015625 0.0234375
0 0.541015625 0.3916015625 0.017578125 0.013671875
0 0.4921875 0.650390625 0.015625 0.017578125
0 0.4833984375 0.712890625 0.013671875 0.015625
0 0.5048828125 0.7275390625 0.015625 0.017578125
0 0.46875 0.568359375 0.021484375 0.01953125
0 0.46484375 0.4326171875 0.0234375 0.01953125
0 0.4599609375 0.6298828125 0.017578125 0.0234375
0 0.4775390625 0.59765625 0.015625 0.017578125