0 0.3662109375 0.4921875 0.01953125 0.01953125
0 0.3994140625 0.4619140625 0.0234375 0.013671875
0 0.4267578125 0.4599609375 0.0234375 0.013671875
0 0.3642578125 0.4345703125 0.01953125 0.013671875
0 0.3486328125 0.4521484375 0.0234375 0.017578125
0 0.349609375 0.4111328125 0.02734375 0.017578125
0 0.4208984375 0.4150390625 0.01953125 0.017578125
0 0.4931640625 0.400390625 0.01953125 0.017578125
0 0.5751953125 0.39453125 0.0234375 0.013671875
0 0.6103515625 0.46484375 0.01171875 0.015625
0 0.3486328125 0.4990234375 0.017578125 0.013671875
0 0.287109375 0.505859375 0.015625 0.013671875
0 0.2734375 0.4833984375 0.017578125 0.013671875
0 0.4296875 0.52734375 0.01953125 0.01953125
0 0.5654296875 0.5380859375 0.01953125 0.0234375
0 0.3681640625 0.533203125 0.0234375 0.017578125
0 0.4013671875 0.517578125 0.017578125 0.013671875