0 0.501953125 0.3662109375 0.021484375 0.021484375
0 0.46875 0.3974609375 0.015625 0.0234375
0 0.4658203125 0.4248046875 0.015625 0.0234375
0 0.4443359375 0.359375 0.015625 0.01953125
0 0.462890625 0.345703125 0.01953125 0.0234375
0 0.421875 0.3447265625 0.01953125 0.02734375
0 0.4208984375 0.4150390625 0.017578125 0.021484375
0 0.4013671875 0.486328125 0.017578125 0.01953125
0 0.3896484375 0.5673828125 0.015625 0.0234375
0 0.45703125 0.6083984375 0.017578125 0.013671875
0 0.509765625 0.349609375 0.015625 0.017578125
0 0.5205078125 0.2880859375 0.015625 0.015625
0 0.4990234375 0.2724609375 0.015625 0.017578125
0 0.5322265625 0.431640625 0.021484375 0.01953125
0 0.5341796875 0.5673828125 0.0234375 0.021484375
0 0.5419921875 0.37109375 0.01953125 0.0234375
0 0.5244140625 0.4033203125 0.015625 0.017578125