0 0.478515625 0.6328125 0.01953125 0.01953125
0 0.451171875 0.595703125 0.013671875 0.021484375
0 0.453125 0.568359375 0.013671875 0.021484375
0 0.4208984375 0.62890625 0.013671875 0.017578125
0 0.4365234375 0.6455078125 0.015625 0.021484375
0 0.3955078125 0.6396484375 0.015625 0.025390625
0 0.4072265625 0.5693359375 0.015625 0.01953125
0 0.400390625 0.49609375 0.015625 0.017578125
0 0.4033203125 0.4140625 0.013671875 0.021484375
0 0.4765625 0.38671875 0.015625 0.01171875
0 0.4833984375 0.650390625 0.013671875 0.015625
0 0.4833984375 0.712890625 0.013671875 0.013671875
0 0.4599609375 0.7236328125 0.013671875 0.015625
0 0.5205078125 0.572265625 0.01953125 0.017578125
0 0.544921875 0.439453125 0.021484375 0.017578125
0 0.51953125 0.6337890625 0.015625 0.021484375
0 0.5068359375 0.599609375 0.013671875 0.015625