0 0.509765625 0.6337890625 0.01953125 0.01953125
0 0.5400390625 0.599609375 0.013671875 0.021484375
0 0.541015625 0.572265625 0.013671875 0.021484375
0 0.568359375 0.634765625 0.013671875 0.017578125
0 0.5498046875 0.650390625 0.017578125 0.0234375
0 0.591796875 0.6484375 0.017578125 0.02734375
0 0.5869140625 0.5771484375 0.017578125 0.01953125
0 0.599609375 0.5048828125 0.017578125 0.01953125
0 0.6044921875 0.4228515625 0.013671875 0.021484375
0 0.533203125 0.388671875 0.015625 0.01171875
0 0.5029296875 0.6513671875 0.013671875 0.015625
0 0.498046875 0.712890625 0.013671875 0.013671875
0 0.5205078125 0.7265625 0.013671875 0.015625
0 0.4736328125 0.5703125 0.01953125 0.01953125
0 0.4609375 0.435546875 0.0234375 0.01953125
0 0.46875 0.6318359375 0.017578125 0.0234375
0 0.484375 0.5986328125 0.013671875 0.015625