0 0.6337890625 0.4873046875 0.01953125 0.01953125
0 0.5986328125 0.4580078125 0.021484375 0.013671875
0 0.5712890625 0.4580078125 0.021484375 0.013671875
0 0.6337890625 0.4296875 0.017578125 0.013671875
0 0.6494140625 0.447265625 0.021484375 0.017578125
0 0.646484375 0.40625 0.025390625 0.017578125
0 0.576171875 0.412109375 0.01953125 0.015625
0 0.5029296875 0.400390625 0.017578125 0.015625
0 0.4208984375 0.3974609375 0.021484375 0.013671875
0 0.388671875 0.46875 0.01171875 0.015625
0 0.6513671875 0.494140625 0.015625 0.013671875
0 0.712890625 0.498046875 0.013671875 0.013671875
0 0.7265625 0.4755859375 0.015625 0.013671875
0 0.5712890625 0.525390625 0.017578125 0.01953125
0 0.4365234375 0.541015625 0.01953125 0.021484375
0 0.6328125 0.5283203125 0.021484375 0.017578125
0 0.5986328125 0.513671875 0.015625 0.013671875