0 0.3662109375 0.515625 0.0234375 0.0234375
0 0.39453125 0.4794921875 0.0234375 0.017578125
0 0.4208984375 0.4736328125 0.0234375 0.017578125
0 0.3544921875 0.458984375 0.01953125 0.017578125
0 0.3427734375 0.4794921875 0.025390625 0.021484375
0 0.3369140625 0.4384765625 0.029296875 0.021484375
0 0.4072265625 0.4296875 0.021484375 0.01953125
0 0.4765625 0.4033203125 0.021484375 0.01953125
0 0.5556640625 0.3828125 0.0234375 0.017578125
0 0.6025390625 0.4462890625 0.013671875 0.017578125
0 0.3515625 0.525390625 0.017578125 0.015625
0 0.291015625 0.54296875 0.015625 0.015625
0 0.2734375 0.5234375 0.017578125 0.015625
0 0.435546875 0.5390625 0.021484375 0.0234375
0 0.5712890625 0.5263671875 0.0234375 0.025390625
0 0.3759765625 0.5556640625 0.025390625 0.021484375
0 0.40625 0.5341796875 0.017578125 0.015625