0 0.9052734375 0.2998046875 0.029296875 0.02734375
0 0.8837890625 0.330078125 0.03125 0.037109375
0 0.8720703125 0.3564453125 0.01953125 0.021484375
0 0.83203125 0.3955078125 0.037109375 0.033203125
0 0.8125 0.416015625 0.029296875 0.03515625
0 0.791015625 0.4287109375 0.02734375 0.029296875
0 0.77734375 0.443359375 0.017578125 0.0234375
0 0.7646484375 0.455078125 0.029296875 0.02734375
0 0.69921875 0.5205078125 0.02734375 0.03125
0 0.6572265625 0.58203125 0.04296875 0.037109375
0 0.59375 0.6689453125 0.03125 0.03125
0 0.771484375 0.3134765625 0.017578125 0.02734375
0 0.8125 0.2841796875 0.03125 0.029296875
0 0.8544921875 0.1923828125 0.0234375 0.025390625
0 0.8349609375 0.1826171875 0.029296875 0.041015625
0 0.78515625 0.2490234375 0.02734375 0.03515625
0 0.5986328125 0.51953125 0.033203125 0.03125
0 0.625 0.4833984375 0.03125 0.037109375
0 0.658203125 0.4306640625 0.03125 0.033203125
0 0.5830078125 0.5400390625 0.02734375 0.021484375
0 0.5693359375 0.5673828125 0.033203125 0.03125
0 0.5458984375 0.591796875 0.029296875 0.0234375