0 0.048828125 0.505859375 0.029296875 0.02734375
0 0.0810546875 0.5224609375 0.03125 0.037109375
0 0.103515625 0.5400390625 0.01953125 0.021484375
0 0.1572265625 0.5576171875 0.037109375 0.033203125
0 0.18359375 0.56640625 0.03125 0.03515625
0 0.2080078125 0.568359375 0.02734375 0.029296875
0 0.2265625 0.5751953125 0.017578125 0.0234375
0 0.244140625 0.580078125 0.029296875 0.02734375
0 0.33203125 0.6083984375 0.02734375 0.03125
0 0.3974609375 0.64453125 0.04296875 0.037109375
0 0.4931640625 0.693359375 0.03125 0.03125
0 0.1728515625 0.45703125 0.017578125 0.02734375
0 0.1240234375 0.4501953125 0.03125 0.029296875
0 0.044921875 0.38671875 0.0234375 0.025390625
0 0.0576171875 0.369140625 0.029296875 0.041015625
0 0.1318359375 0.4052734375 0.029296875 0.03515625
0 0.4208984375 0.5615234375 0.033203125 0.03125
0 0.380859375 0.5419921875 0.03125 0.037109375
0 0.3271484375 0.509765625 0.03125 0.033203125
0 0.443359375 0.5732421875 0.029296875 0.021484375
0 0.46875 0.591796875 0.033203125 0.03125
0 0.5 0.6025390625 0.029296875 0.0234375