0 0.9482421875 0.443359375 0.02734375 0.0234375
0 0.91796875 0.46484375 0.029296875 0.033203125
0 0.8984375 0.4853515625 0.017578125 0.01953125
0 0.84765625 0.5087890625 0.033203125 0.029296875
0 0.822265625 0.5224609375 0.02734375 0.033203125
0 0.798828125 0.52734375 0.0234375 0.02734375
0 0.78125 0.5361328125 0.015625 0.021484375
0 0.7646484375 0.5439453125 0.02734375 0.0234375
0 0.681640625 0.583984375 0.0234375 0.029296875
0 0.6220703125 0.62890625 0.0390625 0.033203125
0 0.5341796875 0.6904296875 0.02734375 0.02734375
0 0.8173828125 0.412109375 0.015625 0.02734375
0 0.865234375 0.3984375 0.029296875 0.025390625
0 0.9345703125 0.3251953125 0.021484375 0.0234375
0 0.919921875 0.30859375 0.025390625 0.0390625
0 0.8505859375 0.35546875 0.025390625 0.033203125
0 0.5869140625 0.55078125 0.03125 0.02734375
0 0.6240234375 0.5244140625 0.029296875 0.033203125
0 0.671875 0.4853515625 0.02734375 0.03125
0 0.5654296875 0.564453125 0.02734375 0.017578125
0 0.5439453125 0.5859375 0.03125 0.02734375
0 0.513671875 0.6015625 0.02734375 0.021484375