0 0.9423828125 0.412109375 0.025390625 0.021484375
0 0.9150390625 0.435546875 0.02734375 0.03125
0 0.896484375 0.45703125 0.015625 0.01953125
0 0.84765625 0.484375 0.03125 0.02734375
0 0.8232421875 0.5 0.025390625 0.03125
0 0.7998046875 0.5068359375 0.021484375 0.025390625
0 0.783203125 0.5166015625 0.013671875 0.021484375
0 0.7666015625 0.525390625 0.025390625 0.021484375
0 0.6875 0.5712890625 0.021484375 0.02734375
0 0.630859375 0.6201171875 0.0390625 0.03125
0 0.546875 0.6875 0.025390625 0.025390625
0 0.810546875 0.3896484375 0.013671875 0.025390625
0 0.857421875 0.373046875 0.02734375 0.0234375
0 0.921875 0.294921875 0.01953125 0.021484375
0 0.9052734375 0.279296875 0.0234375 0.037109375
0 0.83984375 0.3310546875 0.0234375 0.03125
0 0.58984375 0.5439453125 0.029296875 0.025390625
0 0.6259765625 0.515625 0.02734375 0.03125
0 0.6708984375 0.4736328125 0.025390625 0.029296875
0 0.5703125 0.560546875 0.025390625 0.015625
0 0.5498046875 0.5830078125 0.029296875 0.025390625
0 0.5205078125 0.6005859375 0.025390625 0.01953125