0 0.0947265625 0.2998046875 0.029296875 0.02734375
0 0.1162109375 0.330078125 0.03125 0.037109375
0 0.1279296875 0.3564453125 0.01953125 0.021484375
0 0.16796875 0.3955078125 0.037109375 0.033203125
0 0.1875 0.416015625 0.029296875 0.03515625
0 0.208984375 0.4287109375 0.02734375 0.029296875
0 0.22265625 0.443359375 0.017578125 0.0234375
0 0.2353515625 0.455078125 0.029296875 0.02734375
0 0.30078125 0.5205078125 0.02734375 0.03125
0 0.3427734375 0.58203125 0.04296875 0.037109375
0 0.40625 0.6689453125 0.03125 0.03125
0 0.228515625 0.3134765625 0.017578125 0.02734375
0 0.1875 0.2841796875 0.03125 0.029296875
0 0.1455078125 0.1923828125 0.0234375 0.025390625
0 0.1650390625 0.1826171875 0.029296875 0.041015625
0 0.21484375 0.2490234375 0.02734375 0.03515625
0 0.4013671875 0.51953125 0.033203125 0.03125
0 0.375 0.4833984375 0.03125 0.037109375
0 0.341796875 0.4306640625 0.03125 0.033203125
0 0.4169921875 0.5400390625 0.02734375 0.021484375
0 0.4306640625 0.5673828125 0.033203125 0.03125
0 0.4541015625 0.591796875 0.029296875 0.0234375