0 0.501953125 0.048828125 0.02734375 0.029296875
0 0.484375 0.0810546875 0.037109375 0.03125
0 0.466796875 0.1025390625 0.021484375 0.01953125
0 0.4482421875 0.15625 0.033203125 0.037109375
0 0.4384765625 0.1826171875 0.03515625 0.029296875
0 0.4365234375 0.20703125 0.029296875 0.02734375
0 0.4296875 0.2255859375 0.0234375 0.017578125
0 0.4248046875 0.2431640625 0.02734375 0.029296875
0 0.39453125 0.330078125 0.03125 0.02734375
0 0.357421875 0.39453125 0.037109375 0.04296875
0 0.306640625 0.4892578125 0.03125 0.03125
0 0.548828125 0.173828125 0.02734375 0.017578125
0 0.556640625 0.125 0.029296875 0.03125
0 0.62109375 0.046875 0.025390625 0.0234375
0 0.638671875 0.0595703125 0.041015625 0.029296875
0 0.6005859375 0.1337890625 0.03515625 0.02734375
0 0.439453125 0.419921875 0.03125 0.033203125
0 0.4599609375 0.3798828125 0.037109375 0.03125
0 0.4931640625 0.3271484375 0.033203125 0.03125
0 0.427734375 0.4423828125 0.021484375 0.02734375
0 0.4091796875 0.466796875 0.03125 0.033203125
0 0.3974609375 0.4990234375 0.0234375 0.029296875