0 0.048828125 0.482421875 0.029296875 0.025390625
0 0.080078125 0.5009765625 0.03125 0.03515625
0 0.1015625 0.51953125 0.01953125 0.021484375
0 0.154296875 0.5390625 0.03515625 0.03125
0 0.1806640625 0.5498046875 0.029296875 0.03515625
0 0.205078125 0.5537109375 0.025390625 0.029296875
0 0.2236328125 0.560546875 0.015625 0.0234375
0 0.240234375 0.56640625 0.029296875 0.025390625
0 0.326171875 0.599609375 0.025390625 0.029296875
0 0.3896484375 0.638671875 0.04296875 0.03515625
0 0.482421875 0.6923828125 0.029296875 0.029296875
0 0.17578125 0.439453125 0.017578125 0.02734375
0 0.126953125 0.4306640625 0.03125 0.02734375
0 0.0517578125 0.36328125 0.021484375 0.025390625
0 0.0654296875 0.345703125 0.02734375 0.0390625
0 0.1376953125 0.38671875 0.02734375 0.03515625
0 0.41796875 0.5576171875 0.033203125 0.03125
0 0.37890625 0.53515625 0.03125 0.03515625
0 0.3271484375 0.5009765625 0.03125 0.033203125
0 0.4404296875 0.5703125 0.02734375 0.01953125
0 0.4638671875 0.58984375 0.033203125 0.03125
0 0.4951171875 0.6025390625 0.029296875 0.0234375