0 0.65625 0.076171875 0.025390625 0.02734375
0 0.62890625 0.1005859375 0.033203125 0.029296875
0 0.6044921875 0.115234375 0.01953125 0.017578125
0 0.5693359375 0.1591796875 0.029296875 0.03515625
0 0.55078125 0.1806640625 0.033203125 0.02734375
0 0.5400390625 0.203125 0.02734375 0.025390625
0 0.52734375 0.2177734375 0.021484375 0.015625
0 0.517578125 0.232421875 0.025390625 0.02734375
0 0.458984375 0.3037109375 0.029296875 0.025390625
0 0.40234375 0.3525390625 0.033203125 0.041015625
0 0.322265625 0.423828125 0.02734375 0.02734375
0 0.6572265625 0.2099609375 0.02734375 0.015625
0 0.681640625 0.1669921875 0.02734375 0.029296875
0 0.7685546875 0.1162109375 0.0234375 0.021484375
0 0.78125 0.1337890625 0.0390625 0.025390625
0 0.7197265625 0.1904296875 0.033203125 0.025390625
0 0.470703125 0.404296875 0.029296875 0.03125
0 0.50390625 0.373046875 0.033203125 0.029296875
0 0.552734375 0.3349609375 0.03125 0.029296875
0 0.451171875 0.4208984375 0.01953125 0.02734375
0 0.42578125 0.4375 0.029296875 0.03125
0 0.404296875 0.4638671875 0.021484375 0.02734375