0 0.0498046875 0.466796875 0.029296875 0.025390625
0 0.0810546875 0.486328125 0.029296875 0.03515625
0 0.1015625 0.505859375 0.017578125 0.021484375
0 0.1533203125 0.52734375 0.03515625 0.03125
0 0.1787109375 0.5390625 0.02734375 0.03515625
0 0.203125 0.54296875 0.025390625 0.029296875
0 0.2216796875 0.55078125 0.015625 0.021484375
0 0.23828125 0.5576171875 0.029296875 0.025390625
0 0.3232421875 0.59375 0.025390625 0.029296875
0 0.384765625 0.634765625 0.041015625 0.03515625
0 0.4755859375 0.69140625 0.029296875 0.029296875
0 0.177734375 0.4287109375 0.015625 0.02734375
0 0.1298828125 0.4169921875 0.029296875 0.02734375
0 0.056640625 0.34765625 0.021484375 0.0234375
0 0.0703125 0.3310546875 0.02734375 0.0390625
0 0.1416015625 0.3740234375 0.025390625 0.03515625
0 0.416015625 0.5546875 0.03125 0.029296875
0 0.376953125 0.53125 0.029296875 0.03515625
0 0.3271484375 0.4951171875 0.029296875 0.03125
0 0.4375 0.568359375 0.02734375 0.01953125
0 0.4609375 0.587890625 0.03125 0.029296875
0 0.4912109375 0.6025390625 0.02734375 0.021484375