0 0.0556640625 0.419921875 0.02734375 0.0234375
0 0.083984375 0.4423828125 0.02734375 0.033203125
0 0.103515625 0.4638671875 0.015625 0.01953125
0 0.15234375 0.4912109375 0.033203125 0.02734375
0 0.1767578125 0.5048828125 0.025390625 0.033203125
0 0.2001953125 0.51171875 0.0234375 0.02734375
0 0.2177734375 0.521484375 0.013671875 0.021484375
0 0.2333984375 0.529296875 0.02734375 0.0234375
0 0.314453125 0.57421875 0.0234375 0.02734375
0 0.37109375 0.6220703125 0.0390625 0.03125
0 0.4560546875 0.6884765625 0.02734375 0.02734375
0 0.1875 0.3955078125 0.013671875 0.025390625
0 0.140625 0.37890625 0.02734375 0.025390625
0 0.0751953125 0.3017578125 0.01953125 0.021484375
0 0.0908203125 0.287109375 0.0234375 0.037109375
0 0.1572265625 0.3369140625 0.0234375 0.033203125
0 0.41015625 0.5458984375 0.029296875 0.02734375
0 0.375 0.5185546875 0.02734375 0.033203125
0 0.3291015625 0.4765625 0.02734375 0.029296875
0 0.4306640625 0.5615234375 0.025390625 0.017578125
0 0.451171875 0.583984375 0.029296875 0.02734375
0 0.48046875 0.6005859375 0.025390625 0.01953125