0 0.9443359375 0.419921875 0.02734375 0.0234375
0 0.916015625 0.4423828125 0.02734375 0.033203125
0 0.896484375 0.4638671875 0.015625 0.01953125
0 0.84765625 0.4912109375 0.033203125 0.02734375
0 0.8232421875 0.5048828125 0.025390625 0.033203125
0 0.7998046875 0.51171875 0.0234375 0.02734375
0 0.7822265625 0.521484375 0.013671875 0.021484375
0 0.7666015625 0.529296875 0.02734375 0.0234375
0 0.685546875 0.57421875 0.0234375 0.02734375
0 0.62890625 0.6220703125 0.0390625 0.03125
0 0.5439453125 0.6884765625 0.02734375 0.02734375
0 0.8125 0.3955078125 0.013671875 0.025390625
0 0.859375 0.37890625 0.02734375 0.025390625
0 0.9248046875 0.3017578125 0.01953125 0.021484375
0 0.9091796875 0.287109375 0.0234375 0.037109375
0 0.8427734375 0.3369140625 0.0234375 0.033203125
0 0.58984375 0.5458984375 0.029296875 0.02734375
0 0.625 0.5185546875 0.02734375 0.033203125
0 0.6708984375 0.4765625 0.02734375 0.029296875
0 0.5693359375 0.5615234375 0.025390625 0.017578125
0 0.548828125 0.583984375 0.029296875 0.02734375
0 0.51953125 0.6005859375 0.025390625 0.01953125