0 0.224609375 0.6357421875 0.087890625 0.091796875
0 0.55859375 0.5986328125 0.0859375 0.08203125
0 0.3134765625 0.501953125 0.06640625 0.060546875
0 0.4287109375 0.6484375 0.08984375 0.08984375
0 0.3759765625 0.81640625 0.07421875 0.06640625
0 0.4814453125 0.8828125 0.068359375 0.083984375
0 0.2900390625 0.748046875 0.056640625 0.033203125
0 0.37890625 0.73828125 0.056640625 0.044921875
1 0.31390541796875 0.6956908046875 0.223448033203125 0.6857648203125 0.226775755859375 0.716153892578125 0.329444666015625 0.749048373046875 0.375348142578125 0.710355685546875 0.354682099609375 0.676601271484375 0.31390541796875 0.6956908046875
1 0.527645578125 0.51010908984375 0.7143777890625 0.393886767578125 0.692628310546875 0.3420424921875 0.48623432421875 0.4630133984375 0.527645578125 0.51010908984375
1 0.5571390703125 0.719099259765625 0.782005263671875 0.575753779296875 0.756687958984375 0.515620736328125 0.521621083984375 0.684563818359375 0.5571390703125 0.719099259765625