0 0.2216796875 0.630859375 0.0859375 0.08984375
0 0.5576171875 0.599609375 0.083984375 0.080078125
0 0.3134765625 0.4990234375 0.06640625 0.05859375
0 0.4267578125 0.6474609375 0.08984375 0.087890625
0 0.37109375 0.814453125 0.072265625 0.06640625
0 0.474609375 0.8828125 0.068359375 0.083984375
0 0.28515625 0.744140625 0.056640625 0.033203125
0 0.3740234375 0.736328125 0.056640625 0.044921875
1 0.310518486328125 0.692413201171875 0.220248109375 0.68091003125 0.223044962890625 0.71135255078125 0.3251241484375 0.746033841796875 0.371695916015625 0.708148171875 0.351622115234375 0.674038228515625 0.310518486328125 0.692413201171875
1 0.527464939453125 0.51059003125 0.716197068359375 0.3976443359375 0.6953557109375 0.34542837890625 0.48688192578125 0.462778787109375 0.527464939453125 0.51059003125
1 0.55330655859375 0.72006310546875 0.780640228515625 0.580663912109375 0.756376244140625 0.5200981796875 0.51839670703125 0.684913048828125 0.55330655859375 0.72006310546875