0 0.232421875 0.4462890625 0.021484375 0.03125
0 0.2724609375 0.27734375 0.017578125 0.029296875
0 0.2802734375 0.4873046875 0.021484375 0.02734375
0 0.3017578125 0.4921875 0.021484375 0.0234375
0 0.31640625 0.4736328125 0.021484375 0.03125
0 0.330078125 0.3759765625 0.01953125 0.01953125
0 0.384765625 0.3828125 0.015625 0.02734375
0 0.3857421875 0.4267578125 0.01953125 0.02734375
0 0.4013671875 0.4306640625 0.013671875 0.025390625
0 0.4599609375 0.4130859375 0.017578125 0.0234375
0 0.49609375 0.482421875 0.017578125 0.0234375
0 0.5009765625 0.5322265625 0.017578125 0.029296875
0 0.5546875 0.458984375 0.021484375 0.025390625
0 0.568359375 0.515625 0.017578125 0.0234375
0 0.58984375 0.5185546875 0.021484375 0.029296875
0 0.6396484375 0.4765625 0.021484375 0.0234375
0 0.69140625 0.443359375 0.015625 0.02734375