0 0.23046875 0.541015625 0.0234375 0.033203125
0 0.2109375 0.369140625 0.01953125 0.03125
0 0.2890625 0.5625 0.0234375 0.029296875
0 0.3115234375 0.560546875 0.021484375 0.0234375
0 0.318359375 0.5380859375 0.0234375 0.03125
0 0.2978515625 0.44140625 0.021484375 0.021484375
0 0.3525390625 0.4296875 0.017578125 0.02734375
0 0.3681640625 0.4697265625 0.021484375 0.029296875
0 0.3837890625 0.46875 0.015625 0.025390625
0 0.4326171875 0.4326171875 0.01953125 0.0234375
0 0.4912109375 0.4853515625 0.01953125 0.0234375
0 0.5126953125 0.529296875 0.01953125 0.03125
0 0.5380859375 0.443359375 0.021484375 0.02734375
0 0.5703125 0.4912109375 0.01953125 0.0234375
0 0.5908203125 0.486328125 0.0234375 0.029296875
0 0.623046875 0.4296875 0.0234375 0.025390625
0 0.66015625 0.380859375 0.017578125 0.02734375