0 0.2275390625 0.5126953125 0.021484375 0.03125
0 0.2255859375 0.3388671875 0.015625 0.029296875
0 0.283203125 0.5400390625 0.01953125 0.02734375
0 0.3056640625 0.5400390625 0.021484375 0.021484375
0 0.3154296875 0.5185546875 0.021484375 0.029296875
0 0.3046875 0.419921875 0.01953125 0.01953125
0 0.3603515625 0.4140625 0.015625 0.02734375
0 0.3720703125 0.4560546875 0.017578125 0.02734375
0 0.3876953125 0.45703125 0.013671875 0.025390625
0 0.4404296875 0.42578125 0.017578125 0.021484375
0 0.4921875 0.484375 0.017578125 0.0234375
0 0.5087890625 0.5302734375 0.015625 0.029296875
0 0.5439453125 0.447265625 0.01953125 0.025390625
0 0.5703125 0.498046875 0.017578125 0.0234375
0 0.591796875 0.49609375 0.021484375 0.02734375
0 0.6298828125 0.443359375 0.021484375 0.0234375
0 0.671875 0.3984375 0.015625 0.02734375