0 0.771484375 0.5322265625 0.0234375 0.03125
0 0.78515625 0.3583984375 0.017578125 0.029296875
0 0.712890625 0.5556640625 0.021484375 0.02734375
0 0.6904296875 0.5537109375 0.021484375 0.0234375
0 0.6826171875 0.53125 0.0234375 0.03125
0 0.7001953125 0.4345703125 0.01953125 0.01953125
0 0.6455078125 0.4248046875 0.017578125 0.02734375
0 0.630859375 0.4658203125 0.01953125 0.029296875
0 0.615234375 0.46484375 0.015625 0.025390625
0 0.564453125 0.4296875 0.01953125 0.0234375
0 0.5087890625 0.484375 0.01953125 0.0234375
0 0.4892578125 0.529296875 0.017578125 0.029296875
0 0.4599609375 0.4443359375 0.021484375 0.025390625
0 0.4296875 0.4931640625 0.01953125 0.0234375
0 0.408203125 0.490234375 0.0234375 0.029296875
0 0.375 0.4345703125 0.021484375 0.0234375
0 0.3359375 0.38671875 0.017578125 0.02734375