4 0.5009765625 0.765625 0.1015625 0.083984375
4 0.3671875 0.76171875 0.091796875 0.087890625
4 0.404296875 0.5390625 0.078125 0.07421875
4 0.3974609375 0.638671875 0.09765625 0.095703125
4 0.509765625 0.642578125 0.099609375 0.08203125
4 0.5283203125 0.5380859375 0.09765625 0.078125
4 0.5458984375 0.4326171875 0.109375 0.083984375
4 0.42578125 0.4384765625 0.1171875 0.08203125
4 0.43359375 0.318359375 0.09765625 0.076171875
4 0.5478515625 0.3232421875 0.076171875 0.076171875
4 0.55859375 0.2333984375 0.095703125 0.0625
4 0.453125 0.2255859375 0.107421875 0.07421875
4 0.45703125 0.1357421875 0.08203125 0.064453125
4 0.5732421875 0.1357421875 0.087890625 0.07421875