4 0.4912109375 0.234375 0.103515625 0.0859375
4 0.3583984375 0.2421875 0.09375 0.08984375
4 0.4033203125 0.4638671875 0.080078125 0.076171875
4 0.392578125 0.365234375 0.099609375 0.09765625
4 0.5048828125 0.3564453125 0.1015625 0.0859375
4 0.52734375 0.4609375 0.099609375 0.08203125
4 0.5478515625 0.5654296875 0.111328125 0.087890625
4 0.427734375 0.5634765625 0.119140625 0.083984375
4 0.4404296875 0.68359375 0.099609375 0.078125
4 0.5546875 0.6748046875 0.078125 0.078125
4 0.5673828125 0.7646484375 0.09765625 0.06640625
4 0.462890625 0.775390625 0.107421875 0.078125
4 0.4697265625 0.865234375 0.083984375 0.068359375
4 0.5859375 0.861328125 0.08984375 0.076171875