0 0.439453125 0.4658203125 0.04296875 0.0390625
0 0.2138671875 0.494140625 0.037109375 0.037109375
0 0.189453125 0.5263671875 0.037109375 0.033203125
0 0.115234375 0.548828125 0.02734375 0.025390625
0 0.2294921875 0.6494140625 0.03125 0.03515625
0 0.3916015625 0.5498046875 0.041015625 0.041015625
0 0.5732421875 0.599609375 0.0390625 0.033203125
0 0.4033203125 0.5927734375 0.041015625 0.03515625
0 0.4140625 0.6298828125 0.029296875 0.03515625
0 0.38671875 0.638671875 0.03125 0.03125
0 0.4453125 0.533203125 0.0390625 0.041015625
0 0.421875 0.6904296875 0.046875 0.037109375