0 0.9052734375 0.5859375 0.021484375 0.064453125
0 0.9169921875 0.703125 0.0234375 0.072265625
0 0.9609375 0.7861328125 0.025390625 0.0703125
0 0.716796875 0.7705078125 0.02734375 0.06640625
0 0.8291015625 0.8701171875 0.025390625 0.060546875
0 0.587890625 0.66015625 0.025390625 0.068359375
0 0.5712890625 0.69921875 0.02734375 0.068359375
0 0.5224609375 0.6806640625 0.03125 0.076171875
0 0.486328125 0.6435546875 0.02734375 0.08203125
0 0.466796875 0.5556640625 0.029296875 0.07421875
0 0.4609375 0.470703125 0.0234375 0.064453125
0 0.4443359375 0.521484375 0.021484375 0.068359375
0 0.455078125 0.7177734375 0.025390625 0.06640625
0 0.494140625 0.8408203125 0.03125 0.072265625
0 0.486328125 0.7109375 0.025390625 0.06640625