0 0.099609375 0.607421875 0.01953125 0.0625
0 0.0947265625 0.724609375 0.01953125 0.0703125
0 0.0546875 0.8095703125 0.0234375 0.068359375
0 0.2978515625 0.78125 0.025390625 0.064453125
0 0.1904296875 0.8876953125 0.0234375 0.060546875
0 0.4208984375 0.6650390625 0.0234375 0.068359375
0 0.4384765625 0.703125 0.025390625 0.068359375
0 0.4873046875 0.681640625 0.02734375 0.076171875
0 0.5205078125 0.642578125 0.0234375 0.08203125
0 0.5361328125 0.5537109375 0.025390625 0.07421875
0 0.5380859375 0.46875 0.01953125 0.0625
0 0.556640625 0.5185546875 0.01953125 0.068359375
0 0.5556640625 0.71484375 0.021484375 0.06640625
0 0.5234375 0.83984375 0.02734375 0.0703125
0 0.5244140625 0.708984375 0.021484375 0.064453125