0 0.4248046875 0.40625 0.033203125 0.03515625
0 0.654296875 0.3623046875 0.0390625 0.033203125
0 0.6484375 0.2861328125 0.029296875 0.03125
0 0.6533203125 0.2177734375 0.025390625 0.0234375
0 0.7373046875 0.240234375 0.025390625 0.0234375
0 0.2607421875 0.3984375 0.01953125 0.0234375
0 0.5244140625 0.55078125 0.02734375 0.02734375
0 0.419921875 0.572265625 0.02734375 0.029296875
0 0.328125 0.5751953125 0.029296875 0.0234375
0 0.3271484375 0.5986328125 0.03125 0.029296875
0 0.2705078125 0.6455078125 0.025390625 0.021484375
0 0.2587890625 0.5859375 0.0234375 0.025390625
0 0.359375 0.6669921875 0.02734375 0.0234375
0 0.2763671875 0.6767578125 0.017578125 0.021484375
0 0.3955078125 0.6875 0.025390625 0.021484375
0 0.4365234375 0.6640625 0.025390625 0.02734375
0 0.7255859375 0.62890625 0.021484375 0.017578125
0 0.7685546875 0.5498046875 0.02734375 0.0234375
0 0.7822265625 0.5654296875 0.01953125 0.01953125
0 0.7900390625 0.61328125 0.025390625 0.015625
0 0.6982421875 0.677734375 0.01953125 0.017578125
0 0.6953125 0.6962890625 0.0234375 0.025390625
0 0.84375 0.37109375 0.017578125 0.01953125
0 0.8154296875 0.537109375 0.021484375 0.021484375
0 0.8291015625 0.5576171875 0.017578125 0.025390625