0 0.73828125 0.8408203125 0.033203125 0.048828125
0 0.6962890625 0.8134765625 0.0234375 0.041015625
0 0.734375 0.744140625 0.025390625 0.0234375
0 0.7021484375 0.6376953125 0.01953125 0.025390625
0 0.6669921875 0.677734375 0.015625 0.029296875
0 0.7060546875 0.7578125 0.017578125 0.0234375
0 0.6904296875 0.7392578125 0.01953125 0.02734375
0 0.6494140625 0.873046875 0.015625 0.01953125
0 0.640625 0.8984375 0.013671875 0.017578125
0 0.62109375 0.873046875 0.01171875 0.01953125
0 0.6142578125 0.8994140625 0.01171875 0.021484375
0 0.5859375 0.8740234375 0.01171875 0.01953125
0 0.56640625 0.8603515625 0.017578125 0.01953125
0 0.5703125 0.880859375 0.013671875 0.015625
0 0.525390625 0.7900390625 0.021484375 0.02734375
0 0.5166015625 0.8046875 0.021484375 0.02734375
0 0.619140625 0.6728515625 0.017578125 0.01953125
0 0.568359375 0.677734375 0.015625 0.015625
0 0.5537109375 0.642578125 0.017578125 0.025390625
0 0.5078125 0.712890625 0.015625 0.021484375
0 0.470703125 0.720703125 0.017578125 0.0234375
0 0.3955078125 0.8203125 0.0234375 0.029296875
0 0.38671875 0.779296875 0.017578125 0.029296875
0 0.4189453125 0.837890625 0.017578125 0.029296875
0 0.5048828125 0.595703125 0.01953125 0.025390625
0 0.5791015625 0.595703125 0.01953125 0.025390625
0 0.6044921875 0.59375 0.0234375 0.0234375
0 0.6962890625 0.5927734375 0.0234375 0.01953125
0 0.8076171875 0.625 0.01953125 0.02734375
0 0.4208984375 0.6728515625 0.01953125 0.01953125
0 0.4619140625 0.603515625 0.017578125 0.01953125
0 0.4501953125 0.5966796875 0.013671875 0.025390625
0 0.38671875 0.619140625 0.01953125 0.0234375
0 0.3583984375 0.62890625 0.013671875 0.021484375
0 0.3154296875 0.6376953125 0.009765625 0.013671875
0 0.28515625 0.755859375 0.015625 0.025390625
0 0.2802734375 0.787109375 0.01953125 0.0234375
0 0.3271484375 0.8388671875 0.01953125 0.0234375
0 0.248046875 0.78125 0.021484375 0.033203125
0 0.21484375 0.7294921875 0.01953125 0.029296875
0 0.236328125 0.806640625 0.021484375 0.033203125
0 0.27734375 0.6328125 0.02734375 0.029296875
0 0.3125 0.59375 0.021484375 0.021484375
0 0.263671875 0.669921875 0.01953125 0.025390625
0 0.6826171875 0.3330078125 0.03125 0.0390625
0 0.7529296875 0.2724609375 0.025390625 0.02734375
0 0.7294921875 0.2216796875 0.0234375 0.02734375
0 0.7119140625 0.212890625 0.017578125 0.025390625
0 0.7744140625 0.17578125 0.0234375 0.033203125
0 0.79296875 0.318359375 0.01953125 0.025390625
0 0.837890625 0.2744140625 0.025390625 0.02734375
0 0.80078125 0.349609375 0.01953125 0.029296875
0 0.810546875 0.3759765625 0.015625 0.025390625
0 0.83984375 0.4072265625 0.01953125 0.0234375
0 0.732421875 0.3828125 0.017578125 0.0234375
0 0.6640625 0.3720703125 0.01953125 0.02734375
0 0.6796875 0.4013671875 0.01953125 0.02734375
0 0.6396484375 0.3955078125 0.01953125 0.01953125
0 0.6171875 0.37109375 0.017578125 0.02734375
0 0.603515625 0.37890625 0.01953125 0.029296875
0 0.5712890625 0.3154296875 0.02734375 0.03515625
0 0.5458984375 0.2978515625 0.025390625 0.03515625
0 0.52734375 0.22265625 0.021484375 0.033203125
0 0.5126953125 0.1845703125 0.013671875 0.025390625
0 0.49609375 0.18359375 0.017578125 0.0234375
0 0.4765625 0.21484375 0.0234375 0.029296875
0 0.46484375 0.2646484375 0.017578125 0.03125
0 0.4443359375 0.234375 0.01953125 0.029296875
0 0.4404296875 0.3251953125 0.017578125 0.041015625
0 0.42578125 0.3095703125 0.017578125 0.03125
0 0.3916015625 0.1689453125 0.01953125 0.029296875
0 0.4501953125 0.1376953125 0.0234375 0.0234375
0 0.4619140625 0.1015625 0.017578125 0.029296875
0 0.4345703125 0.1025390625 0.0234375 0.01953125
0 0.5615234375 0.1025390625 0.0234375 0.029296875
0 0.6494140625 0.099609375 0.029296875 0.02734375
0 0.7431640625 0.0947265625 0.0234375 0.029296875
0 0.8544921875 0.2421875 0.025390625 0.044921875
0 0.359375 0.34765625 0.017578125 0.0234375
0 0.4111328125 0.3837890625 0.02734375 0.033203125
0 0.50390625 0.419921875 0.01953125 0.02734375
0 0.501953125 0.3662109375 0.017578125 0.029296875
0 0.5029296875 0.38671875 0.017578125 0.0234375
0 0.4365234375 0.4140625 0.025390625 0.029296875
0 0.4140625 0.423828125 0.021484375 0.029296875
0 0.396484375 0.43359375 0.017578125 0.029296875
0 0.369140625 0.3837890625 0.0234375 0.0234375
0 0.2978515625 0.3505859375 0.01953125 0.0234375
0 0.298828125 0.30859375 0.02734375 0.029296875
0 0.3115234375 0.2939453125 0.01953125 0.02734375
0 0.2490234375 0.2275390625 0.01953125 0.01953125
0 0.224609375 0.2021484375 0.01953125 0.029296875
0 0.2568359375 0.1279296875 0.02734375 0.029296875
0 0.3037109375 0.126953125 0.029296875 0.025390625
0 0.19921875 0.2333984375 0.021484375 0.033203125
0 0.1943359375 0.1953125 0.013671875 0.029296875
0 0.1748046875 0.1328125 0.01953125 0.03515625
0 0.203125 0.3505859375 0.029296875 0.0390625
0 0.1865234375 0.3388671875 0.01953125 0.029296875
0 0.2412109375 0.4130859375 0.01953125 0.0234375
0 0.26953125 0.3515625 0.021484375 0.033203125
0 0.2734375 0.4267578125 0.013671875 0.021484375
0 0.255859375 0.427734375 0.013671875 0.021484375
0 0.326171875 0.8681640625 0.017578125 0.02734375
0 0.447265625 0.87890625 0.017578125 0.02734375
0 0.794921875 0.5869140625 0.0234375 0.02734375
0 0.7841796875 0.66015625 0.017578125 0.02734375
0 0.8974609375 0.6025390625 0.0234375 0.033203125
0 0.9228515625 0.1865234375 0.0234375 0.025390625
0 0.876953125 0.0947265625 0.0234375 0.03125
0 0.943359375 0.2939453125 0.021484375 0.02734375
0 0.93359375 0.3505859375 0.0234375 0.02734375
0 0.939453125 0.3720703125 0.01953125 0.02734375
0 0.982421875 0.3583984375 0.01953125 0.029296875
0 0.828125 0.060546875 0.01953125 0.0234375
0 0.9423828125 0.7841796875 0.01953125 0.02734375
0 0.927734375 0.861328125 0.021484375 0.033203125
0 0.9541015625 0.64453125 0.017578125 0.02734375
0 0.1572265625 0.7783203125 0.029296875 0.03515625
0 0.1845703125 0.7724609375 0.01953125 0.033203125
0 0.1611328125 0.7216796875 0.0234375 0.03125
0 0.166015625 0.591796875 0.02734375 0.029296875
0 0.2333984375 0.857421875 0.021484375 0.03125
0 0.1923828125 0.86328125 0.021484375 0.0234375
0 0.0888671875 0.3544921875 0.025390625 0.03125
0 0.0712890625 0.3310546875 0.017578125 0.0234375
0 0.0400390625 0.2578125 0.0234375 0.03125
0 0.138671875 0.1787109375 0.02734375 0.029296875
0 0.15234375 0.142578125 0.01953125 0.0234375
0 0.111328125 0.125 0.017578125 0.025390625
0 0.0654296875 0.1484375 0.0234375 0.033203125
0 0.0927734375 0.189453125 0.013671875 0.025390625
0 0.1943359375 0.42578125 0.0234375 0.03515625
0 0.1884765625 0.390625 0.017578125 0.029296875
0 0.1669921875 0.380859375 0.0234375 0.025390625
0 0.15625 0.3955078125 0.02734375 0.029296875
0 0.1279296875 0.431640625 0.021484375 0.029296875
0 0.0869140625 0.7783203125 0.01953125 0.01953125