0 0.8486328125 0.2734375 0.048828125 0.03125
0 0.8203125 0.314453125 0.0390625 0.0234375
0 0.751953125 0.2744140625 0.021484375 0.0234375
0 0.64453125 0.302734375 0.0234375 0.01953125
0 0.6826171875 0.3388671875 0.029296875 0.015625
0 0.7646484375 0.302734375 0.021484375 0.015625
0 0.74609375 0.318359375 0.025390625 0.017578125
0 0.8779296875 0.36328125 0.01953125 0.013671875
0 0.9033203125 0.3740234375 0.017578125 0.013671875
0 0.876953125 0.3916015625 0.01953125 0.01171875
0 0.9033203125 0.400390625 0.021484375 0.01171875
0 0.876953125 0.4267578125 0.01953125 0.01171875
0 0.8623046875 0.4462890625 0.01953125 0.015625
0 0.8828125 0.4423828125 0.015625 0.013671875
0 0.791015625 0.4853515625 0.025390625 0.021484375
0 0.8046875 0.494140625 0.025390625 0.021484375
0 0.6767578125 0.3876953125 0.01953125 0.015625
0 0.6796875 0.4384765625 0.015625 0.013671875
0 0.64453125 0.451171875 0.0234375 0.015625
0 0.712890625 0.4990234375 0.021484375 0.013671875
0 0.71875 0.537109375 0.021484375 0.015625
0 0.81640625 0.6162109375 0.029296875 0.021484375
0 0.775390625 0.623046875 0.029296875 0.017578125
0 0.8349609375 0.5927734375 0.029296875 0.017578125
0 0.595703125 0.4990234375 0.0234375 0.017578125
0 0.59765625 0.423828125 0.0234375 0.01953125
0 0.5966796875 0.3984375 0.021484375 0.021484375
0 0.599609375 0.306640625 0.01953125 0.021484375
0 0.6357421875 0.197265625 0.02734375 0.01953125
0 0.669921875 0.5849609375 0.01953125 0.01953125
0 0.6025390625 0.541015625 0.01953125 0.015625
0 0.5947265625 0.5537109375 0.025390625 0.013671875
0 0.615234375 0.6171875 0.021484375 0.01953125
0 0.6240234375 0.646484375 0.021484375 0.013671875
0 0.630859375 0.6884765625 0.013671875 0.009765625
0 0.748046875 0.7236328125 0.025390625 0.013671875
0 0.779296875 0.7294921875 0.021484375 0.017578125
0 0.8330078125 0.6845703125 0.021484375 0.01953125
0 0.7724609375 0.7607421875 0.03125 0.01953125
0 0.7197265625 0.79296875 0.029296875 0.01953125
0 0.796875 0.7744140625 0.03125 0.01953125
0 0.625 0.7275390625 0.029296875 0.025390625
0 0.5869140625 0.6904296875 0.021484375 0.021484375
0 0.662109375 0.7421875 0.0234375 0.01953125
0 0.3388671875 0.3115234375 0.037109375 0.029296875
0 0.2822265625 0.2392578125 0.025390625 0.0234375
0 0.2294921875 0.26171875 0.02734375 0.021484375
0 0.220703125 0.2783203125 0.0234375 0.015625
0 0.185546875 0.2138671875 0.03125 0.0234375
0 0.328125 0.201171875 0.0234375 0.017578125
0 0.287109375 0.154296875 0.025390625 0.0234375
0 0.3603515625 0.1943359375 0.029296875 0.01953125
0 0.38671875 0.185546875 0.025390625 0.013671875
0 0.419921875 0.1572265625 0.021484375 0.01953125
0 0.390625 0.263671875 0.021484375 0.015625
0 0.3779296875 0.3310546875 0.025390625 0.01953125
0 0.4072265625 0.31640625 0.025390625 0.017578125
0 0.400390625 0.3564453125 0.017578125 0.01953125
0 0.3759765625 0.3779296875 0.025390625 0.015625
0 0.3828125 0.392578125 0.029296875 0.01953125
0 0.318359375 0.421875 0.03515625 0.02734375
0 0.2998046875 0.447265625 0.033203125 0.025390625
0 0.2236328125 0.462890625 0.03125 0.01953125
0 0.185546875 0.4765625 0.025390625 0.013671875
0 0.1845703125 0.4921875 0.021484375 0.015625
0 0.2138671875 0.513671875 0.029296875 0.021484375
0 0.263671875 0.5263671875 0.029296875 0.017578125
0 0.232421875 0.546875 0.029296875 0.01953125
0 0.3232421875 0.552734375 0.0390625 0.017578125
0 0.306640625 0.5673828125 0.029296875 0.017578125
0 0.1650390625 0.5966796875 0.029296875 0.01953125
0 0.1357421875 0.537109375 0.021484375 0.021484375
0 0.1005859375 0.5234375 0.029296875 0.017578125
0 0.1005859375 0.55078125 0.01953125 0.021484375
0 0.1044921875 0.4248046875 0.029296875 0.021484375
0 0.10546875 0.3369140625 0.025390625 0.029296875
0 0.103515625 0.2431640625 0.029296875 0.021484375
0 0.2548828125 0.13671875 0.044921875 0.0234375
0 0.3427734375 0.6357421875 0.021484375 0.015625
0 0.380859375 0.583984375 0.03125 0.02734375
0 0.4208984375 0.4931640625 0.025390625 0.01953125
0 0.3671875 0.4931640625 0.029296875 0.017578125
0 0.38671875 0.4931640625 0.021484375 0.015625
0 0.412109375 0.560546875 0.029296875 0.0234375
0 0.4208984375 0.5830078125 0.029296875 0.021484375
0 0.4306640625 0.6015625 0.029296875 0.017578125
0 0.37890625 0.6259765625 0.021484375 0.021484375
0 0.34375 0.697265625 0.021484375 0.017578125
0 0.3017578125 0.6943359375 0.029296875 0.025390625
0 0.287109375 0.681640625 0.02734375 0.01953125
0 0.21875 0.7412109375 0.017578125 0.01953125
0 0.1923828125 0.7646484375 0.029296875 0.01953125
0 0.1201171875 0.73046875 0.029296875 0.025390625
0 0.1201171875 0.68359375 0.0234375 0.029296875
0 0.22265625 0.791015625 0.03125 0.01953125
0 0.1845703125 0.7939453125 0.029296875 0.013671875
0 0.1220703125 0.8125 0.033203125 0.01953125
0 0.33984375 0.7919921875 0.037109375 0.02734375
0 0.328125 0.8076171875 0.029296875 0.01953125
0 0.404296875 0.755859375 0.021484375 0.01953125
0 0.34375 0.7255859375 0.03125 0.01953125
0 0.4189453125 0.7236328125 0.021484375 0.013671875
0 0.419921875 0.7412109375 0.021484375 0.013671875
0 0.8623046875 0.6865234375 0.025390625 0.015625
0 0.876953125 0.56640625 0.025390625 0.015625
0 0.59765625 0.2080078125 0.025390625 0.021484375
0 0.669921875 0.2216796875 0.025390625 0.015625
0 0.6162109375 0.1064453125 0.03125 0.0234375
0 0.201171875 0.06640625 0.0234375 0.021484375
0 0.1083984375 0.109375 0.029296875 0.0234375
0 0.3095703125 0.0498046875 0.025390625 0.021484375
0 0.365234375 0.0615234375 0.025390625 0.021484375
0 0.3876953125 0.056640625 0.025390625 0.01953125
0 0.3759765625 0.0126953125 0.029296875 0.01953125
0 0.072265625 0.15625 0.021484375 0.01953125
0 0.7998046875 0.0673828125 0.025390625 0.01953125
0 0.8759765625 0.0849609375 0.03125 0.01953125
0 0.66015625 0.05078125 0.025390625 0.015625
0 0.7666015625 0.8525390625 0.03515625 0.02734375
0 0.76171875 0.8251953125 0.03125 0.01953125
0 0.7099609375 0.8466796875 0.029296875 0.0234375
0 0.580078125 0.8369140625 0.029296875 0.025390625
0 0.84765625 0.779296875 0.029296875 0.01953125
0 0.8525390625 0.8203125 0.021484375 0.021484375
0 0.33984375 0.90625 0.029296875 0.025390625
0 0.31640625 0.9228515625 0.021484375 0.015625
0 0.2421875 0.951171875 0.029296875 0.0234375
0 0.166015625 0.849609375 0.029296875 0.025390625
0 0.130859375 0.8349609375 0.021484375 0.017578125
0 0.111328125 0.875 0.0234375 0.015625
0 0.1337890625 0.921875 0.03125 0.0234375
0 0.17578125 0.896484375 0.025390625 0.013671875
0 0.4150390625 0.802734375 0.033203125 0.0234375
0 0.3798828125 0.806640625 0.029296875 0.017578125
0 0.369140625 0.8291015625 0.0234375 0.021484375
0 0.3837890625 0.83984375 0.029296875 0.025390625
0 0.4189453125 0.869140625 0.029296875 0.021484375
0 0.763671875 0.9228515625 0.01953125 0.017578125