0 0.7197265625 0.8525390625 0.029296875 0.046875
0 0.6796875 0.8232421875 0.021484375 0.0390625
0 0.7216796875 0.755859375 0.0234375 0.021484375
0 0.6953125 0.6484375 0.01953125 0.0234375
0 0.6572265625 0.685546875 0.013671875 0.029296875
0 0.6923828125 0.7685546875 0.015625 0.021484375
0 0.6767578125 0.7490234375 0.017578125 0.025390625
0 0.6298828125 0.880859375 0.013671875 0.01953125
0 0.619140625 0.9052734375 0.013671875 0.017578125
0 0.6015625 0.87890625 0.01171875 0.01953125
0 0.5927734375 0.904296875 0.01171875 0.021484375
0 0.56640625 0.8779296875 0.01171875 0.01953125
0 0.5478515625 0.86328125 0.015625 0.01953125
0 0.55078125 0.8837890625 0.013671875 0.015625
0 0.509765625 0.791015625 0.021484375 0.025390625
0 0.5 0.8046875 0.021484375 0.025390625
0 0.609375 0.6787109375 0.015625 0.01953125
0 0.55859375 0.6806640625 0.013671875 0.015625
0 0.546875 0.6455078125 0.015625 0.0234375
0 0.4970703125 0.712890625 0.013671875 0.021484375
0 0.458984375 0.71875 0.015625 0.021484375
0 0.37890625 0.814453125 0.021484375 0.029296875
0 0.3720703125 0.7724609375 0.015625 0.029296875
0 0.4013671875 0.8330078125 0.015625 0.029296875
0 0.5 0.595703125 0.017578125 0.0234375
0 0.57421875 0.599609375 0.01953125 0.0234375
0 0.599609375 0.5986328125 0.021484375 0.021484375
0 0.69140625 0.603515625 0.021484375 0.01953125
0 0.80078125 0.6416015625 0.01953125 0.02734375
0 0.412109375 0.6689453125 0.01953125 0.01953125
0 0.45703125 0.6015625 0.015625 0.01953125
0 0.4453125 0.59375 0.013671875 0.025390625
0 0.380859375 0.61328125 0.01953125 0.021484375
0 0.3515625 0.6220703125 0.013671875 0.021484375
0 0.30859375 0.626953125 0.009765625 0.013671875
0 0.271484375 0.744140625 0.013671875 0.025390625
0 0.265625 0.775390625 0.017578125 0.021484375
0 0.3095703125 0.8291015625 0.01953125 0.021484375
0 0.234375 0.767578125 0.01953125 0.03125
0 0.203125 0.7138671875 0.01953125 0.029296875
0 0.220703125 0.7919921875 0.01953125 0.03125
0 0.2705078125 0.62109375 0.025390625 0.029296875
0 0.3076171875 0.5830078125 0.021484375 0.021484375
0 0.2548828125 0.6572265625 0.01953125 0.0234375
0 0.69140625 0.3427734375 0.029296875 0.037109375
0 0.7646484375 0.2861328125 0.0234375 0.025390625
0 0.7431640625 0.234375 0.021484375 0.02734375
0 0.7265625 0.224609375 0.015625 0.0234375
0 0.7919921875 0.1904296875 0.021484375 0.03125
0 0.8017578125 0.333984375 0.017578125 0.0234375
0 0.8486328125 0.29296875 0.0234375 0.025390625
0 0.80859375 0.365234375 0.01953125 0.029296875
0 0.81640625 0.3916015625 0.013671875 0.025390625
0 0.8447265625 0.42578125 0.01953125 0.021484375
0 0.73828125 0.3955078125 0.015625 0.021484375
0 0.6708984375 0.380859375 0.01953125 0.025390625
0 0.6845703125 0.4111328125 0.017578125 0.025390625
0 0.64453125 0.40234375 0.01953125 0.017578125
0 0.6240234375 0.3779296875 0.015625 0.025390625
0 0.609375 0.384765625 0.017578125 0.029296875
0 0.5810546875 0.3203125 0.025390625 0.03515625
0 0.5556640625 0.30078125 0.0234375 0.033203125
0 0.5419921875 0.224609375 0.01953125 0.03125
0 0.5283203125 0.185546875 0.013671875 0.025390625
0 0.5126953125 0.1845703125 0.015625 0.021484375
0 0.4912109375 0.2138671875 0.021484375 0.029296875
0 0.4775390625 0.2626953125 0.015625 0.029296875
0 0.4580078125 0.232421875 0.01953125 0.029296875
0 0.4501953125 0.322265625 0.015625 0.0390625
0 0.4365234375 0.3056640625 0.015625 0.029296875
0 0.4091796875 0.1640625 0.01953125 0.029296875
0 0.46875 0.134765625 0.021484375 0.021484375
0 0.4833984375 0.099609375 0.015625 0.029296875
0 0.4560546875 0.099609375 0.021484375 0.01953125
0 0.58203125 0.10546875 0.021484375 0.029296875
0 0.669921875 0.1083984375 0.029296875 0.025390625
0 0.763671875 0.107421875 0.021484375 0.029296875
0 0.8681640625 0.2607421875 0.021484375 0.044921875
0 0.3671875 0.33984375 0.015625 0.021484375
0 0.41796875 0.37890625 0.025390625 0.03125
0 0.5087890625 0.4208984375 0.01953125 0.025390625
0 0.509765625 0.3671875 0.015625 0.029296875
0 0.5087890625 0.38671875 0.015625 0.021484375
0 0.4404296875 0.4111328125 0.0234375 0.029296875
0 0.4189453125 0.4189453125 0.021484375 0.029296875
0 0.400390625 0.4287109375 0.015625 0.029296875
0 0.3759765625 0.376953125 0.021484375 0.021484375
0 0.3056640625 0.33984375 0.017578125 0.021484375
0 0.30859375 0.2978515625 0.025390625 0.029296875
0 0.322265625 0.2841796875 0.01953125 0.02734375
0 0.263671875 0.21484375 0.01953125 0.017578125
0 0.240234375 0.1884765625 0.01953125 0.029296875
0 0.2763671875 0.1162109375 0.025390625 0.029296875
0 0.3232421875 0.1171875 0.029296875 0.0234375
0 0.2138671875 0.2177734375 0.01953125 0.03125
0 0.2109375 0.1796875 0.013671875 0.029296875
0 0.1943359375 0.1162109375 0.017578125 0.033203125
0 0.2109375 0.3349609375 0.02734375 0.037109375
0 0.1953125 0.322265625 0.01953125 0.029296875
0 0.24609375 0.400390625 0.01953125 0.021484375
0 0.27734375 0.33984375 0.01953125 0.03125
0 0.27734375 0.4150390625 0.013671875 0.021484375
0 0.259765625 0.4150390625 0.013671875 0.021484375
0 0.306640625 0.859375 0.015625 0.025390625
0 0.427734375 0.875 0.015625 0.025390625
0 0.7900390625 0.6025390625 0.021484375 0.025390625
0 0.775390625 0.6748046875 0.015625 0.025390625
0 0.8916015625 0.623046875 0.021484375 0.03125
0 0.9384765625 0.208984375 0.021484375 0.0234375
0 0.8974609375 0.115234375 0.021484375 0.029296875
0 0.9541015625 0.3173828125 0.021484375 0.025390625
0 0.94140625 0.373046875 0.021484375 0.025390625
0 0.9453125 0.3955078125 0.01953125 0.025390625
0 0.9892578125 0.3837890625 0.017578125 0.029296875
0 0.8515625 0.0791015625 0.01953125 0.021484375
0 0.927734375 0.806640625 0.01953125 0.025390625
0 0.908203125 0.8837890625 0.01953125 0.03125
0 0.9462890625 0.66796875 0.015625 0.025390625
0 0.1435546875 0.759765625 0.02734375 0.03515625
0 0.1708984375 0.755859375 0.017578125 0.03125
0 0.150390625 0.703125 0.021484375 0.029296875
0 0.1611328125 0.57421875 0.025390625 0.029296875
0 0.21484375 0.8427734375 0.01953125 0.029296875
0 0.173828125 0.8466796875 0.021484375 0.021484375
0 0.0966796875 0.3330078125 0.0234375 0.029296875
0 0.0810546875 0.30859375 0.015625 0.021484375
0 0.052734375 0.234375 0.021484375 0.029296875
0 0.15625 0.16015625 0.025390625 0.029296875
0 0.1708984375 0.125 0.017578125 0.021484375
0 0.1318359375 0.10546875 0.015625 0.0234375
0 0.083984375 0.1259765625 0.021484375 0.03125
0 0.109375 0.1689453125 0.013671875 0.025390625
0 0.1982421875 0.4091796875 0.021484375 0.033203125
0 0.1953125 0.3740234375 0.015625 0.029296875
0 0.173828125 0.36328125 0.021484375 0.0234375
0 0.162109375 0.3779296875 0.025390625 0.029296875
0 0.1318359375 0.4130859375 0.021484375 0.029296875
0 0.0732421875 0.7568359375 0.017578125 0.01953125