0 0.6484375 0.1123046875 0.037109375 0.05078125
0 0.6142578125 0.1484375 0.02734375 0.04296875
0 0.66796875 0.2060546875 0.02734375 0.025390625
0 0.6630859375 0.3173828125 0.021484375 0.025390625
0 0.619140625 0.287109375 0.017578125 0.029296875
0 0.6376953125 0.2001953125 0.01953125 0.0234375
0 0.626953125 0.2216796875 0.021484375 0.02734375
0 0.5546875 0.1015625 0.017578125 0.021484375
0 0.5400390625 0.0791015625 0.015625 0.01953125
0 0.52734375 0.1083984375 0.013671875 0.01953125
0 0.513671875 0.0849609375 0.013671875 0.0234375
0 0.4931640625 0.1162109375 0.013671875 0.01953125
0 0.4775390625 0.1337890625 0.01953125 0.021484375
0 0.4765625 0.11328125 0.015625 0.017578125
0 0.4541015625 0.212890625 0.025390625 0.029296875
0 0.4423828125 0.201171875 0.025390625 0.029296875
0 0.5732421875 0.3037109375 0.01953125 0.021484375
0 0.5234375 0.3115234375 0.015625 0.017578125
0 0.517578125 0.34765625 0.01953125 0.025390625
0 0.4560546875 0.2919921875 0.017578125 0.0234375
0 0.41796875 0.29296875 0.01953125 0.0234375
0 0.3203125 0.2138671875 0.025390625 0.03125
0 0.322265625 0.2568359375 0.01953125 0.03125
0 0.33984375 0.1923828125 0.01953125 0.03125
0 0.4814453125 0.40625 0.021484375 0.025390625
0 0.5537109375 0.388671875 0.021484375 0.025390625
0 0.5791015625 0.3837890625 0.025390625 0.025390625
0 0.66796875 0.3623046875 0.0234375 0.021484375
0 0.767578125 0.3037109375 0.0234375 0.029296875
0 0.3818359375 0.3515625 0.021484375 0.021484375
0 0.4384765625 0.4091796875 0.01953125 0.021484375
0 0.427734375 0.4189453125 0.017578125 0.02734375
0 0.361328125 0.4111328125 0.021484375 0.0234375
0 0.3310546875 0.4091796875 0.015625 0.0234375
0 0.2880859375 0.4111328125 0.01171875 0.013671875
0 0.2294921875 0.3037109375 0.017578125 0.02734375
0 0.216796875 0.2744140625 0.021484375 0.0234375
0 0.25 0.212890625 0.021484375 0.0234375
0 0.1875 0.2880859375 0.0234375 0.033203125
0 0.16796875 0.3466796875 0.0234375 0.03125
0 0.169921875 0.2666015625 0.0234375 0.033203125
0 0.251953125 0.4248046875 0.029296875 0.033203125
0 0.2958984375 0.455078125 0.0234375 0.0234375
0 0.2294921875 0.3916015625 0.021484375 0.025390625
0 0.7177734375 0.6181640625 0.03515625 0.041015625
0 0.80078125 0.6591796875 0.02734375 0.029296875
0 0.7900390625 0.71484375 0.025390625 0.029296875
0 0.775390625 0.7275390625 0.01953125 0.025390625
0 0.845703125 0.748046875 0.02734375 0.03515625
0 0.828125 0.60546875 0.021484375 0.025390625
0 0.8818359375 0.63671875 0.02734375 0.029296875
0 0.828125 0.5732421875 0.0234375 0.03125
0 0.8310546875 0.5458984375 0.017578125 0.02734375
0 0.8525390625 0.5068359375 0.021484375 0.0234375
0 0.75390625 0.5576171875 0.01953125 0.0234375
0 0.6904296875 0.583984375 0.0234375 0.02734375
0 0.6982421875 0.5517578125 0.021484375 0.02734375
0 0.6611328125 0.5673828125 0.021484375 0.021484375
0 0.64453125 0.5966796875 0.01953125 0.02734375
0 0.62890625 0.591796875 0.021484375 0.03125
0 0.61328125 0.6611328125 0.03125 0.037109375
0 0.5927734375 0.6845703125 0.029296875 0.037109375
0 0.59375 0.76171875 0.0234375 0.033203125
0 0.587890625 0.802734375 0.017578125 0.02734375
0 0.5732421875 0.8076171875 0.01953125 0.0234375
0 0.5458984375 0.7822265625 0.025390625 0.03125
0 0.5224609375 0.7373046875 0.01953125 0.03125
0 0.509765625 0.7705078125 0.0234375 0.03125
0 0.4853515625 0.6845703125 0.021484375 0.041015625
0 0.474609375 0.703125 0.01953125 0.03125
0 0.474609375 0.84765625 0.0234375 0.03125
0 0.5390625 0.8642578125 0.025390625 0.025390625
0 0.5595703125 0.896484375 0.01953125 0.03125
0 0.533203125 0.9013671875 0.0234375 0.021484375
0 0.6552734375 0.87109375 0.025390625 0.03125
0 0.7412109375 0.8525390625 0.033203125 0.03125
0 0.833984375 0.8349609375 0.025390625 0.033203125
0 0.9072265625 0.6640625 0.029296875 0.046875
0 0.400390625 0.6826171875 0.01953125 0.0234375
0 0.4423828125 0.6337890625 0.03125 0.03515625
0 0.5234375 0.576171875 0.0234375 0.02734375
0 0.5341796875 0.62890625 0.01953125 0.03125
0 0.5302734375 0.609375 0.01953125 0.0234375
0 0.458984375 0.5986328125 0.02734375 0.03125
0 0.435546875 0.5947265625 0.025390625 0.03125
0 0.416015625 0.5888671875 0.01953125 0.03125
0 0.4013671875 0.64453125 0.025390625 0.025390625
0 0.33984375 0.693359375 0.021484375 0.0234375
0 0.3505859375 0.734375 0.029296875 0.033203125
0 0.3671875 0.74609375 0.0234375 0.029296875
0 0.322265625 0.8251953125 0.021484375 0.021484375
0 0.3046875 0.85546875 0.0234375 0.03125
0 0.353515625 0.919921875 0.029296875 0.033203125
0 0.3994140625 0.9091796875 0.03125 0.02734375
0 0.2724609375 0.83203125 0.0234375 0.033203125
0 0.27734375 0.869140625 0.017578125 0.029296875
0 0.2734375 0.9345703125 0.0234375 0.03515625
0 0.248046875 0.716796875 0.033203125 0.041015625
0 0.234375 0.732421875 0.0234375 0.03125
0 0.26953125 0.646484375 0.021484375 0.0234375
0 0.3125 0.7001953125 0.0234375 0.033203125
0 0.2978515625 0.6259765625 0.015625 0.021484375
0 0.28125 0.62890625 0.015625 0.0234375
0 0.2421875 0.1845703125 0.01953125 0.02734375
0 0.357421875 0.1455078125 0.01953125 0.02734375
0 0.7646484375 0.34375 0.025390625 0.029296875
0 0.7373046875 0.275390625 0.01953125 0.02734375
0 0.861328125 0.3046875 0.02734375 0.03515625
0 0.9853515625 0.7021484375 0.025390625 0.02734375
0 0.9638671875 0.8017578125 0.025390625 0.033203125
0 0.98046875 0.5927734375 0.025390625 0.029296875
0 0.95703125 0.5400390625 0.025390625 0.029296875
0 0.95703125 0.517578125 0.0234375 0.02734375
0 0.9951171875 0.51953125 0.009765625 0.03125
0 0.9248046875 0.8466796875 0.021484375 0.0234375
0 0.861328125 0.1171875 0.0234375 0.02734375
0 0.8271484375 0.0458984375 0.0234375 0.033203125
0 0.90625 0.25 0.01953125 0.02734375
0 0.099609375 0.3125 0.03125 0.0390625
0 0.1279296875 0.3115234375 0.0234375 0.033203125
0 0.1171875 0.3671875 0.025390625 0.033203125
0 0.1533203125 0.4912109375 0.029296875 0.033203125
0 0.154296875 0.2177734375 0.0234375 0.03125
0 0.1142578125 0.2216796875 0.0234375 0.025390625
0 0.1357421875 0.740234375 0.02734375 0.033203125
0 0.125 0.767578125 0.01953125 0.0234375
0 0.1123046875 0.845703125 0.025390625 0.033203125
0 0.2275390625 0.8994140625 0.029296875 0.033203125
0 0.2490234375 0.9306640625 0.021484375 0.0234375
0 0.2138671875 0.9580078125 0.01953125 0.025390625
0 0.1630859375 0.9462890625 0.02734375 0.03515625
0 0.1796875 0.8994140625 0.017578125 0.02734375
0 0.2216796875 0.646484375 0.02734375 0.037109375
0 0.224609375 0.681640625 0.01953125 0.03125
0 0.205078125 0.6962890625 0.025390625 0.02734375
0 0.19140625 0.6845703125 0.029296875 0.033203125
0 0.1552734375 0.65625 0.025390625 0.033203125
0 0.03125 0.330078125 0.021484375 0.021484375