0 0.7724609375 0.1865234375 0.037109375 0.05078125
0 0.7275390625 0.208984375 0.02734375 0.04296875
0 0.7587890625 0.2822265625 0.02734375 0.025390625
0 0.7158203125 0.384765625 0.021484375 0.025390625
0 0.6845703125 0.3408203125 0.017578125 0.029296875
0 0.7314453125 0.265625 0.01953125 0.0234375
0 0.7138671875 0.2822265625 0.021484375 0.02734375
0 0.6875 0.14453125 0.017578125 0.021484375
0 0.681640625 0.1181640625 0.015625 0.01953125
0 0.6591796875 0.1416015625 0.013671875 0.01953125
0 0.6552734375 0.115234375 0.013671875 0.0234375
0 0.6240234375 0.13671875 0.013671875 0.01953125
0 0.603515625 0.1484375 0.01953125 0.021484375
0 0.6103515625 0.12890625 0.015625 0.017578125
0 0.5556640625 0.2138671875 0.025390625 0.029296875
0 0.5478515625 0.19921875 0.025390625 0.029296875
0 0.6357421875 0.3408203125 0.01953125 0.021484375
0 0.5859375 0.3310546875 0.015625 0.017578125
0 0.568359375 0.36328125 0.01953125 0.025390625
0 0.5302734375 0.2890625 0.017578125 0.0234375
0 0.4931640625 0.27734375 0.01953125 0.0234375
0 0.4296875 0.169921875 0.025390625 0.03125
0 0.416015625 0.2109375 0.01953125 0.03125
0 0.4541015625 0.15625 0.01953125 0.03125
0 0.5146484375 0.4052734375 0.021484375 0.025390625
0 0.5888671875 0.4130859375 0.021484375 0.025390625
0 0.61328125 0.41796875 0.025390625 0.025390625
0 0.705078125 0.427734375 0.0234375 0.021484375
0 0.818359375 0.4072265625 0.0234375 0.029296875
0 0.439453125 0.3193359375 0.021484375 0.021484375
0 0.4736328125 0.3935546875 0.01953125 0.021484375
0 0.4599609375 0.3984375 0.017578125 0.02734375
0 0.400390625 0.369140625 0.021484375 0.0234375
0 0.373046875 0.3564453125 0.015625 0.0234375
0 0.3310546875 0.3447265625 0.01171875 0.013671875
0 0.3125 0.22265625 0.017578125 0.02734375
0 0.3115234375 0.19140625 0.021484375 0.0234375
0 0.36328125 0.14453125 0.021484375 0.0234375
0 0.279296875 0.1943359375 0.0234375 0.033203125
0 0.240234375 0.2421875 0.0234375 0.03125
0 0.26953125 0.16796875 0.0234375 0.033203125
0 0.2919921875 0.3447265625 0.029296875 0.033203125
0 0.3232421875 0.3876953125 0.0234375 0.0234375
0 0.2822265625 0.3056640625 0.021484375 0.025390625
0 0.6650390625 0.685546875 0.03515625 0.041015625
0 0.728515625 0.7529296875 0.02734375 0.029296875
0 0.69921875 0.80078125 0.025390625 0.029296875
0 0.6806640625 0.8076171875 0.01953125 0.025390625
0 0.7392578125 0.8515625 0.02734375 0.03515625
0 0.7724609375 0.7119140625 0.021484375 0.025390625
0 0.8125 0.759765625 0.02734375 0.029296875
0 0.783203125 0.6806640625 0.0234375 0.03125
0 0.7958984375 0.65625 0.017578125 0.02734375
0 0.828125 0.626953125 0.021484375 0.0234375
0 0.71875 0.640625 0.01953125 0.0234375
0 0.650390625 0.64453125 0.0234375 0.02734375
0 0.6689453125 0.6171875 0.021484375 0.02734375
0 0.6279296875 0.619140625 0.021484375 0.021484375
0 0.603515625 0.640625 0.01953125 0.02734375
0 0.58984375 0.630859375 0.021484375 0.03125
0 0.5517578125 0.6904296875 0.03125 0.037109375
0 0.5244140625 0.7060546875 0.029296875 0.037109375
0 0.498046875 0.7783203125 0.0234375 0.033203125
0 0.4794921875 0.814453125 0.017578125 0.02734375
0 0.4638671875 0.8134765625 0.01953125 0.0234375
0 0.4462890625 0.78125 0.025390625 0.03125
0 0.4404296875 0.73046875 0.01953125 0.03125
0 0.4169921875 0.7578125 0.0234375 0.03125
0 0.4228515625 0.66796875 0.021484375 0.041015625
0 0.40625 0.681640625 0.01953125 0.03125
0 0.357421875 0.818359375 0.0234375 0.03125
0 0.412109375 0.85546875 0.025390625 0.025390625
0 0.4208984375 0.892578125 0.01953125 0.03125
0 0.3935546875 0.888671875 0.0234375 0.021484375
0 0.51953125 0.90234375 0.025390625 0.03125
0 0.6064453125 0.9130859375 0.033203125 0.03125
0 0.69921875 0.9287109375 0.025390625 0.033203125
0 0.826171875 0.7939453125 0.029296875 0.046875
0 0.34375 0.63671875 0.01953125 0.0234375
0 0.400390625 0.6064453125 0.03125 0.03515625
0 0.49609375 0.580078125 0.0234375 0.02734375
0 0.48828125 0.6328125 0.01953125 0.03125
0 0.4912109375 0.61328125 0.01953125 0.0234375
0 0.427734375 0.578125 0.02734375 0.03125
0 0.4072265625 0.56640625 0.025390625 0.03125
0 0.390625 0.5546875 0.01953125 0.03125
0 0.3583984375 0.6015625 0.025390625 0.025390625
0 0.283203125 0.626953125 0.021484375 0.0234375
0 0.279296875 0.6689453125 0.029296875 0.033203125
0 0.291015625 0.685546875 0.0234375 0.029296875
0 0.2216796875 0.744140625 0.021484375 0.021484375
0 0.1953125 0.767578125 0.0234375 0.03125
0 0.21875 0.84375 0.029296875 0.033203125
0 0.265625 0.8505859375 0.03125 0.02734375
0 0.1728515625 0.734375 0.0234375 0.033203125
0 0.1650390625 0.771484375 0.017578125 0.029296875
0 0.138671875 0.8310546875 0.0234375 0.03515625
0 0.1884765625 0.6171875 0.033203125 0.041015625
0 0.1708984375 0.6279296875 0.0234375 0.03125
0 0.2333984375 0.5595703125 0.021484375 0.0234375
0 0.2548828125 0.623046875 0.0234375 0.033203125
0 0.267578125 0.548828125 0.015625 0.021484375
0 0.25 0.5458984375 0.015625 0.0234375
0 0.365234375 0.115234375 0.01953125 0.02734375
0 0.4873046875 0.1181640625 0.01953125 0.02734375
0 0.802734375 0.4443359375 0.025390625 0.029296875
0 0.7998046875 0.3701171875 0.01953125 0.02734375
0 0.90625 0.439453125 0.02734375 0.03515625
0 0.8876953125 0.85546875 0.025390625 0.02734375
0 0.8330078125 0.9423828125 0.025390625 0.033203125
0 0.919921875 0.751953125 0.025390625 0.029296875
0 0.916015625 0.6943359375 0.025390625 0.029296875
0 0.923828125 0.6728515625 0.0234375 0.02734375
0 0.96484375 0.69140625 0.021484375 0.03125
0 0.78125 0.970703125 0.021484375 0.0234375
0 0.9697265625 0.263671875 0.0234375 0.02734375
0 0.962890625 0.1845703125 0.0234375 0.033203125
0 0.966796875 0.404296875 0.01953125 0.02734375
0 0.1884765625 0.1875 0.03125 0.0390625
0 0.21484375 0.1962890625 0.0234375 0.033203125
0 0.1865234375 0.244140625 0.025390625 0.033203125
0 0.1767578125 0.3740234375 0.029296875 0.033203125
0 0.2724609375 0.1171875 0.0234375 0.03125
0 0.232421875 0.1064453125 0.0234375 0.025390625
0 0.0751953125 0.6015625 0.02734375 0.033203125
0 0.0556640625 0.623046875 0.01953125 0.0234375
0 0.0166015625 0.6923828125 0.025390625 0.033203125
0 0.107421875 0.7822265625 0.029296875 0.033203125
0 0.1162109375 0.8193359375 0.021484375 0.0234375
0 0.07421875 0.8330078125 0.01953125 0.025390625
0 0.03125 0.8037109375 0.02734375 0.03515625
0 0.0625 0.765625 0.017578125 0.02734375
0 0.1884765625 0.5419921875 0.02734375 0.037109375
0 0.1787109375 0.576171875 0.01953125 0.03125
0 0.15625 0.583984375 0.025390625 0.02734375
0 0.146484375 0.5673828125 0.029296875 0.033203125
0 0.123046875 0.5283203125 0.025390625 0.033203125
0 0.1181640625 0.1796875 0.021484375 0.021484375