0 0.8935546875 0.365234375 0.052734375 0.0390625
0 0.85546875 0.3974609375 0.04296875 0.029296875
0 0.798828125 0.341796875 0.025390625 0.02734375
0 0.6884765625 0.34375 0.02734375 0.0234375
0 0.716796875 0.388671875 0.03125 0.01953125
0 0.8046875 0.373046875 0.0234375 0.01953125
0 0.7822265625 0.3837890625 0.029296875 0.0234375
0 0.900390625 0.458984375 0.021484375 0.017578125
0 0.921875 0.474609375 0.01953125 0.015625
0 0.892578125 0.486328125 0.01953125 0.013671875
0 0.9150390625 0.5 0.0234375 0.015625
0 0.8828125 0.5205078125 0.01953125 0.013671875
0 0.865234375 0.53515625 0.021484375 0.01953125
0 0.8857421875 0.537109375 0.017578125 0.015625
0 0.7861328125 0.5556640625 0.029296875 0.025390625
0 0.796875 0.568359375 0.029296875 0.025390625
0 0.69921875 0.43359375 0.021484375 0.01953125
0 0.689453125 0.4833984375 0.017578125 0.017578125
0 0.65234375 0.4873046875 0.025390625 0.01953125
0 0.70703125 0.55078125 0.0234375 0.017578125
0 0.7041015625 0.5888671875 0.0234375 0.01953125
0 0.779296875 0.689453125 0.03125 0.02734375
0 0.7373046875 0.6865234375 0.03125 0.021484375
0 0.8017578125 0.6708984375 0.03125 0.021484375
0 0.5927734375 0.521484375 0.02734375 0.021484375
0 0.61328125 0.4501953125 0.02734375 0.0234375
0 0.619140625 0.42578125 0.025390625 0.025390625
0 0.6435546875 0.3369140625 0.0234375 0.025390625
0 0.705078125 0.2392578125 0.029296875 0.0234375
0 0.64453125 0.6240234375 0.021484375 0.021484375
0 0.5888671875 0.564453125 0.021484375 0.01953125
0 0.5791015625 0.57421875 0.02734375 0.017578125
0 0.583984375 0.6416015625 0.025390625 0.0234375
0 0.5849609375 0.671875 0.0234375 0.017578125
0 0.5810546875 0.71484375 0.013671875 0.01171875
0 0.6865234375 0.77734375 0.02734375 0.01953125
0 0.7158203125 0.7900390625 0.025390625 0.021484375
0 0.7783203125 0.759765625 0.025390625 0.0234375
0 0.701171875 0.8193359375 0.03515625 0.025390625
0 0.6416015625 0.837890625 0.03125 0.0234375
0 0.7216796875 0.837890625 0.03515625 0.025390625
0 0.56640625 0.7509765625 0.033203125 0.03125
0 0.5380859375 0.7060546875 0.0234375 0.0234375
0 0.5986328125 0.7744140625 0.02734375 0.0234375
0 0.3896484375 0.27734375 0.04296875 0.03515625
0 0.3515625 0.1943359375 0.029296875 0.02734375
0 0.2958984375 0.203125 0.029296875 0.02734375
0 0.2822265625 0.216796875 0.025390625 0.01953125
0 0.263671875 0.146484375 0.03515625 0.02734375
0 0.4052734375 0.1689453125 0.02734375 0.021484375
0 0.376953125 0.11328125 0.029296875 0.02734375
0 0.4384765625 0.169921875 0.03125 0.0234375
0 0.4658203125 0.1669921875 0.02734375 0.01953125
0 0.5048828125 0.1474609375 0.025390625 0.0234375
0 0.451171875 0.244140625 0.0234375 0.01953125
0 0.421875 0.306640625 0.029296875 0.0234375
0 0.455078125 0.2998046875 0.029296875 0.0234375
0 0.4375 0.3369140625 0.021484375 0.021484375
0 0.4091796875 0.3515625 0.02734375 0.021484375
0 0.412109375 0.3671875 0.03125 0.0234375
0 0.3427734375 0.380859375 0.0390625 0.03125
0 0.318359375 0.400390625 0.037109375 0.029296875
0 0.2412109375 0.3974609375 0.03515625 0.025390625
0 0.2001953125 0.4013671875 0.02734375 0.017578125
0 0.1953125 0.416015625 0.0234375 0.01953125
0 0.2197265625 0.4443359375 0.03125 0.02734375
0 0.263671875 0.46875 0.03125 0.021484375
0 0.2294921875 0.48046875 0.03125 0.0234375
0 0.3154296875 0.5087890625 0.041015625 0.0234375
0 0.2958984375 0.5185546875 0.03125 0.021484375
0 0.1513671875 0.5126953125 0.03125 0.0234375
0 0.1376953125 0.4482421875 0.025390625 0.025390625
0 0.1064453125 0.4267578125 0.03125 0.021484375
0 0.099609375 0.453125 0.0234375 0.025390625
0 0.134765625 0.3310546875 0.03125 0.02734375
0 0.15625 0.24609375 0.03125 0.033203125
0 0.1767578125 0.1552734375 0.03125 0.02734375
0 0.349609375 0.087890625 0.046875 0.029296875
0 0.314453125 0.59375 0.0234375 0.01953125
0 0.3642578125 0.552734375 0.03515625 0.03125
0 0.4248046875 0.4736328125 0.029296875 0.0234375
0 0.3720703125 0.4609375 0.03125 0.021484375
0 0.3916015625 0.4658203125 0.0234375 0.01953125
0 0.400390625 0.5380859375 0.033203125 0.029296875
0 0.4033203125 0.5615234375 0.03125 0.025390625
0 0.408203125 0.5810546875 0.03125 0.021484375
0 0.3525390625 0.59375 0.025390625 0.025390625
0 0.30078125 0.6533203125 0.025390625 0.021484375
0 0.2607421875 0.640625 0.033203125 0.03125
0 0.25 0.625 0.029296875 0.0234375
0 0.1689453125 0.666015625 0.021484375 0.021484375
0 0.1376953125 0.6826171875 0.03125 0.0234375
0 0.076171875 0.6318359375 0.033203125 0.03125
0 0.0869140625 0.5859375 0.029296875 0.033203125
0 0.1611328125 0.7158203125 0.03515625 0.025390625
0 0.123046875 0.708984375 0.03125 0.017578125
0 0.0576171875 0.7119140625 0.03515625 0.0234375
0 0.2744140625 0.744140625 0.041015625 0.033203125
0 0.2587890625 0.7568359375 0.03125 0.0234375
0 0.345703125 0.724609375 0.025390625 0.0234375
0 0.2939453125 0.6806640625 0.03515625 0.025390625
0 0.3671875 0.697265625 0.0234375 0.017578125
0 0.36328125 0.71484375 0.0234375 0.017578125
0 0.806640625 0.7685546875 0.02734375 0.021484375
0 0.849609375 0.6552734375 0.02734375 0.021484375
0 0.6650390625 0.240234375 0.029296875 0.025390625
0 0.732421875 0.2705078125 0.02734375 0.021484375
0 0.7080078125 0.1455078125 0.03515625 0.02734375
0 0.314453125 0.009765625 0.02734375 0.01953125
0 0.21484375 0.0263671875 0.033203125 0.02734375
0 0.423828125 0.0166015625 0.029296875 0.025390625
0 0.4755859375 0.0419921875 0.029296875 0.025390625
0 0.498046875 0.0419921875 0.029296875 0.0234375
0 0.49609375 0.00390625 0.03125 0.0078125
0 0.1689453125 0.0634765625 0.025390625 0.0234375
0 0.8955078125 0.15234375 0.029296875 0.0234375
0 0.9658203125 0.1884765625 0.03515625 0.025390625
0 0.763671875 0.1025390625 0.02734375 0.021484375
0 0.6728515625 0.90625 0.0390625 0.033203125
0 0.6748046875 0.87890625 0.03515625 0.0234375
0 0.619140625 0.88671875 0.033203125 0.02734375
0 0.49609375 0.8466796875 0.033203125 0.03125
0 0.76953125 0.8544921875 0.033203125 0.0234375
0 0.7646484375 0.8955078125 0.025390625 0.025390625
0 0.2470703125 0.85546875 0.033203125 0.029296875
0 0.2197265625 0.865234375 0.0234375 0.01953125
0 0.140625 0.8759765625 0.033203125 0.02734375
0 0.091796875 0.7587890625 0.033203125 0.03125
0 0.060546875 0.736328125 0.025390625 0.021484375
0 0.0322265625 0.76953125 0.025390625 0.01953125
0 0.0419921875 0.8212890625 0.03515625 0.02734375
0 0.08984375 0.8056640625 0.02734375 0.017578125
0 0.34375 0.7734375 0.037109375 0.02734375
0 0.30859375 0.7685546875 0.03125 0.021484375
0 0.29296875 0.787109375 0.02734375 0.025390625
0 0.3046875 0.8017578125 0.033203125 0.03125
0 0.33203125 0.8388671875 0.03125 0.025390625
0 0.654296875 0.9736328125 0.021484375 0.021484375