0 0.75 0.83203125 0.033203125 0.048828125
0 0.70703125 0.806640625 0.025390625 0.041015625
0 0.7431640625 0.7353515625 0.025390625 0.0234375
0 0.70703125 0.630859375 0.021484375 0.025390625
0 0.6728515625 0.6708984375 0.015625 0.029296875
0 0.71484375 0.75 0.017578125 0.0234375
0 0.6982421875 0.732421875 0.01953125 0.02734375
0 0.662109375 0.8681640625 0.015625 0.01953125
0 0.654296875 0.8935546875 0.013671875 0.01953125
0 0.6337890625 0.869140625 0.01171875 0.01953125
0 0.6279296875 0.8955078125 0.013671875 0.0234375
0 0.5986328125 0.8701171875 0.01171875 0.01953125
0 0.5791015625 0.8583984375 0.017578125 0.01953125
0 0.583984375 0.8779296875 0.013671875 0.017578125
0 0.53515625 0.7890625 0.0234375 0.02734375
0 0.52734375 0.8037109375 0.0234375 0.02734375
0 0.625 0.6689453125 0.017578125 0.01953125
0 0.57421875 0.6748046875 0.015625 0.017578125
0 0.55859375 0.640625 0.017578125 0.025390625
0 0.515625 0.712890625 0.015625 0.021484375
0 0.478515625 0.7216796875 0.017578125 0.0234375
0 0.40625 0.82421875 0.0234375 0.03125
0 0.396484375 0.783203125 0.017578125 0.029296875
0 0.4306640625 0.83984375 0.017578125 0.029296875
0 0.5078125 0.595703125 0.01953125 0.025390625
0 0.58203125 0.5927734375 0.021484375 0.025390625
0 0.607421875 0.58984375 0.0234375 0.0234375
0 0.69921875 0.5859375 0.0234375 0.021484375
0 0.8115234375 0.6142578125 0.021484375 0.02734375
0 0.4267578125 0.67578125 0.01953125 0.01953125
0 0.4658203125 0.6044921875 0.017578125 0.01953125
0 0.453125 0.5986328125 0.015625 0.02734375
0 0.3916015625 0.623046875 0.021484375 0.0234375
0 0.36328125 0.6337890625 0.015625 0.0234375
0 0.3203125 0.6435546875 0.01171875 0.013671875
0 0.2939453125 0.763671875 0.015625 0.02734375
0 0.2900390625 0.794921875 0.01953125 0.0234375
0 0.3388671875 0.8447265625 0.021484375 0.0234375
0 0.2587890625 0.7890625 0.021484375 0.033203125
0 0.22265625 0.7392578125 0.021484375 0.029296875
0 0.2470703125 0.8154296875 0.021484375 0.033203125
0 0.2822265625 0.640625 0.02734375 0.03125
0 0.31640625 0.599609375 0.0234375 0.0234375
0 0.26953125 0.6787109375 0.021484375 0.025390625
0 0.6767578125 0.326171875 0.03125 0.0390625
0 0.7451171875 0.263671875 0.025390625 0.02734375
0 0.7197265625 0.2138671875 0.0234375 0.029296875
0 0.7021484375 0.2060546875 0.017578125 0.025390625
0 0.763671875 0.166015625 0.025390625 0.033203125
0 0.7861328125 0.3076171875 0.01953125 0.025390625
0 0.8291015625 0.2626953125 0.025390625 0.02734375
0 0.794921875 0.3388671875 0.021484375 0.029296875
0 0.8056640625 0.3642578125 0.015625 0.02734375
0 0.8369140625 0.3955078125 0.021484375 0.0234375
0 0.728515625 0.375 0.017578125 0.0234375
0 0.66015625 0.3662109375 0.021484375 0.02734375
0 0.6767578125 0.3955078125 0.01953125 0.02734375
0 0.6357421875 0.390625 0.01953125 0.01953125
0 0.6123046875 0.3671875 0.017578125 0.02734375
0 0.5986328125 0.3759765625 0.01953125 0.029296875
0 0.564453125 0.3134765625 0.029296875 0.037109375
0 0.5380859375 0.296875 0.02734375 0.03515625
0 0.517578125 0.22265625 0.021484375 0.033203125
0 0.5009765625 0.1845703125 0.015625 0.02734375
0 0.4853515625 0.1845703125 0.017578125 0.0234375
0 0.4658203125 0.2158203125 0.0234375 0.03125
0 0.45703125 0.265625 0.01953125 0.03125
0 0.4345703125 0.236328125 0.021484375 0.029296875
0 0.4345703125 0.3271484375 0.01953125 0.041015625
0 0.4189453125 0.3125 0.01953125 0.03125
0 0.3798828125 0.1728515625 0.021484375 0.029296875
0 0.4375 0.1396484375 0.0234375 0.0234375
0 0.4482421875 0.1025390625 0.017578125 0.029296875
0 0.4208984375 0.1044921875 0.0234375 0.021484375
0 0.546875 0.1005859375 0.0234375 0.03125
0 0.634765625 0.0947265625 0.03125 0.02734375
0 0.728515625 0.0859375 0.0234375 0.03125
0 0.845703125 0.2294921875 0.025390625 0.046875
0 0.353515625 0.3525390625 0.017578125 0.0234375
0 0.4072265625 0.38671875 0.029296875 0.033203125
0 0.5009765625 0.419921875 0.021484375 0.02734375
0 0.498046875 0.3662109375 0.017578125 0.029296875
0 0.4990234375 0.3857421875 0.017578125 0.0234375
0 0.43359375 0.4169921875 0.025390625 0.03125
0 0.412109375 0.4267578125 0.0234375 0.03125
0 0.39453125 0.4375 0.017578125 0.029296875
0 0.365234375 0.388671875 0.0234375 0.0234375
0 0.29296875 0.357421875 0.01953125 0.0234375
0 0.2919921875 0.3154296875 0.02734375 0.03125
0 0.3046875 0.30078125 0.021484375 0.02734375
0 0.2392578125 0.236328125 0.01953125 0.01953125
0 0.21484375 0.2119140625 0.021484375 0.029296875
0 0.244140625 0.13671875 0.02734375 0.03125
0 0.291015625 0.1337890625 0.03125 0.025390625
0 0.1904296875 0.244140625 0.021484375 0.033203125
0 0.1845703125 0.2060546875 0.015625 0.029296875
0 0.162109375 0.14453125 0.021484375 0.03515625
0 0.197265625 0.361328125 0.029296875 0.0390625
0 0.1806640625 0.349609375 0.021484375 0.029296875
0 0.23828125 0.4228515625 0.021484375 0.0234375
0 0.2646484375 0.359375 0.021484375 0.033203125
0 0.271484375 0.4345703125 0.015625 0.021484375
0 0.25390625 0.4365234375 0.015625 0.0234375
0 0.3388671875 0.8740234375 0.017578125 0.02734375
0 0.4599609375 0.8798828125 0.017578125 0.02734375
0 0.7978515625 0.5771484375 0.0234375 0.02734375
0 0.7900390625 0.650390625 0.017578125 0.02734375
0 0.9013671875 0.5888671875 0.025390625 0.033203125
0 0.9111328125 0.171875 0.0234375 0.025390625
0 0.8623046875 0.08203125 0.025390625 0.03125
0 0.9365234375 0.2783203125 0.0234375 0.02734375
0 0.9287109375 0.3349609375 0.0234375 0.02734375
0 0.9345703125 0.357421875 0.021484375 0.02734375
0 0.9775390625 0.341796875 0.01953125 0.029296875
0 0.8134765625 0.0498046875 0.021484375 0.0234375
0 0.9521484375 0.7685546875 0.021484375 0.02734375
0 0.9404296875 0.8466796875 0.021484375 0.033203125
0 0.958984375 0.62890625 0.017578125 0.02734375
0 0.1669921875 0.7900390625 0.029296875 0.037109375
0 0.1943359375 0.783203125 0.021484375 0.033203125
0 0.1689453125 0.7333984375 0.025390625 0.03125
0 0.1689453125 0.603515625 0.02734375 0.03125
0 0.24609375 0.8662109375 0.021484375 0.03125
0 0.205078125 0.8740234375 0.0234375 0.0234375
0 0.083984375 0.369140625 0.02734375 0.03125
0 0.0654296875 0.3466796875 0.017578125 0.0234375
0 0.03125 0.2744140625 0.025390625 0.03125
0 0.1279296875 0.19140625 0.02734375 0.03125
0 0.1396484375 0.1552734375 0.01953125 0.0234375
0 0.0986328125 0.138671875 0.017578125 0.025390625
0 0.0537109375 0.1640625 0.025390625 0.033203125
0 0.08203125 0.2041015625 0.015625 0.02734375
0 0.19140625 0.4365234375 0.025390625 0.03515625
0 0.185546875 0.4013671875 0.017578125 0.029296875
0 0.1630859375 0.392578125 0.0234375 0.025390625
0 0.15234375 0.408203125 0.02734375 0.03125
0 0.1259765625 0.4453125 0.0234375 0.03125
0 0.0966796875 0.79296875 0.01953125 0.01953125