0 0.4033203125 0.4228515625 0.0234375 0.021484375
0 0.4892578125 0.3603515625 0.02734375 0.0234375
0 0.4404296875 0.48046875 0.02734375 0.02734375
0 0.392578125 0.5029296875 0.025390625 0.01953125
0 0.3623046875 0.5771484375 0.033203125 0.029296875
0 0.306640625 0.5830078125 0.029296875 0.0234375
0 0.279296875 0.6181640625 0.025390625 0.025390625
0 0.47265625 0.5283203125 0.021484375 0.021484375
0 0.56640625 0.498046875 0.025390625 0.01953125
0 0.587890625 0.4853515625 0.02734375 0.0234375
0 0.6005859375 0.5078125 0.025390625 0.025390625
0 0.5732421875 0.5146484375 0.03125 0.021484375
0 0.68359375 0.5380859375 0.0234375 0.0234375
0 0.693359375 0.5537109375 0.025390625 0.025390625
0 0.6982421875 0.5849609375 0.025390625 0.01953125
0 0.6181640625 0.5791015625 0.029296875 0.02734375
0 0.6484375 0.58203125 0.02734375 0.025390625
0 0.603515625 0.611328125 0.0234375 0.01953125
0 0.6201171875 0.6025390625 0.025390625 0.0234375
0 0.5849609375 0.6259765625 0.0234375 0.017578125
0 0.615234375 0.6396484375 0.0234375 0.021484375
0 0.6171875 0.669921875 0.025390625 0.025390625
0 0.6064453125 0.3984375 0.021484375 0.021484375
0 0.6103515625 0.3828125 0.017578125 0.017578125
0 0.591796875 0.3681640625 0.03125 0.02734375
0 0.52734375 0.3671875 0.02734375 0.0234375
0 0.5302734375 0.4345703125 0.0234375 0.021484375
0 0.556640625 0.44140625 0.033203125 0.02734375
0 0.64453125 0.4736328125 0.021484375 0.021484375
0 0.654296875 0.498046875 0.025390625 0.025390625
0 0.6650390625 0.4404296875 0.025390625 0.017578125
0 0.6337890625 0.443359375 0.0234375 0.017578125
0 0.607421875 0.44921875 0.021484375 0.01953125
0 0.611328125 0.4130859375 0.01953125 0.015625
0 0.6904296875 0.6533203125 0.025390625 0.01953125
0 0.705078125 0.66796875 0.0234375 0.01953125
0 0.7490234375 0.6611328125 0.02734375 0.01953125
0 0.775390625 0.638671875 0.025390625 0.01953125