0 0.404296875 0.421875 0.0234375 0.021484375
0 0.4921875 0.3603515625 0.02734375 0.0234375
0 0.4404296875 0.4794921875 0.02734375 0.02734375
0 0.392578125 0.5009765625 0.0234375 0.01953125
0 0.361328125 0.57421875 0.033203125 0.029296875
0 0.3056640625 0.5791015625 0.029296875 0.0234375
0 0.27734375 0.6142578125 0.0234375 0.0234375
0 0.4716796875 0.5283203125 0.021484375 0.021484375
0 0.56640625 0.4990234375 0.025390625 0.017578125
0 0.587890625 0.4873046875 0.02734375 0.0234375
0 0.6005859375 0.509765625 0.0234375 0.0234375
0 0.5732421875 0.5166015625 0.03125 0.021484375
0 0.6826171875 0.541015625 0.0234375 0.021484375
0 0.6923828125 0.556640625 0.0234375 0.0234375
0 0.6962890625 0.587890625 0.025390625 0.01953125
0 0.6171875 0.5810546875 0.029296875 0.025390625
0 0.646484375 0.5849609375 0.02734375 0.025390625
0 0.6015625 0.61328125 0.0234375 0.01953125
0 0.6181640625 0.6044921875 0.025390625 0.0234375
0 0.5830078125 0.626953125 0.0234375 0.017578125
0 0.61328125 0.6416015625 0.0234375 0.021484375
0 0.6142578125 0.671875 0.025390625 0.025390625
0 0.6083984375 0.400390625 0.021484375 0.021484375
0 0.6123046875 0.384765625 0.017578125 0.017578125
0 0.59375 0.3701171875 0.029296875 0.02734375
0 0.5302734375 0.3681640625 0.02734375 0.0234375
0 0.53125 0.435546875 0.0234375 0.021484375
0 0.5576171875 0.4423828125 0.033203125 0.025390625
0 0.64453125 0.4765625 0.021484375 0.021484375
0 0.654296875 0.5009765625 0.0234375 0.0234375
0 0.666015625 0.443359375 0.025390625 0.017578125
0 0.634765625 0.4453125 0.0234375 0.017578125
0 0.6083984375 0.451171875 0.021484375 0.01953125
0 0.6123046875 0.4150390625 0.01953125 0.015625
0 0.6884765625 0.65625 0.025390625 0.01953125
0 0.7021484375 0.671875 0.0234375 0.01953125
0 0.74609375 0.6650390625 0.02734375 0.01953125
0 0.7734375 0.6435546875 0.0234375 0.01953125