0 0.583984375 0.4091796875 0.021484375 0.01953125
0 0.48828125 0.3603515625 0.025390625 0.01953125
0 0.5556640625 0.4716796875 0.025390625 0.025390625
0 0.6064453125 0.486328125 0.0234375 0.017578125
0 0.6474609375 0.5546875 0.029296875 0.025390625
0 0.7041015625 0.5517578125 0.02734375 0.01953125
0 0.736328125 0.58203125 0.021484375 0.021484375
0 0.53125 0.5234375 0.01953125 0.01953125
0 0.43359375 0.5078125 0.0234375 0.015625
0 0.4111328125 0.5 0.025390625 0.01953125
0 0.4013671875 0.5234375 0.021484375 0.021484375
0 0.4296875 0.5263671875 0.03125 0.017578125
0 0.3251953125 0.56640625 0.021484375 0.01953125
0 0.3173828125 0.5830078125 0.021484375 0.021484375
0 0.3173828125 0.6142578125 0.025390625 0.017578125
0 0.3955078125 0.5966796875 0.02734375 0.0234375
0 0.3662109375 0.6044921875 0.025390625 0.021484375
0 0.4150390625 0.6259765625 0.021484375 0.017578125
0 0.3974609375 0.6201171875 0.0234375 0.01953125
0 0.435546875 0.6376953125 0.021484375 0.013671875
0 0.408203125 0.65625 0.021484375 0.01953125
0 0.41015625 0.6865234375 0.021484375 0.0234375
0 0.37890625 0.416015625 0.01953125 0.01953125
0 0.373046875 0.4013671875 0.015625 0.015625
0 0.388671875 0.384765625 0.02734375 0.0234375
0 0.4521484375 0.373046875 0.025390625 0.01953125
0 0.4599609375 0.4404296875 0.021484375 0.01953125
0 0.4345703125 0.451171875 0.03125 0.0234375
0 0.353515625 0.4970703125 0.01953125 0.01953125
0 0.34765625 0.5224609375 0.021484375 0.021484375
0 0.328125 0.4677734375 0.0234375 0.013671875
0 0.3583984375 0.46484375 0.021484375 0.013671875
0 0.3857421875 0.466796875 0.01953125 0.017578125
0 0.376953125 0.431640625 0.017578125 0.013671875
0 0.3359375 0.681640625 0.025390625 0.017578125
0 0.3232421875 0.6982421875 0.021484375 0.017578125
0 0.279296875 0.6982421875 0.025390625 0.015625
0 0.25 0.6806640625 0.0234375 0.017578125