0 0.4951171875 0.5478515625 0.0390625 0.044921875
0 0.4912109375 0.400390625 0.033203125 0.04296875
0 0.3779296875 0.3984375 0.0390625 0.048828125
0 0.3828125 0.5400390625 0.037109375 0.048828125
0 0.4794921875 0.11328125 0.033203125 0.03515625
0 0.5234375 0.01171875 0.033203125 0.0234375
0 0.48046875 0.8505859375 0.0390625 0.0390625
0 0.48828125 0.7978515625 0.02734375 0.03515625
0 0.5234375 0.85546875 0.03515625 0.0390625
0 0.416015625 0.84375 0.029296875 0.03515625
0 0.3681640625 0.8388671875 0.03125 0.033203125
0 0.4287109375 0.9365234375 0.033203125 0.037109375
0 0.6240234375 0.8515625 0.03125 0.0390625
0 0.5966796875 0.84765625 0.029296875 0.033203125