0 0.49609375 0.3662109375 0.021484375 0.021484375
0 0.529296875 0.396484375 0.015625 0.0234375
0 0.533203125 0.423828125 0.015625 0.0234375
0 0.5537109375 0.3583984375 0.015625 0.01953125
0 0.5341796875 0.345703125 0.01953125 0.0234375
0 0.5751953125 0.3427734375 0.01953125 0.02734375
0 0.578125 0.4140625 0.01953125 0.021484375
0 0.5986328125 0.484375 0.017578125 0.01953125
0 0.611328125 0.5654296875 0.015625 0.0234375
0 0.544921875 0.607421875 0.017578125 0.013671875
0 0.4873046875 0.349609375 0.015625 0.017578125
0 0.4755859375 0.2880859375 0.015625 0.015625
0 0.49609375 0.2724609375 0.015625 0.017578125
0 0.4658203125 0.4326171875 0.021484375 0.021484375
0 0.4677734375 0.568359375 0.0234375 0.021484375
0 0.4560546875 0.3720703125 0.01953125 0.0234375
0 0.4736328125 0.4033203125 0.015625 0.017578125