1 0.361328125 0.435546875 0.05078125 0.060546875
1 0.3837890625 0.5244140625 0.0625 0.111328125
1 0.4326171875 0.517578125 0.068359375 0.11328125
1 0.4541015625 0.443359375 0.0234375 0.046875
1 0.4775390625 0.4716796875 0.0234375 0.01953125
1 0.4814453125 0.4990234375 0.046875 0.02734375
1 0.4765625 0.5390625 0.0234375 0.04296875
1 0.5107421875 0.529296875 0.021484375 0.048828125
1 0.486328125 0.4404296875 0.025390625 0.044921875
1 0.51953125 0.4501953125 0.033203125 0.06640625
1 0.5419921875 0.517578125 0.056640625 0.05859375
1 0.5732421875 0.451171875 0.056640625 0.125
1 0.4951171875 0.3642578125 0.044921875 0.0625
1 0.453125 0.3671875 0.05078125 0.0625
1 0.4150390625 0.3759765625 0.037109375 0.060546875