0 0.3173828125 0.3212890625 0.044921875 0.04296875
0 0.4697265625 0.4013671875 0.041015625 0.037109375
0 0.5478515625 0.4228515625 0.044921875 0.05078125
0 0.5224609375 0.501953125 0.056640625 0.06640625
0 0.55078125 0.5927734375 0.048828125 0.048828125
0 0.6416015625 0.505859375 0.048828125 0.048828125
0 0.6591796875 0.439453125 0.04296875 0.048828125
0 0.609375 0.41015625 0.046875 0.046875
0 0.626953125 0.35546875 0.033203125 0.041015625
0 0.6806640625 0.31640625 0.041015625 0.0390625
0 0.62890625 0.2490234375 0.03515625 0.03515625
0 0.6806640625 0.2705078125 0.03125 0.037109375
0 0.71875 0.28125 0.037109375 0.041015625
0 0.75 0.2939453125 0.033203125 0.037109375
0 0.68359375 0.2255859375 0.041015625 0.037109375
0 0.7685546875 0.2177734375 0.03515625 0.03515625
0 0.828125 0.306640625 0.041015625 0.041015625
0 0.84375 0.2783203125 0.0390625 0.033203125
0 0.7216796875 0.419921875 0.041015625 0.037109375
0 0.6806640625 0.384765625 0.033203125 0.033203125
0 0.76953125 0.4052734375 0.03515625 0.03515625
0 0.7490234375 0.4609375 0.03125 0.03515625
0 0.765625 0.5126953125 0.03125 0.03125
0 0.7861328125 0.4951171875 0.044921875 0.048828125
0 0.77734375 0.5693359375 0.0390625 0.041015625
0 0.8994140625 0.4921875 0.041015625 0.046875
0 0.6162109375 0.6181640625 0.0390625 0.03515625
0 0.8173828125 0.349609375 0.03515625 0.037109375
0 0.560546875 0.2060546875 0.041015625 0.037109375
0 0.5830078125 0.1845703125 0.03515625 0.03515625
0 0.5517578125 0.16796875 0.037109375 0.041015625
0 0.3173828125 0.66015625 0.041015625 0.05078125
0 0.07421875 0.5537109375 0.033203125 0.037109375
0 0.1611328125 0.15234375 0.033203125 0.041015625
0 0.2529296875 0.1162109375 0.0390625 0.041015625
0 0.240234375 0.0361328125 0.044921875 0.044921875
0 0.2734375 0.7646484375 0.046875 0.052734375