0 0.5078125 0.3662109375 0.01953125 0.01953125
0 0.5380859375 0.3994140625 0.013671875 0.0234375
0 0.5400390625 0.4267578125 0.013671875 0.0234375
0 0.5654296875 0.3642578125 0.013671875 0.01953125
0 0.5478515625 0.3486328125 0.017578125 0.0234375
0 0.5888671875 0.349609375 0.017578125 0.02734375
0 0.5849609375 0.4208984375 0.017578125 0.01953125
0 0.599609375 0.4931640625 0.017578125 0.01953125
0 0.60546875 0.5751953125 0.013671875 0.0234375
0 0.53515625 0.6103515625 0.015625 0.01171875
0 0.5009765625 0.3486328125 0.013671875 0.017578125
0 0.494140625 0.287109375 0.013671875 0.015625
0 0.5166015625 0.2734375 0.013671875 0.017578125
0 0.47265625 0.4296875 0.01953125 0.01953125
0 0.4619140625 0.5654296875 0.0234375 0.01953125
0 0.466796875 0.3681640625 0.017578125 0.0234375
0 0.482421875 0.4013671875 0.013671875 0.017578125