1 0.6083984375 0.4052734375 0.05078125 0.056640625
1 0.6220703125 0.501953125 0.064453125 0.1171875
1 0.5615234375 0.4716796875 0.04296875 0.0390625
1 0.576171875 0.53515625 0.0625 0.095703125
1 0.525390625 0.4482421875 0.02734375 0.044921875
1 0.5126953125 0.486328125 0.01953125 0.013671875
1 0.525390625 0.5087890625 0.037109375 0.025390625
1 0.5400390625 0.546875 0.03125 0.046875
1 0.4951171875 0.45703125 0.033203125 0.052734375
1 0.50390625 0.5419921875 0.029296875 0.072265625
1 0.46875 0.4775390625 0.03515625 0.072265625
1 0.470703125 0.5478515625 0.05859375 0.068359375
1 0.4169921875 0.4990234375 0.060546875 0.130859375
1 0.455078125 0.3896484375 0.041015625 0.064453125
1 0.494140625 0.3759765625 0.046875 0.0625
1 0.537109375 0.369140625 0.041015625 0.060546875