1 0.376953125 0.404296875 0.0419921875 0.04296875
1 0.3828125 0.4951171875 0.048828125 0.1044921875
1 0.435546875 0.45703125 0.03515625 0.0341796875
1 0.4326171875 0.51171875 0.044921875 0.064453125
1 0.46484375 0.427734375 0.0185546875 0.03515625
1 0.4853515625 0.455078125 0.0185546875 0.01171875
1 0.4775390625 0.484375 0.033203125 0.01953125
1 0.470703125 0.521484375 0.0146484375 0.037109375
1 0.498046875 0.427734375 0.0166015625 0.0390625
1 0.5029296875 0.4970703125 0.0166015625 0.0517578125
1 0.52734375 0.4423828125 0.0244140625 0.0654296875
1 0.5400390625 0.5146484375 0.044921875 0.0537109375
1 0.5830078125 0.451171875 0.0380859375 0.1162109375
1 0.5234375 0.353515625 0.033203125 0.0556640625
1 0.482421875 0.3544921875 0.0380859375 0.041015625
1 0.4384765625 0.3515625 0.02734375 0.052734375
1 0.39453125 0.328125 0.0185546875 0.015625