1 0.3564453125 0.4326171875 0.015625 0.02734375
1 0.3505859375 0.529296875 0.03515625 0.11328125
1 0.3857421875 0.494140625 0.046875 0.044921875
1 0.3798828125 0.5458984375 0.041015625 0.044921875
1 0.435546875 0.49609375 0.05078125 0.064453125
1 0.427734375 0.55859375 0.04296875 0.046875
1 0.48046875 0.5068359375 0.04296875 0.044921875
1 0.4736328125 0.556640625 0.041015625 0.052734375
1 0.525390625 0.4970703125 0.03125 0.0390625
1 0.5205078125 0.5498046875 0.015625 0.02734375
1 0.4501953125 0.40234375 0.048828125 0.0703125