1 0.6318359375 0.40234375 0.048828125 0.046875
1 0.62109375 0.4970703125 0.0546875 0.103515625
1 0.5693359375 0.453125 0.04296875 0.033203125
1 0.5693359375 0.505859375 0.052734375 0.0703125
1 0.5439453125 0.419921875 0.013671875 0.041015625
1 0.5205078125 0.4501953125 0.015625 0.015625
1 0.525390625 0.4755859375 0.03125 0.021484375
1 0.5302734375 0.515625 0.01953125 0.037109375
1 0.51171875 0.4228515625 0.021484375 0.037109375
1 0.4990234375 0.49609375 0.021484375 0.07421875
1 0.48046875 0.4326171875 0.02734375 0.060546875
1 0.4736328125 0.501953125 0.033203125 0.05078125
1 0.447265625 0.5 0.0234375 0.0546875
1 0.4228515625 0.439453125 0.0390625 0.1171875
1 0.490234375 0.353515625 0.03125 0.029296875
1 0.5361328125 0.3447265625 0.02734375 0.009765625
1 0.572265625 0.3583984375 0.02734375 0.03515625