1 0.6171875 0.38671875 0.04296875 0.046875
1 0.6201171875 0.478515625 0.052734375 0.107421875
1 0.5625 0.4443359375 0.0390625 0.0390625
1 0.5693359375 0.5009765625 0.052734375 0.07421875
1 0.52734375 0.416015625 0.021484375 0.046875
1 0.5126953125 0.451171875 0.015625 0.009765625
1 0.5205078125 0.4736328125 0.033203125 0.025390625
1 0.5322265625 0.513671875 0.01953125 0.046875
1 0.49609375 0.421875 0.021484375 0.046875
1 0.4970703125 0.5048828125 0.0234375 0.078125
1 0.4677734375 0.435546875 0.029296875 0.06640625
1 0.47265625 0.509765625 0.02734375 0.056640625
1 0.4482421875 0.513671875 0.01953125 0.0546875
1 0.4150390625 0.4541015625 0.041015625 0.12109375
1 0.46484375 0.353515625 0.037109375 0.0546875
1 0.5068359375 0.3525390625 0.0390625 0.0390625
1 0.548828125 0.345703125 0.029296875 0.048828125