0 0.5634765625 0.8251953125 0.03125 0.041015625
0 0.6298828125 0.78125 0.015625 0.025390625
0 0.5498046875 0.5927734375 0.025390625 0.0234375
0 0.5478515625 0.5693359375 0.021484375 0.01953125
0 0.5458984375 0.5498046875 0.017578125 0.021484375
0 0.5400390625 0.5361328125 0.021484375 0.025390625
0 0.4619140625 0.576171875 0.025390625 0.025390625
0 0.3720703125 0.5810546875 0.025390625 0.0234375
0 0.2939453125 0.58203125 0.021484375 0.0234375
0 0.2861328125 0.5244140625 0.017578125 0.01953125
0 0.244140625 0.5703125 0.01953125 0.0234375
0 0.220703125 0.58203125 0.025390625 0.0234375
0 0.1494140625 0.5927734375 0.025390625 0.0234375
0 0.169921875 0.576171875 0.021484375 0.025390625
0 0.2080078125 0.4189453125 0.025390625 0.0234375
0 0.5322265625 0.359375 0.021484375 0.021484375
0 0.4384765625 0.6728515625 0.021484375 0.025390625
0 0.251953125 0.3955078125 0.017578125 0.017578125