0 0.7900390625 0.4609375 0.072265625 0.078125
0 0.76171875 0.4111328125 0.046875 0.048828125
0 0.9287109375 0.39453125 0.0390625 0.044921875
0 0.9482421875 0.435546875 0.04296875 0.048828125
0 0.9482421875 0.3515625 0.0390625 0.05078125
0 0.896484375 0.3603515625 0.046875 0.044921875
0 0.91015625 0.435546875 0.04296875 0.05078125
0 0.7451171875 0.5 0.03515625 0.04296875
0 0.7587890625 0.37109375 0.0390625 0.037109375
0 0.783203125 0.3017578125 0.04296875 0.048828125
0 0.6650390625 0.4033203125 0.046875 0.05859375
0 0.6455078125 0.4404296875 0.0390625 0.05078125
0 0.4931640625 0.455078125 0.05859375 0.06640625
0 0.5458984375 0.453125 0.037109375 0.05078125
0 0.43359375 0.56640625 0.05078125 0.05859375
0 0.408203125 0.5048828125 0.046875 0.060546875
0 0.41015625 0.44140625 0.048828125 0.06640625
0 0.37890625 0.3896484375 0.046875 0.07421875
0 0.30859375 0.3837890625 0.052734375 0.07421875
0 0.2939453125 0.501953125 0.05078125 0.060546875
0 0.361328125 0.466796875 0.052734375 0.064453125
0 0.3359375 0.560546875 0.048828125 0.06640625
0 0.625 0.560546875 0.04296875 0.044921875
0 0.580078125 0.4990234375 0.048828125 0.060546875
0 0.5595703125 0.5478515625 0.04296875 0.052734375
0 0.5146484375 0.556640625 0.044921875 0.05078125
0 0.21484375 0.5546875 0.048828125 0.06640625
0 0.19140625 0.3984375 0.05859375 0.080078125