0 0.578125 0.0390625 0.02734375 0.025390625
0 0.5390625 0.0400390625 0.025390625 0.025390625
0 0.560546875 0.0224609375 0.021484375 0.02734375
0 0.51171875 0.046875 0.037109375 0.03515625
0 0.5048828125 0.0849609375 0.021484375 0.029296875
0 0.5556640625 0.07421875 0.03515625 0.029296875
0 0.5595703125 0.1474609375 0.0234375 0.02734375
0 0.5537109375 0.1767578125 0.025390625 0.02734375
0 0.609375 0.1796875 0.03125 0.025390625
0 0.6083984375 0.240234375 0.02734375 0.02734375
0 0.6015625 0.3037109375 0.017578125 0.013671875
0 0.5966796875 0.33984375 0.021484375 0.0234375
0 0.544921875 0.3076171875 0.02734375 0.025390625
0 0.55078125 0.240234375 0.021484375 0.0234375
0 0.5048828125 0.1904296875 0.021484375 0.03515625
0 0.470703125 0.2001953125 0.025390625 0.037109375
0 0.466796875 0.28515625 0.025390625 0.02734375
0 0.501953125 0.2998046875 0.021484375 0.02734375
0 0.4619140625 0.359375 0.025390625 0.02734375
0 0.4970703125 0.388671875 0.02734375 0.025390625
0 0.53125 0.3955078125 0.03125 0.0234375
0 0.5380859375 0.3583984375 0.025390625 0.03125
0 0.6025390625 0.40234375 0.021484375 0.033203125
0 0.5947265625 0.4306640625 0.0234375 0.021484375
0 0.58984375 0.4716796875 0.017578125 0.02734375
0 0.6259765625 0.4794921875 0.025390625 0.02734375
0 0.60546875 0.5302734375 0.01953125 0.0234375
0 0.5791015625 0.5107421875 0.0234375 0.02734375
0 0.556640625 0.5712890625 0.021484375 0.0234375
0 0.5439453125 0.5390625 0.025390625 0.0234375
0 0.533203125 0.505859375 0.021484375 0.03125
0 0.5146484375 0.521484375 0.021484375 0.02734375
0 0.498046875 0.53515625 0.025390625 0.02734375
0 0.46484375 0.5146484375 0.025390625 0.03125
0 0.4892578125 0.4765625 0.01953125 0.025390625
0 0.505859375 0.4384765625 0.021484375 0.021484375
0 0.5322265625 0.4462890625 0.025390625 0.029296875
0 0.5556640625 0.4462890625 0.029296875 0.033203125
0 0.431640625 0.4189453125 0.0234375 0.029296875
0 0.3935546875 0.4326171875 0.025390625 0.029296875
0 0.431640625 0.32421875 0.025390625 0.03125
0 0.3916015625 0.3466796875 0.021484375 0.03125
0 0.3544921875 0.328125 0.029296875 0.029296875
0 0.34375 0.392578125 0.033203125 0.044921875
0 0.359375 0.2275390625 0.02734375 0.02734375
0 0.3974609375 0.25390625 0.03515625 0.03515625
0 0.4326171875 0.197265625 0.0234375 0.02734375
0 0.4072265625 0.1328125 0.025390625 0.03125
0 0.3701171875 0.1279296875 0.025390625 0.03125
0 0.5791015625 0.5859375 0.021484375 0.021484375
0 0.578125 0.6435546875 0.0234375 0.021484375
0 0.576171875 0.6904296875 0.017578125 0.01953125
0 0.5751953125 0.7138671875 0.0234375 0.0234375
0 0.5771484375 0.763671875 0.017578125 0.0234375
0 0.546875 0.7138671875 0.0234375 0.03125
0 0.52734375 0.716796875 0.017578125 0.021484375
0 0.5126953125 0.7041015625 0.015625 0.0234375
0 0.5458984375 0.666015625 0.017578125 0.0234375
0 0.5439453125 0.6416015625 0.0234375 0.0234375
0 0.5380859375 0.6220703125 0.01953125 0.029296875
0 0.5263671875 0.6513671875 0.021484375 0.0234375
0 0.5078125 0.63671875 0.015625 0.0234375
0 0.498046875 0.6591796875 0.021484375 0.025390625
0 0.484375 0.6572265625 0.015625 0.025390625
0 0.5 0.73828125 0.025390625 0.03125
0 0.486328125 0.72265625 0.025390625 0.02734375
0 0.501953125 0.7861328125 0.025390625 0.0234375
0 0.4931640625 0.5986328125 0.021484375 0.021484375
0 0.478515625 0.60546875 0.021484375 0.021484375
0 0.4599609375 0.5927734375 0.021484375 0.0234375