1 0.3740234375 0.419921875 0.037109375 0.0615234375
1 0.3818359375 0.513671875 0.044921875 0.0986328125
1 0.4345703125 0.4697265625 0.037109375 0.0283203125
1 0.431640625 0.5283203125 0.0439453125 0.0771484375
1 0.46484375 0.4365234375 0.015625 0.048828125
1 0.484375 0.47265625 0.017578125 0.0078125
1 0.474609375 0.49609375 0.0322265625 0.021484375
1 0.4697265625 0.5361328125 0.0146484375 0.0380859375
1 0.498046875 0.443359375 0.0166015625 0.0361328125
1 0.5029296875 0.5234375 0.013671875 0.0810546875
1 0.525390625 0.458984375 0.0205078125 0.06640625
1 0.5380859375 0.5302734375 0.0458984375 0.0419921875
1 0.580078125 0.46875 0.02734375 0.1181640625
1 0.5224609375 0.37109375 0.0302734375 0.0556640625
1 0.4833984375 0.369140625 0.03515625 0.046875
1 0.439453125 0.365234375 0.0244140625 0.0517578125