0 0.1630859375 0.921875 0.056640625 0.056640625
0 0.1826171875 0.5537109375 0.02734375 0.03515625
0 0.24609375 0.71484375 0.044921875 0.041015625
0 0.2470703125 0.8642578125 0.03515625 0.04296875
0 0.3125 0.8896484375 0.037109375 0.041015625
0 0.58984375 0.580078125 0.03515625 0.048828125
0 0.576171875 0.232421875 0.04296875 0.046875
0 0.623046875 0.22265625 0.056640625 0.046875
0 0.7001953125 0.2958984375 0.048828125 0.05078125
0 0.7197265625 0.2236328125 0.04296875 0.048828125
0 0.83984375 0.2412109375 0.044921875 0.052734375
0 0.83984375 0.34765625 0.046875 0.056640625
0 0.759765625 0.396484375 0.041015625 0.0390625
0 0.7900390625 0.4248046875 0.0546875 0.04296875
0 0.4970703125 0.87890625 0.0390625 0.04296875
0 0.529296875 0.818359375 0.044921875 0.052734375
0 0.4892578125 0.9658203125 0.03515625 0.04296875
0 0.525390625 0.45703125 0.0390625 0.0390625
0 0.7431640625 0.6181640625 0.046875 0.03515625
0 0.111328125 0.5791015625 0.037109375 0.0390625
0 0.298828125 0.5888671875 0.041015625 0.044921875
0 0.38671875 0.9091796875 0.0390625 0.0390625
0 0.1572265625 0.3701171875 0.041015625 0.037109375
0 0.1982421875 0.2861328125 0.04296875 0.037109375
0 0.16796875 0.287109375 0.037109375 0.033203125
0 0.1923828125 0.5205078125 0.037109375 0.02734375
0 0.408203125 0.326171875 0.0390625 0.037109375
0 0.125 0.185546875 0.041015625 0.046875