1 0.34765625 0.443359375 0.0146484375 0.0205078125
1 0.35546875 0.537109375 0.01953125 0.1201171875
1 0.384765625 0.5009765625 0.0341796875 0.037109375
1 0.3876953125 0.556640625 0.0322265625 0.0478515625
1 0.4326171875 0.4931640625 0.0439453125 0.056640625
1 0.4365234375 0.5625 0.041015625 0.0537109375
1 0.4794921875 0.4931640625 0.0390625 0.04296875
1 0.4833984375 0.5498046875 0.0361328125 0.0537109375
1 0.521484375 0.482421875 0.0283203125 0.0263671875
1 0.5224609375 0.5380859375 0.0234375 0.0380859375
1 0.4384765625 0.4267578125 0.04296875 0.0224609375