1 0.337890625 0.48828125 0.0234375 0.029296875
1 0.3720703125 0.580078125 0.05078125 0.12890625
1 0.388671875 0.5380859375 0.04296875 0.04296875
1 0.40625 0.587890625 0.046875 0.05859375
1 0.4345703125 0.513671875 0.05859375 0.0703125
1 0.453125 0.57421875 0.05078125 0.052734375
1 0.4814453125 0.5009765625 0.046875 0.048828125
1 0.4951171875 0.556640625 0.048828125 0.05859375
1 0.5185546875 0.478515625 0.029296875 0.03515625
1 0.5341796875 0.525390625 0.029296875 0.03125
1 0.416015625 0.4267578125 0.056640625 0.0703125