1 0.6416015625 0.4404296875 0.0546875 0.0625
1 0.6162109375 0.52734375 0.068359375 0.107421875
1 0.572265625 0.4755859375 0.046875 0.048828125
1 0.5625 0.529296875 0.060546875 0.083984375
1 0.5458984375 0.439453125 0.025390625 0.046875
1 0.5146484375 0.4384765625 0.029296875 0.048828125
1 0.5205078125 0.4677734375 0.021484375 0.013671875
1 0.517578125 0.4951171875 0.046875 0.033203125
1 0.525390625 0.5361328125 0.021484375 0.041015625
1 0.4658203125 0.5224609375 0.072265625 0.0546875
1 0.482421875 0.4453125 0.0390625 0.07421875
1 0.427734375 0.447265625 0.060546875 0.12890625
1 0.5048828125 0.357421875 0.046875 0.0625
1 0.548828125 0.3662109375 0.05078125 0.0546875
1 0.5888671875 0.3740234375 0.0390625 0.052734375