0 0.6728515625 0.26171875 0.033203125 0.033203125
0 0.5361328125 0.193359375 0.041015625 0.033203125
0 0.638671875 0.580078125 0.04296875 0.0390625
0 0.73828125 0.5791015625 0.037109375 0.03125
0 0.7578125 0.5390625 0.044921875 0.033203125
0 0.7939453125 0.5830078125 0.0234375 0.02734375
0 0.81640625 0.6083984375 0.037109375 0.033203125
0 0.9228515625 0.7255859375 0.041015625 0.0390625
0 0.697265625 0.783203125 0.04296875 0.0390625
0 0.7705078125 0.779296875 0.037109375 0.03515625
0 0.6376953125 0.8271484375 0.046875 0.037109375
0 0.5966796875 0.712890625 0.037109375 0.037109375
0 0.638671875 0.6767578125 0.03515625 0.033203125
0 0.755859375 0.6396484375 0.033203125 0.033203125
0 0.23828125 0.6767578125 0.033203125 0.03125
0 0.28515625 0.685546875 0.03125 0.025390625
0 0.3203125 0.6875 0.03515625 0.03125
0 0.421875 0.640625 0.0390625 0.037109375
0 0.5078125 0.724609375 0.033203125 0.037109375
0 0.5625 0.7119140625 0.037109375 0.03125
0 0.2607421875 0.904296875 0.044921875 0.04296875
0 0.19921875 0.8662109375 0.048828125 0.037109375
0 0.1787109375 0.8046875 0.033203125 0.029296875
0 0.4208984375 0.8515625 0.037109375 0.03125
0 0.3251953125 0.87109375 0.029296875 0.02734375
0 0.3359375 0.892578125 0.03515625 0.037109375