0 0.5478515625 0.6396484375 0.02734375 0.029296875
0 0.4951171875 0.662109375 0.0234375 0.0234375
0 0.5126953125 0.6943359375 0.0234375 0.01953125
0 0.4658203125 0.681640625 0.015625 0.01953125
0 0.44921875 0.7138671875 0.021484375 0.01953125
0 0.4423828125 0.7041015625 0.017578125 0.015625
0 0.4013671875 0.732421875 0.021484375 0.017578125
0 0.353515625 0.7001953125 0.017578125 0.015625
0 0.35546875 0.6728515625 0.021484375 0.017578125
0 0.361328125 0.6142578125 0.015625 0.0234375
0 0.5849609375 0.7822265625 0.021484375 0.0234375
0 0.607421875 0.748046875 0.0234375 0.0234375
0 0.6298828125 0.740234375 0.021484375 0.017578125
0 0.6240234375 0.771484375 0.0234375 0.0234375
0 0.4677734375 0.7421875 0.02734375 0.021484375