1 0.33984375 0.4873046875 0.01953125 0.025390625
1 0.3701171875 0.5732421875 0.052734375 0.12890625
1 0.390625 0.529296875 0.044921875 0.05078125
1 0.40625 0.580078125 0.044921875 0.05078125
1 0.43359375 0.5126953125 0.0546875 0.064453125
1 0.453125 0.5693359375 0.048828125 0.052734375
1 0.4794921875 0.4990234375 0.044921875 0.05078125
1 0.494140625 0.55078125 0.048828125 0.064453125
1 0.513671875 0.4765625 0.03125 0.037109375
1 0.53515625 0.5283203125 0.029296875 0.03125
1 0.4150390625 0.4306640625 0.05078125 0.056640625