1 0.603515625 0.400390625 0.056640625 0.064453125
1 0.6201171875 0.4921875 0.0703125 0.115234375
1 0.55859375 0.46875 0.044921875 0.037109375
1 0.5771484375 0.5244140625 0.060546875 0.080078125
1 0.521484375 0.4462890625 0.02734375 0.041015625
1 0.5126953125 0.478515625 0.021484375 0.021484375
1 0.5263671875 0.50390625 0.041015625 0.025390625
1 0.5419921875 0.5380859375 0.03125 0.05078125
1 0.4921875 0.4580078125 0.025390625 0.0390625
1 0.5048828125 0.5341796875 0.03125 0.068359375
1 0.466796875 0.47265625 0.037109375 0.064453125
1 0.47265625 0.5478515625 0.056640625 0.064453125
1 0.4169921875 0.4951171875 0.06640625 0.12109375
1 0.44921875 0.3876953125 0.046875 0.0625
1 0.490234375 0.3740234375 0.05078125 0.068359375
1 0.5322265625 0.3642578125 0.044921875 0.0703125