1 0.60546875 0.39453125 0.052734375 0.060546875
1 0.619140625 0.48828125 0.064453125 0.107421875
1 0.556640625 0.4599609375 0.044921875 0.048828125
1 0.5732421875 0.515625 0.0546875 0.076171875
1 0.5224609375 0.4404296875 0.025390625 0.05078125
1 0.509765625 0.4736328125 0.021484375 0.01953125
1 0.521484375 0.4970703125 0.037109375 0.0234375
1 0.537109375 0.5341796875 0.021484375 0.04296875
1 0.490234375 0.4453125 0.021484375 0.037109375
1 0.5029296875 0.51953125 0.025390625 0.068359375
1 0.46484375 0.4697265625 0.0390625 0.0703125
1 0.4697265625 0.5390625 0.0546875 0.052734375
1 0.4140625 0.4912109375 0.060546875 0.130859375
1 0.451171875 0.37890625 0.041015625 0.05859375
1 0.4912109375 0.3671875 0.046875 0.060546875
1 0.5283203125 0.359375 0.041015625 0.064453125