1 0.390625 0.380859375 0.048828125 0.046875
1 0.3837890625 0.47265625 0.0546875 0.103515625
1 0.44140625 0.4404296875 0.044921875 0.03515625
1 0.4326171875 0.4931640625 0.0546875 0.080078125
1 0.4912109375 0.4462890625 0.021484375 0.015625
1 0.4775390625 0.470703125 0.03515625 0.0234375
1 0.4677734375 0.5087890625 0.021484375 0.046875
1 0.501953125 0.5 0.021484375 0.072265625
1 0.5087890625 0.4208984375 0.0234375 0.046875
1 0.4755859375 0.4150390625 0.0234375 0.0390625
1 0.53125 0.46875 0.041015625 0.125
1 0.55078125 0.5166015625 0.01953125 0.04296875
1 0.5849609375 0.4619140625 0.048828125 0.1328125
1 0.541015625 0.35546875 0.033203125 0.0390625
1 0.5009765625 0.3505859375 0.0390625 0.03515625
1 0.4599609375 0.349609375 0.02734375 0.03125