1 0.615234375 0.4072265625 0.048828125 0.05859375
1 0.6201171875 0.505859375 0.0625 0.111328125
1 0.5615234375 0.47265625 0.041015625 0.0390625
1 0.572265625 0.533203125 0.0546875 0.080078125
1 0.5283203125 0.44921875 0.0234375 0.046875
1 0.51171875 0.482421875 0.01953125 0.015625
1 0.525390625 0.505859375 0.03515625 0.029296875
1 0.5361328125 0.5458984375 0.0234375 0.046875
1 0.5009765625 0.5361328125 0.025390625 0.08203125
1 0.49609375 0.455078125 0.021484375 0.037109375
1 0.4697265625 0.47265625 0.029296875 0.0703125
1 0.4658203125 0.546875 0.048828125 0.052734375
1 0.41796875 0.4892578125 0.048828125 0.126953125
1 0.462890625 0.37890625 0.041015625 0.0625
1 0.5048828125 0.375 0.046875 0.05859375
1 0.5439453125 0.37109375 0.029296875 0.0546875