0 0.3388671875 0.46875 0.025390625 0.025390625
0 0.404296875 0.5126953125 0.029296875 0.041015625
0 0.453125 0.4736328125 0.03515625 0.04296875
0 0.4150390625 0.37109375 0.021484375 0.03125
0 0.41015625 0.4052734375 0.02734375 0.029296875
0 0.4716796875 0.404296875 0.029296875 0.0390625
0 0.5205078125 0.576171875 0.033203125 0.03125
0 0.4814453125 0.658203125 0.033203125 0.02734375
0 0.6171875 0.6572265625 0.037109375 0.04296875
0 0.533203125 0.646484375 0.033203125 0.033203125
0 0.3125 0.5029296875 0.03125 0.03515625
0 0.2783203125 0.544921875 0.033203125 0.0390625
0 0.302734375 0.5556640625 0.03125 0.037109375
0 0.3876953125 0.625 0.025390625 0.03515625
0 0.361328125 0.427734375 0.025390625 0.041015625
0 0.4404296875 0.3271484375 0.03125 0.03515625
0 0.6318359375 0.4892578125 0.02734375 0.02734375
0 0.658203125 0.5107421875 0.0234375 0.025390625
0 0.5927734375 0.38671875 0.0234375 0.029296875
0 0.57421875 0.34765625 0.021484375 0.03125
0 0.57421875 0.31640625 0.01953125 0.03125
0 0.595703125 0.3076171875 0.021484375 0.021484375