0 0.4482421875 0.96484375 0.029296875 0.025390625
0 0.41015625 0.9521484375 0.02734375 0.02734375
0 0.4267578125 0.9755859375 0.021484375 0.02734375
0 0.3857421875 0.9384765625 0.0390625 0.037109375
0 0.390625 0.8994140625 0.021484375 0.03125
0 0.435546875 0.9248046875 0.03515625 0.03125
0 0.4609375 0.85546875 0.0234375 0.02734375
0 0.4619140625 0.8251953125 0.025390625 0.029296875
0 0.5166015625 0.837890625 0.03125 0.025390625
0 0.533203125 0.7802734375 0.029296875 0.029296875
0 0.5439453125 0.716796875 0.017578125 0.015625
0 0.548828125 0.6806640625 0.021484375 0.0234375
0 0.490234375 0.697265625 0.029296875 0.02734375
0 0.4775390625 0.763671875 0.021484375 0.0234375
0 0.4189453125 0.798828125 0.0234375 0.03515625
0 0.3896484375 0.7802734375 0.025390625 0.037109375
0 0.408203125 0.697265625 0.025390625 0.029296875
0 0.4462890625 0.693359375 0.021484375 0.02734375
0 0.4248046875 0.625 0.025390625 0.029296875
0 0.466796875 0.6064453125 0.029296875 0.025390625
0 0.501953125 0.609375 0.03125 0.025390625
0 0.4970703125 0.646484375 0.025390625 0.03125
0 0.5712890625 0.6220703125 0.0234375 0.033203125
0 0.572265625 0.5927734375 0.0234375 0.021484375
0 0.5791015625 0.5517578125 0.017578125 0.02734375
0 0.615234375 0.5546875 0.025390625 0.029296875
0 0.609375 0.5 0.021484375 0.0234375
0 0.5791015625 0.51171875 0.0234375 0.02734375
0 0.5732421875 0.447265625 0.021484375 0.0234375
0 0.5537109375 0.474609375 0.02734375 0.025390625
0 0.533203125 0.5029296875 0.0234375 0.03125
0 0.5205078125 0.4833984375 0.021484375 0.02734375
0 0.5078125 0.4658203125 0.025390625 0.029296875
0 0.4697265625 0.4765625 0.025390625 0.03125
0 0.4833984375 0.51953125 0.021484375 0.025390625
0 0.48828125 0.560546875 0.021484375 0.021484375
0 0.515625 0.560546875 0.025390625 0.029296875
0 0.5390625 0.5673828125 0.029296875 0.03515625
0 0.4111328125 0.5595703125 0.0234375 0.029296875
0 0.37890625 0.53515625 0.025390625 0.029296875
0 0.38671875 0.650390625 0.025390625 0.03125
0 0.353515625 0.6171875 0.0234375 0.03125
0 0.3134765625 0.6259765625 0.029296875 0.029296875
0 0.3203125 0.560546875 0.03515625 0.044921875
0 0.2900390625 0.72265625 0.029296875 0.029296875
0 0.333984375 0.7080078125 0.03515625 0.03515625
0 0.3525390625 0.7724609375 0.0234375 0.02734375
0 0.3095703125 0.828125 0.025390625 0.03125
0 0.2734375 0.822265625 0.025390625 0.03125
0 0.599609375 0.439453125 0.021484375 0.021484375
0 0.6142578125 0.3837890625 0.0234375 0.021484375
0 0.6259765625 0.337890625 0.017578125 0.021484375
0 0.630859375 0.3154296875 0.025390625 0.025390625
0 0.646484375 0.2685546875 0.01953125 0.0234375
0 0.603515625 0.306640625 0.025390625 0.03125
0 0.5859375 0.298828125 0.01953125 0.0234375
0 0.568359375 0.306640625 0.015625 0.0234375
0 0.58984375 0.3525390625 0.01953125 0.0234375
0 0.5810546875 0.3759765625 0.025390625 0.025390625
0 0.5703125 0.3935546875 0.01953125 0.03125
0 0.5673828125 0.361328125 0.021484375 0.0234375
0 0.544921875 0.37109375 0.015625 0.0234375
0 0.5419921875 0.3466796875 0.021484375 0.025390625
0 0.5283203125 0.3447265625 0.017578125 0.025390625
0 0.5654296875 0.271484375 0.025390625 0.03125
0 0.5478515625 0.2822265625 0.025390625 0.029296875
0 0.5810546875 0.2255859375 0.02734375 0.025390625
0 0.5205078125 0.4033203125 0.021484375 0.021484375
0 0.5078125 0.392578125 0.021484375 0.021484375
0 0.4873046875 0.400390625 0.021484375 0.0234375