0 0.8974609375 0.37890625 0.052734375 0.0390625
0 0.8583984375 0.41015625 0.04296875 0.03125
0 0.8046875 0.3525390625 0.02734375 0.02734375
0 0.693359375 0.349609375 0.02734375 0.0234375
0 0.7197265625 0.3955078125 0.03125 0.01953125
0 0.80859375 0.3837890625 0.025390625 0.01953125
0 0.7861328125 0.3935546875 0.029296875 0.0234375
0 0.9013671875 0.4736328125 0.021484375 0.017578125
0 0.921875 0.4892578125 0.01953125 0.015625
0 0.892578125 0.5 0.021484375 0.015625
0 0.9150390625 0.5146484375 0.0234375 0.015625
0 0.8818359375 0.5341796875 0.021484375 0.015625
0 0.86328125 0.5478515625 0.021484375 0.01953125
0 0.8837890625 0.55078125 0.017578125 0.015625
0 0.783203125 0.5654296875 0.029296875 0.025390625
0 0.794921875 0.578125 0.029296875 0.025390625
0 0.701171875 0.4404296875 0.021484375 0.01953125
0 0.689453125 0.490234375 0.017578125 0.017578125
0 0.65234375 0.4931640625 0.02734375 0.021484375
0 0.705078125 0.55859375 0.0234375 0.017578125
0 0.7001953125 0.5966796875 0.025390625 0.01953125
0 0.7724609375 0.69921875 0.033203125 0.02734375
0 0.73046875 0.6943359375 0.03125 0.021484375
0 0.7958984375 0.681640625 0.03125 0.021484375
0 0.5927734375 0.525390625 0.02734375 0.0234375
0 0.615234375 0.4541015625 0.02734375 0.0234375
0 0.62109375 0.4296875 0.025390625 0.025390625
0 0.6494140625 0.341796875 0.0234375 0.025390625
0 0.7138671875 0.24609375 0.029296875 0.0234375
0 0.6396484375 0.62890625 0.0234375 0.0234375
0 0.5869140625 0.568359375 0.021484375 0.01953125
0 0.576171875 0.5771484375 0.02734375 0.017578125
0 0.5791015625 0.64453125 0.025390625 0.0234375
0 0.5791015625 0.6748046875 0.0234375 0.017578125
0 0.5732421875 0.7177734375 0.015625 0.01171875
0 0.6767578125 0.783203125 0.02734375 0.01953125
0 0.705078125 0.7978515625 0.025390625 0.021484375
0 0.7685546875 0.76953125 0.025390625 0.0234375
0 0.689453125 0.826171875 0.03515625 0.025390625
0 0.6298828125 0.8427734375 0.03125 0.025390625
0 0.7099609375 0.8447265625 0.03515625 0.025390625
0 0.5576171875 0.7529296875 0.033203125 0.03125
0 0.53125 0.70703125 0.025390625 0.025390625
0 0.5888671875 0.77734375 0.02734375 0.0234375
0 0.3974609375 0.2744140625 0.04296875 0.037109375
0 0.3623046875 0.1884765625 0.03125 0.029296875
0 0.3056640625 0.1962890625 0.03125 0.02734375
0 0.29296875 0.2099609375 0.02734375 0.021484375
0 0.2763671875 0.138671875 0.03515625 0.029296875
0 0.4169921875 0.1650390625 0.02734375 0.0234375
0 0.3896484375 0.109375 0.03125 0.029296875
0 0.4501953125 0.16796875 0.03125 0.025390625
0 0.4775390625 0.166015625 0.02734375 0.01953125
0 0.517578125 0.1484375 0.025390625 0.0234375
0 0.4609375 0.2421875 0.025390625 0.01953125
0 0.4287109375 0.3037109375 0.029296875 0.0234375
0 0.4619140625 0.2978515625 0.029296875 0.0234375
0 0.443359375 0.3349609375 0.021484375 0.021484375
0 0.4140625 0.3486328125 0.029296875 0.021484375
0 0.4169921875 0.3642578125 0.03125 0.0234375
0 0.3466796875 0.375 0.0390625 0.033203125
0 0.322265625 0.39453125 0.037109375 0.03125
0 0.2451171875 0.3876953125 0.03515625 0.025390625
0 0.2041015625 0.390625 0.02734375 0.017578125
0 0.1982421875 0.4052734375 0.025390625 0.01953125
0 0.2216796875 0.4345703125 0.033203125 0.02734375
0 0.265625 0.4609375 0.03125 0.021484375
0 0.23046875 0.470703125 0.03125 0.025390625
0 0.3154296875 0.501953125 0.041015625 0.025390625
0 0.2958984375 0.51171875 0.03125 0.021484375
0 0.1513671875 0.5009765625 0.03125 0.025390625
0 0.1396484375 0.435546875 0.025390625 0.025390625
0 0.109375 0.4130859375 0.03125 0.021484375
0 0.1015625 0.4384765625 0.0234375 0.025390625
0 0.140625 0.318359375 0.033203125 0.02734375
0 0.166015625 0.234375 0.03125 0.033203125
0 0.189453125 0.1435546875 0.033203125 0.02734375
0 0.3642578125 0.0830078125 0.046875 0.03125
0 0.3115234375 0.5869140625 0.025390625 0.01953125
0 0.3623046875 0.5478515625 0.037109375 0.03125
0 0.42578125 0.4716796875 0.029296875 0.0234375
0 0.3740234375 0.4560546875 0.03125 0.021484375
0 0.392578125 0.4619140625 0.025390625 0.01953125
0 0.3984375 0.5341796875 0.033203125 0.029296875
0 0.4013671875 0.5576171875 0.033203125 0.02734375
0 0.4052734375 0.578125 0.03125 0.021484375
0 0.349609375 0.587890625 0.025390625 0.025390625
0 0.2958984375 0.646484375 0.025390625 0.021484375
0 0.255859375 0.6318359375 0.033203125 0.03125
0 0.24609375 0.6162109375 0.029296875 0.0234375
0 0.1630859375 0.654296875 0.021484375 0.021484375
0 0.1318359375 0.669921875 0.03125 0.025390625
0 0.0712890625 0.6162109375 0.033203125 0.03125
0 0.0849609375 0.5712890625 0.029296875 0.033203125
0 0.1533203125 0.703125 0.03515625 0.025390625
0 0.1162109375 0.6962890625 0.03125 0.01953125
0 0.05078125 0.6962890625 0.037109375 0.025390625
0 0.265625 0.736328125 0.04296875 0.03515625
0 0.25 0.7490234375 0.03125 0.025390625
0 0.337890625 0.71875 0.025390625 0.0234375
0 0.2880859375 0.673828125 0.03515625 0.025390625
0 0.3603515625 0.6923828125 0.0234375 0.017578125
0 0.3564453125 0.7099609375 0.0234375 0.017578125
0 0.796875 0.779296875 0.029296875 0.021484375
0 0.84375 0.6669921875 0.029296875 0.021484375
0 0.673828125 0.24609375 0.029296875 0.02734375
0 0.740234375 0.279296875 0.029296875 0.021484375
0 0.720703125 0.1533203125 0.03515625 0.029296875
0 0.33203125 0.0068359375 0.02734375 0.013671875
0 0.2314453125 0.0166015625 0.033203125 0.02734375
0 0.44140625 0.0146484375 0.029296875 0.025390625
0 0.4912109375 0.041015625 0.029296875 0.02734375
0 0.5146484375 0.04296875 0.029296875 0.0234375
0 0.513671875 0.00390625 0.03125 0.0078125
0 0.18359375 0.0517578125 0.025390625 0.0234375
0 0.9072265625 0.1669921875 0.029296875 0.0234375
0 0.9765625 0.205078125 0.03515625 0.025390625
0 0.77734375 0.1123046875 0.029296875 0.021484375
0 0.6591796875 0.912109375 0.0390625 0.033203125
0 0.662109375 0.884765625 0.03515625 0.025390625
0 0.60546875 0.890625 0.033203125 0.02734375
0 0.484375 0.8466796875 0.033203125 0.03125
0 0.7578125 0.8642578125 0.033203125 0.025390625
0 0.75 0.904296875 0.025390625 0.025390625
0 0.234375 0.8466796875 0.033203125 0.029296875
0 0.20703125 0.85546875 0.025390625 0.01953125
0 0.1279296875 0.86328125 0.033203125 0.02734375
0 0.0830078125 0.744140625 0.033203125 0.03125
0 0.052734375 0.720703125 0.025390625 0.021484375
0 0.0234375 0.75390625 0.02734375 0.021484375
0 0.03125 0.8046875 0.03515625 0.029296875
0 0.0791015625 0.7919921875 0.02734375 0.017578125
0 0.3349609375 0.767578125 0.037109375 0.029296875
0 0.2998046875 0.76171875 0.03125 0.021484375
0 0.283203125 0.7802734375 0.02734375 0.02734375
0 0.294921875 0.794921875 0.033203125 0.03125
0 0.3203125 0.8330078125 0.033203125 0.02734375
0 0.63671875 0.9794921875 0.021484375 0.021484375