1 0.6318359375 0.435546875 0.052734375 0.05859375
1 0.6162109375 0.5263671875 0.060546875 0.09375
1 0.56640625 0.51953125 0.060546875 0.119140625
1 0.5400390625 0.4501953125 0.025390625 0.046875
1 0.51953125 0.4794921875 0.017578125 0.013671875
1 0.509765625 0.447265625 0.021484375 0.04296875
1 0.5224609375 0.5068359375 0.033203125 0.025390625
1 0.525390625 0.5458984375 0.01953125 0.046875
1 0.4931640625 0.5263671875 0.02734375 0.076171875
1 0.478515625 0.4609375 0.03125 0.06640625
1 0.4560546875 0.5263671875 0.048828125 0.046875
1 0.4208984375 0.462890625 0.052734375 0.125
1 0.494140625 0.3701171875 0.04296875 0.060546875
1 0.533203125 0.375 0.044921875 0.060546875
1 0.5771484375 0.3798828125 0.033203125 0.0625