1 0.3525390625 0.4775390625 0.0205078125 0.0341796875
1 0.3564453125 0.5673828125 0.0205078125 0.1162109375
1 0.3896484375 0.5341796875 0.0390625 0.0517578125
1 0.388671875 0.591796875 0.0283203125 0.037109375
1 0.4326171875 0.52734375 0.04296875 0.0595703125
1 0.43359375 0.591796875 0.0419921875 0.0546875
1 0.4814453125 0.5244140625 0.0400390625 0.05078125
1 0.4814453125 0.578125 0.03515625 0.0458984375
1 0.521484375 0.5029296875 0.0283203125 0.0673828125
1 0.5244140625 0.5732421875 0.021484375 0.0419921875
1 0.4384765625 0.43359375 0.0478515625 0.0673828125