0 0.4599609375 0.3486328125 0.060546875 0.046875
0 0.435546875 0.31640625 0.052734375 0.044921875
0 0.380859375 0.3076171875 0.046875 0.044921875
0 0.50390625 0.2314453125 0.056640625 0.046875
0 0.5322265625 0.208984375 0.060546875 0.0390625
0 0.4736328125 0.40625 0.05078125 0.041015625
0 0.4150390625 0.4208984375 0.052734375 0.04296875
0 0.3818359375 0.3642578125 0.048828125 0.033203125
0 0.4052734375 0.3505859375 0.056640625 0.0390625
0 0.2685546875 0.3369140625 0.0390625 0.03515625
0 0.458984375 0.2431640625 0.048828125 0.044921875