1 0.646484375 0.423828125 0.05078125 0.0546875
1 0.6201171875 0.5126953125 0.068359375 0.111328125
1 0.57421875 0.4638671875 0.044921875 0.033203125
1 0.56640625 0.5185546875 0.0625 0.080078125
1 0.5263671875 0.4521484375 0.017578125 0.01171875
1 0.529296875 0.4794921875 0.033203125 0.021484375
1 0.52734375 0.51953125 0.0234375 0.044921875
1 0.5185546875 0.423828125 0.025390625 0.044921875
1 0.5517578125 0.427734375 0.025390625 0.04296875
1 0.498046875 0.494140625 0.033203125 0.068359375
1 0.4892578125 0.4296875 0.03515625 0.0703125
1 0.4736328125 0.49609375 0.033203125 0.056640625
1 0.447265625 0.490234375 0.029296875 0.064453125
1 0.4326171875 0.4296875 0.0546875 0.1171875
1 0.5107421875 0.3427734375 0.04296875 0.052734375
1 0.5517578125 0.357421875 0.05078125 0.048828125
1 0.591796875 0.3701171875 0.033203125 0.044921875