0 0.541015625 0.2490234375 0.0625 0.05859375
0 0.5947265625 0.2080078125 0.05078125 0.046875
0 0.625 0.2421875 0.0546875 0.037109375
0 0.6650390625 0.2646484375 0.046875 0.0390625
0 0.634765625 0.30078125 0.044921875 0.046875
0 0.5615234375 0.3056640625 0.068359375 0.046875
0 0.5625 0.32421875 0.072265625 0.033203125
0 0.5654296875 0.3564453125 0.05859375 0.04296875
0 0.501953125 0.5078125 0.05859375 0.05078125
0 0.5498046875 0.6328125 0.080078125 0.068359375
0 0.3994140625 0.65625 0.08984375 0.076171875
0 0.29296875 0.58984375 0.095703125 0.06640625
0 0.1552734375 0.63671875 0.0625 0.064453125
0 0.1904296875 0.6875 0.078125 0.064453125
0 0.2392578125 0.7294921875 0.080078125 0.05859375
0 0.2314453125 0.8466796875 0.087890625 0.05078125
0 0.4677734375 0.833984375 0.087890625 0.0546875
0 0.4482421875 0.7548828125 0.08984375 0.05859375
0 0.515625 0.748046875 0.08203125 0.0625
0 0.59375 0.7861328125 0.08984375 0.072265625
0 0.3837890625 0.869140625 0.083984375 0.060546875
0 0.2626953125 0.896484375 0.1015625 0.072265625