1 0.646484375 0.4384765625 0.013671875 0.033203125
1 0.6494140625 0.5361328125 0.029296875 0.12109375
1 0.6162109375 0.4951171875 0.041015625 0.056640625
1 0.6201171875 0.552734375 0.037109375 0.046875
1 0.5654296875 0.49609375 0.052734375 0.056640625
1 0.5703125 0.5615234375 0.048828125 0.05078125
1 0.521484375 0.5 0.0390625 0.044921875
1 0.5244140625 0.5576171875 0.041015625 0.0546875
1 0.4755859375 0.494140625 0.025390625 0.0390625
1 0.4775390625 0.54296875 0.01953125 0.0390625
1 0.55078125 0.41015625 0.05078125 0.068359375