0 0.208984375 0.763671875 0.046875 0.05859375
0 0.154296875 0.5185546875 0.0390625 0.048828125
0 0.2109375 0.5439453125 0.044921875 0.05078125
0 0.2724609375 0.7646484375 0.03515625 0.037109375
0 0.2626953125 0.8134765625 0.05078125 0.0546875
0 0.328125 0.845703125 0.05859375 0.0546875
0 0.2919921875 0.8779296875 0.046875 0.056640625
0 0.203125 0.9775390625 0.04296875 0.044921875
0 0.68359375 0.759765625 0.0546875 0.05859375
0 0.70703125 0.92578125 0.056640625 0.060546875
0 0.70703125 0.4794921875 0.0625 0.0625
0 0.58203125 0.5126953125 0.044921875 0.05859375
0 0.5927734375 0.5908203125 0.044921875 0.056640625
0 0.8642578125 0.6767578125 0.056640625 0.0546875
0 0.8837890625 0.7412109375 0.05078125 0.0546875
0 0.892578125 0.87109375 0.080078125 0.072265625
0 0.9306640625 0.765625 0.0625 0.0703125
0 0.96875 0.60546875 0.0625 0.07421875
0 0.9873046875 0.6826171875 0.025390625 0.091796875
0 0.9560546875 0.6943359375 0.046875 0.052734375
0 0.845703125 0.4765625 0.05859375 0.06640625
0 0.8974609375 0.45703125 0.05859375 0.06640625
0 0.8818359375 0.2705078125 0.0546875 0.05859375
0 0.83203125 0.2197265625 0.052734375 0.05859375
0 0.8818359375 0.201171875 0.0703125 0.087890625
0 0.802734375 0.0224609375 0.05078125 0.044921875
0 0.82421875 0.009765625 0.046875 0.01953125
0 0.822265625 0.314453125 0.03515625 0.0390625
0 0.5322265625 0.3447265625 0.04296875 0.046875
0 0.265625 0.9599609375 0.068359375 0.060546875
0 0.3232421875 0.9541015625 0.0703125 0.0625