0 0.3037109375 0.0791015625 0.03515625 0.029296875
0 0.462890625 0.0703125 0.05078125 0.029296875
0 0.6943359375 0.15625 0.048828125 0.0390625
0 0.5654296875 0.1904296875 0.064453125 0.04296875
0 0.400390625 0.1611328125 0.05859375 0.033203125
0 0.248046875 0.1611328125 0.05859375 0.033203125
0 0.283203125 0.2509765625 0.0546875 0.037109375
0 0.1923828125 0.2578125 0.05859375 0.0390625
0 0.201171875 0.3408203125 0.0546875 0.03125
0 0.2119140625 0.3681640625 0.0390625 0.02734375
0 0.158203125 0.3544921875 0.048828125 0.0390625
0 0.2421875 0.44921875 0.046875 0.037109375
0 0.38671875 0.380859375 0.07421875 0.037109375
0 0.3818359375 0.26171875 0.05078125 0.0390625
0 0.486328125 0.3037109375 0.0703125 0.056640625
0 0.546875 0.326171875 0.0625 0.052734375
0 0.7392578125 0.298828125 0.05078125 0.0390625
0 0.83203125 0.26953125 0.0546875 0.04296875
0 0.8173828125 0.349609375 0.05859375 0.046875
0 0.8017578125 0.4873046875 0.06640625 0.03515625
0 0.697265625 0.5361328125 0.0546875 0.048828125
0 0.671875 0.3994140625 0.0546875 0.033203125
0 0.5576171875 0.458984375 0.056640625 0.0390625
0 0.580078125 0.5751953125 0.052734375 0.04296875
0 0.4599609375 0.5205078125 0.0703125 0.037109375
0 0.27734375 0.5908203125 0.064453125 0.041015625
0 0.216796875 0.5703125 0.048828125 0.03125
0 0.11328125 0.5458984375 0.07421875 0.03125
0 0.0576171875 0.5654296875 0.05859375 0.037109375
0 0.1484375 0.6708984375 0.041015625 0.037109375
0 0.220703125 0.703125 0.046875 0.04296875
0 0.44140625 0.74609375 0.064453125 0.037109375
0 0.7490234375 0.7109375 0.064453125 0.03515625
0 0.814453125 0.6474609375 0.0390625 0.033203125
0 0.8349609375 0.6845703125 0.04296875 0.037109375
0 0.8779296875 0.6259765625 0.0390625 0.03515625
0 0.916015625 0.5068359375 0.0390625 0.037109375
0 0.935546875 0.3701171875 0.03515625 0.037109375
0 0.8330078125 0.4013671875 0.0390625 0.041015625
0 0.83203125 0.169921875 0.05859375 0.04296875
0 0.44140625 0.83203125 0.048828125 0.05078125
0 0.568359375 0.8427734375 0.04296875 0.03515625
0 0.6064453125 0.7587890625 0.0546875 0.041015625
0 0.6796875 0.8251953125 0.05859375 0.02734375
0 0.8095703125 0.8310546875 0.03515625 0.03515625
0 0.76171875 0.7607421875 0.04296875 0.037109375
0 0.341796875 0.9365234375 0.0625 0.04296875
0 0.30859375 0.8251953125 0.05078125 0.037109375
0 0.2509765625 0.818359375 0.0625 0.048828125
0 0.162109375 0.8876953125 0.060546875 0.041015625
0 0.572265625 0.927734375 0.05078125 0.029296875
0 0.6591796875 0.9091796875 0.04296875 0.0390625
0 0.5439453125 0.9580078125 0.052734375 0.033203125
0 0.15234375 0.80859375 0.0390625 0.03515625