0 0.3515625 0.07421875 0.0234375 0.02734375
0 0.3779296875 0.0986328125 0.033203125 0.029296875
0 0.40234375 0.11328125 0.01953125 0.017578125
0 0.4365234375 0.158203125 0.029296875 0.033203125
0 0.4541015625 0.1796875 0.033203125 0.02734375
0 0.46484375 0.2021484375 0.02734375 0.0234375
0 0.4775390625 0.2177734375 0.021484375 0.015625
0 0.4873046875 0.232421875 0.0234375 0.02734375
0 0.5439453125 0.3046875 0.029296875 0.0234375
0 0.6005859375 0.353515625 0.033203125 0.0390625
0 0.6787109375 0.4267578125 0.02734375 0.02734375
0 0.34765625 0.2080078125 0.02734375 0.015625
0 0.32421875 0.1640625 0.025390625 0.029296875
0 0.23828125 0.111328125 0.0234375 0.021484375
0 0.2255859375 0.12890625 0.0390625 0.025390625
0 0.28515625 0.1865234375 0.033203125 0.025390625
0 0.53125 0.404296875 0.02734375 0.03125
0 0.498046875 0.373046875 0.033203125 0.029296875
0 0.4501953125 0.333984375 0.03125 0.02734375
0 0.5498046875 0.421875 0.017578125 0.02734375
0 0.5751953125 0.439453125 0.02734375 0.03125
0 0.5966796875 0.46484375 0.021484375 0.02734375