1 0.34765625 0.44921875 0.01171875 0.0302734375
1 0.3564453125 0.54296875 0.017578125 0.111328125
1 0.3837890625 0.5 0.03515625 0.0458984375
1 0.3876953125 0.5576171875 0.0302734375 0.0576171875
1 0.4345703125 0.5 0.0439453125 0.0546875
1 0.43359375 0.5673828125 0.0419921875 0.0556640625
1 0.4794921875 0.5 0.0400390625 0.0380859375
1 0.4833984375 0.5576171875 0.033203125 0.05859375
1 0.5224609375 0.4814453125 0.0224609375 0.04296875
1 0.5263671875 0.5361328125 0.0185546875 0.02734375
1 0.439453125 0.408203125 0.0419921875 0.07421875