0 0.673828125 0.79296875 0.029296875 0.029296875
0 0.8388671875 0.6240234375 0.0390625 0.041015625
0 0.82421875 0.564453125 0.037109375 0.029296875
0 0.5693359375 0.5390625 0.041015625 0.033203125
0 0.5390625 0.623046875 0.041015625 0.037109375
0 0.56640625 0.701171875 0.048828125 0.0390625
0 0.48828125 0.705078125 0.046875 0.033203125
0 0.4765625 0.6279296875 0.05078125 0.041015625
0 0.4580078125 0.5634765625 0.04296875 0.037109375
0 0.45703125 0.6005859375 0.044921875 0.0390625
0 0.40234375 0.595703125 0.04296875 0.044921875
0 0.54296875 0.484375 0.041015625 0.041015625
0 0.5478515625 0.453125 0.037109375 0.033203125
0 0.2509765625 0.677734375 0.0390625 0.041015625