1 0.380859375 0.4775390625 0.05078125 0.166015625
1 0.4345703125 0.46875 0.0419921875 0.03125
1 0.4326171875 0.5283203125 0.044921875 0.0732421875
1 0.4658203125 0.44140625 0.017578125 0.044921875
1 0.4833984375 0.4765625 0.015625 0.015625
1 0.478515625 0.5 0.029296875 0.0205078125
1 0.4677734375 0.537109375 0.0126953125 0.0361328125
1 0.5048828125 0.521484375 0.0166015625 0.068359375
1 0.4970703125 0.4404296875 0.017578125 0.041015625
1 0.537109375 0.4912109375 0.0478515625 0.1279296875
1 0.58203125 0.4677734375 0.03125 0.1162109375
1 0.5224609375 0.3681640625 0.029296875 0.0556640625
1 0.48046875 0.3671875 0.0380859375 0.0537109375
1 0.4404296875 0.3642578125 0.0283203125 0.0478515625