1 0.61328125 0.4560546875 0.076171875 0.177734375
1 0.5595703125 0.4560546875 0.044921875 0.04296875
1 0.572265625 0.5185546875 0.056640625 0.080078125
1 0.5244140625 0.435546875 0.0234375 0.044921875
1 0.5087890625 0.4697265625 0.021484375 0.01171875
1 0.4931640625 0.44140625 0.021484375 0.041015625
1 0.521484375 0.4921875 0.03125 0.029296875
1 0.537109375 0.5341796875 0.021484375 0.041015625
1 0.5 0.5263671875 0.025390625 0.078125
1 0.4658203125 0.458984375 0.029296875 0.0625
1 0.4658203125 0.533203125 0.0546875 0.060546875
1 0.416015625 0.4833984375 0.056640625 0.12109375
1 0.45703125 0.3740234375 0.041015625 0.05078125
1 0.5 0.3642578125 0.044921875 0.056640625
1 0.5390625 0.3583984375 0.03515625 0.056640625