0 0.4462890625 0.294921875 0.02734375 0.0234375
0 0.4189453125 0.3232421875 0.021484375 0.0234375
0 0.5595703125 0.3125 0.0234375 0.01953125
0 0.62109375 0.310546875 0.03515625 0.03125
0 0.625 0.3544921875 0.025390625 0.0234375
0 0.4052734375 0.3984375 0.021484375 0.021484375
0 0.3857421875 0.361328125 0.029296875 0.025390625
0 0.302734375 0.3955078125 0.0234375 0.021484375
0 0.255859375 0.41015625 0.0234375 0.025390625
0 0.3193359375 0.43359375 0.025390625 0.0234375
0 0.4609375 0.416015625 0.02734375 0.025390625
0 0.439453125 0.4404296875 0.0234375 0.01953125
0 0.3828125 0.3876953125 0.021484375 0.021484375
0 0.4951171875 0.3720703125 0.025390625 0.0234375
0 0.4990234375 0.349609375 0.02734375 0.0234375
0 0.5048828125 0.330078125 0.01953125 0.015625
0 0.5341796875 0.3466796875 0.021484375 0.01953125
0 0.6025390625 0.400390625 0.021484375 0.021484375
0 0.6259765625 0.37109375 0.01953125 0.015625
0 0.6220703125 0.451171875 0.017578125 0.01953125
0 0.5595703125 0.435546875 0.0234375 0.021484375
0 0.4599609375 0.4765625 0.01953125 0.015625
0 0.65234375 0.46484375 0.025390625 0.02734375
0 0.3525390625 0.3291015625 0.029296875 0.025390625