1 0.380859375 0.3974609375 0.04296875 0.05078125
1 0.3818359375 0.4921875 0.05078125 0.1015625
1 0.4384765625 0.455078125 0.0390625 0.0390625
1 0.43359375 0.51171875 0.048828125 0.080078125
1 0.4697265625 0.4287109375 0.015625 0.0390625
1 0.484375 0.4599609375 0.0234375 0.01953125
1 0.4853515625 0.482421875 0.044921875 0.0234375
1 0.46875 0.5224609375 0.021484375 0.044921875
1 0.5283203125 0.5205078125 0.068359375 0.046875
1 0.5029296875 0.4287109375 0.0234375 0.04296875
1 0.5283203125 0.447265625 0.025390625 0.064453125
1 0.58203125 0.4599609375 0.037109375 0.125
1 0.5302734375 0.357421875 0.029296875 0.041015625
1 0.4853515625 0.3515625 0.041015625 0.052734375
1 0.4453125 0.3486328125 0.029296875 0.0546875
1 0.40234375 0.326171875 0.017578125 0.017578125