1 0.6162109375 0.3857421875 0.041015625 0.046875
1 0.6162109375 0.474609375 0.056640625 0.095703125
1 0.5595703125 0.443359375 0.044921875 0.03125
1 0.5693359375 0.4951171875 0.0546875 0.0703125
1 0.51171875 0.4501953125 0.017578125 0.01953125
1 0.5146484375 0.4765625 0.044921875 0.029296875
1 0.533203125 0.513671875 0.021484375 0.04296875
1 0.5 0.5146484375 0.015625 0.0390625
1 0.4951171875 0.421875 0.021484375 0.0390625
1 0.52734375 0.41796875 0.017578125 0.044921875
1 0.46875 0.4404296875 0.02734375 0.060546875
1 0.4736328125 0.51171875 0.02734375 0.05078125
1 0.44921875 0.5205078125 0.017578125 0.04296875
1 0.4140625 0.4560546875 0.041015625 0.111328125
1 0.462890625 0.3701171875 0.029296875 0.017578125