4 0.85451580859375 0.40545183984375 0.84800815234375 0.46296110546875 0.898315201171875 0.46647891796875 0.92276921484375 0.330097423828125 0.814727037109375 0.3344762109375 0.805134912109375 0.436095453125 0.83267173046875 0.504509509765625 0.84626875 0.4048751484375 0.85451580859375 0.40545183984375
4 0.9533103046875 0.521469544921875 0.986824623046875 0.4095892734375 0.93749528515625 0.33283200390625 0.91575265625 0.465993431640625 0.9533103046875 0.521469544921875
4 0.944933158203125 0.546456255859375 0.980102615234375 0.422757888671875 0.861700890625 0.409363935546875 0.8432628125 0.530822607421875 0.944933158203125 0.546456255859375
4 0.822440609375 0.710078892578125 0.84049414453125 0.653376990234375 0.86432062109375 0.5970787734375 0.841957845703125 0.549484517578125 0.822440609375 0.710078892578125
4 0.8156016328125 0.476038521484375 0.802186259765625 0.442708595703125 0.7885720546875 0.57814325 0.8156016328125 0.476038521484375
4 0.59088567578125 0.548976173828125 0.67052623046875 0.55965968359375 0.705871609375 0.31493046484375 0.593705900390625 0.31902090625 0.585045658203125 0.44286814453125 0.592976916015625 0.36500042578125 0.601455509765625 0.374117474609375 0.59088567578125 0.548976173828125
4 0.693386453125 0.552734060546875 0.69701826171875 0.595608849609375 0.729866609375 0.398440349609375 0.7102209453125 0.335692599609375 0.693386453125 0.552734060546875
4 0.3840048359375 0.283899181640625 0.3827039296875 0.5395331875 0.47012273828125 0.54564610546875 0.49439676953125 0.293323373046875 0.3840048359375 0.283899181640625
4 0.3510705625 0.66006915625 0.393538009765625 0.550519779296875 0.3739668203125 0.33263741796875 0.359460830078125 0.36231005859375 0.3510705625 0.66006915625
4 0.258733826171875 0.345037541015625 0.270741119140625 0.611831142578125 0.28043469140625 0.54431566015625 0.2885705078125 0.2857499296875 0.258733826171875 0.345037541015625
4 0.278909642578125 0.5305703515625 0.2905758203125 0.28077565625 0.1863127265625 0.266665537109375 0.1933832421875 0.509246263671875 0.240978908203125 0.51598414453125 0.25531637109375 0.346503400390625 0.2653641796875 0.522803828125 0.278909642578125 0.5305703515625
4 0.13844948828125 0.571893416015625 0.164987345703125 0.51237512890625 0.17038313671875 0.316696626953125 0.124182431640625 0.349267455078125 0.13844948828125 0.571893416015625
4 0.246707685546875 0.36294975390625 0.128187326171875 0.3512523359375 0.1334668828125 0.6431479921875 0.233837986328125 0.665510119140625 0.246707685546875 0.36294975390625