0 0.388671875 0.646484375 0.03125 0.033203125
0 0.4111328125 0.666015625 0.025390625 0.02734375
0 0.4267578125 0.5673828125 0.02734375 0.02734375
0 0.4423828125 0.513671875 0.021484375 0.0234375
0 0.4560546875 0.490234375 0.025390625 0.03125
0 0.5078125 0.4677734375 0.0234375 0.0234375
0 0.435546875 0.384765625 0.03515625 0.03515625
0 0.5478515625 0.3125 0.02734375 0.025390625
0 0.4765625 0.2568359375 0.029296875 0.03125
0 0.705078125 0.54296875 0.0234375 0.021484375
0 0.669921875 0.6171875 0.025390625 0.0234375
0 0.64453125 0.6376953125 0.03125 0.03515625
0 0.6494140625 0.5947265625 0.0234375 0.021484375
0 0.6298828125 0.6162109375 0.02734375 0.02734375
0 0.5576171875 0.623046875 0.03125 0.03125
0 0.5654296875 0.7802734375 0.02734375 0.02734375
0 0.6640625 0.728515625 0.02734375 0.02734375
0 0.6552734375 0.8203125 0.037109375 0.037109375
0 0.4150390625 0.8974609375 0.0390625 0.0390625
0 0.3564453125 0.736328125 0.025390625 0.02734375
0 0.310546875 0.7119140625 0.02734375 0.025390625
0 0.26171875 0.6962890625 0.025390625 0.037109375
0 0.365234375 0.7919921875 0.029296875 0.029296875
0 0.3916015625 0.59375 0.01953125 0.021484375
0 0.4228515625 0.5869140625 0.0234375 0.0234375
0 0.4267578125 0.6005859375 0.021484375 0.02734375
0 0.388671875 0.5791015625 0.03125 0.029296875
0 0.3056640625 0.7421875 0.029296875 0.021484375
0 0.724609375 0.58203125 0.02734375 0.03125