0 0.1396484375 0.4970703125 0.03515625 0.04296875
0 0.544921875 0.3154296875 0.03515625 0.041015625
0 0.5166015625 0.2763671875 0.03515625 0.044921875
0 0.455078125 0.3271484375 0.0390625 0.041015625
0 0.4111328125 0.3515625 0.046875 0.046875
0 0.365234375 0.3505859375 0.0390625 0.041015625
0 0.4345703125 0.5546875 0.0390625 0.048828125
0 0.353515625 0.603515625 0.044921875 0.0390625
0 0.34375 0.6494140625 0.0390625 0.03515625
0 0.3466796875 0.6865234375 0.048828125 0.0390625
0 0.2490234375 0.591796875 0.0390625 0.041015625
0 0.2470703125 0.609375 0.041015625 0.041015625
0 0.2783203125 0.5732421875 0.03125 0.04296875
0 0.2841796875 0.6044921875 0.033203125 0.037109375
0 0.10546875 0.7265625 0.033203125 0.052734375
0 0.12890625 0.548828125 0.033203125 0.044921875
0 0.0751953125 0.3505859375 0.03515625 0.046875
0 0.103515625 0.3486328125 0.033203125 0.046875
0 0.021484375 0.484375 0.0390625 0.041015625
0 0.2666015625 0.3603515625 0.03125 0.046875
0 0.3037109375 0.3544921875 0.02734375 0.046875
0 0.6533203125 0.6552734375 0.044921875 0.060546875
0 0.5869140625 0.654296875 0.0390625 0.044921875
0 0.6787109375 0.7958984375 0.0546875 0.06640625
0 0.75 0.8037109375 0.048828125 0.048828125
0 0.890625 0.7841796875 0.033203125 0.046875
0 0.8515625 0.669921875 0.0390625 0.044921875
0 0.7958984375 0.4609375 0.041015625 0.05078125
0 0.7578125 0.34765625 0.02734375 0.048828125
0 0.7919921875 0.2587890625 0.04296875 0.05078125
0 0.890625 0.3564453125 0.041015625 0.041015625
0 0.96484375 0.5703125 0.05078125 0.068359375
0 0.4541015625 0.6337890625 0.025390625 0.0390625
0 0.4833984375 0.623046875 0.025390625 0.037109375
0 0.41796875 0.6298828125 0.033203125 0.0390625
0 0.46875 0.1845703125 0.033203125 0.046875
0 0.80078125 0.134765625 0.041015625 0.041015625
0 0.6015625 0.5400390625 0.03515625 0.05078125
0 0.525390625 0.830078125 0.03515625 0.0390625
0 0.7685546875 0.6650390625 0.041015625 0.041015625
0 0.7509765625 0.587890625 0.03125 0.044921875
0 0.716796875 0.5654296875 0.0390625 0.044921875