0 0.544921875 0.666015625 0.025390625 0.025390625
0 0.5693359375 0.6904296875 0.021484375 0.021484375
0 0.564453125 0.6552734375 0.025390625 0.025390625
0 0.5234375 0.63671875 0.025390625 0.02734375
0 0.51953125 0.6728515625 0.021484375 0.021484375
0 0.4658203125 0.6669921875 0.03515625 0.03125
0 0.5029296875 0.607421875 0.025390625 0.029296875
0 0.4912109375 0.580078125 0.025390625 0.0234375
0 0.498046875 0.5224609375 0.0234375 0.03125
0 0.47265625 0.4970703125 0.033203125 0.03125
0 0.4306640625 0.4443359375 0.0234375 0.03125
0 0.4345703125 0.47265625 0.025390625 0.025390625
0 0.451171875 0.4423828125 0.015625 0.017578125
0 0.51953125 0.5703125 0.021484375 0.025390625