1 0.4033203125 0.3896484375 0.056640625 0.064453125
1 0.3828125 0.478515625 0.068359375 0.09765625
1 0.431640625 0.4921875 0.072265625 0.12109375
1 0.482421875 0.4384765625 0.03125 0.048828125
1 0.490234375 0.47265625 0.01953125 0.015625
1 0.51171875 0.447265625 0.02734375 0.04296875
1 0.4765625 0.498046875 0.03515625 0.02734375
1 0.458984375 0.5322265625 0.025390625 0.046875
1 0.49609375 0.52734375 0.037109375 0.078125
1 0.53515625 0.4716796875 0.0390625 0.06640625
1 0.5302734375 0.541015625 0.052734375 0.05078125
1 0.5869140625 0.4970703125 0.06640625 0.126953125
1 0.5556640625 0.3828125 0.048828125 0.0625
1 0.5185546875 0.37109375 0.05078125 0.064453125
1 0.4765625 0.359375 0.0390625 0.064453125