1 0.3671875 0.4462890625 0.044921875 0.056640625
1 0.3837890625 0.5380859375 0.064453125 0.109375
1 0.43359375 0.4921875 0.04296875 0.0390625
1 0.439453125 0.55078125 0.0546875 0.078125
1 0.4599609375 0.4638671875 0.017578125 0.044921875
1 0.4814453125 0.48828125 0.01953125 0.0234375
1 0.4814453125 0.5146484375 0.03515625 0.025390625
1 0.4765625 0.556640625 0.021484375 0.04296875
1 0.4921875 0.4560546875 0.01953125 0.041015625
1 0.5068359375 0.5263671875 0.021484375 0.0546875
1 0.5224609375 0.46875 0.029296875 0.05859375
1 0.5439453125 0.53515625 0.046875 0.048828125
1 0.576171875 0.470703125 0.05078125 0.119140625
1 0.505859375 0.380859375 0.04296875 0.0546875
1 0.46484375 0.38671875 0.041015625 0.046875
1 0.4208984375 0.3876953125 0.033203125 0.046875