1 0.6083984375 0.3330078125 0.021484375 0.015625
1 0.625 0.4091796875 0.04296875 0.04296875
1 0.615234375 0.4970703125 0.046875 0.103515625
1 0.5673828125 0.4609375 0.044921875 0.037109375
1 0.5673828125 0.517578125 0.044921875 0.072265625
1 0.537109375 0.4267578125 0.021484375 0.044921875
1 0.5078125 0.439453125 0.029296875 0.060546875
1 0.513671875 0.5146484375 0.052734375 0.078125
1 0.462890625 0.478515625 0.052734375 0.126953125
1 0.4189453125 0.4599609375 0.037109375 0.119140625
1 0.4814453125 0.357421875 0.033203125 0.056640625
1 0.5234375 0.3515625 0.037109375 0.044921875
1 0.5634765625 0.353515625 0.025390625 0.046875