0 0.55859375 0.1982421875 0.029296875 0.03125
0 0.6787109375 0.2216796875 0.03515625 0.03515625
0 0.55859375 0.251953125 0.03515625 0.037109375
0 0.6328125 0.2607421875 0.03515625 0.03515625
0 0.525390625 0.044921875 0.041015625 0.041015625
0 0.404296875 0.060546875 0.046875 0.044921875
0 0.4140625 0.16015625 0.041015625 0.037109375
0 0.384765625 0.2138671875 0.03515625 0.037109375
0 0.490234375 0.248046875 0.03125 0.03125
0 0.498046875 0.27734375 0.029296875 0.041015625
0 0.25390625 0.345703125 0.044921875 0.041015625
0 0.2236328125 0.248046875 0.037109375 0.04296875
0 0.142578125 0.048828125 0.037109375 0.0546875
0 0.3642578125 0.1640625 0.037109375 0.03125
0 0.5341796875 0.20703125 0.037109375 0.041015625
0 0.70703125 0.8642578125 0.03515625 0.037109375
0 0.67578125 0.86328125 0.03125 0.0234375
0 0.6484375 0.8515625 0.029296875 0.025390625
0 0.6279296875 0.841796875 0.025390625 0.03125
0 0.5244140625 0.7705078125 0.03125 0.03515625
0 0.4931640625 0.7548828125 0.041015625 0.037109375
0 0.462890625 0.8173828125 0.029296875 0.037109375
0 0.45703125 0.7822265625 0.025390625 0.03125
0 0.30859375 0.7548828125 0.03125 0.03125
0 0.318359375 0.802734375 0.02734375 0.037109375
0 0.2744140625 0.7666015625 0.029296875 0.029296875
0 0.2587890625 0.7451171875 0.021484375 0.029296875
0 0.2431640625 0.7236328125 0.03125 0.03515625
0 0.2490234375 0.69140625 0.0234375 0.033203125
0 0.232421875 0.919921875 0.029296875 0.033203125
0 0.267578125 0.939453125 0.02734375 0.029296875
0 0.546875 0.8544921875 0.03515625 0.033203125
0 0.7548828125 0.7265625 0.021484375 0.03515625
0 0.4580078125 0.208984375 0.02734375 0.037109375