0 0.2578125 0.7412109375 0.03515625 0.03515625
0 0.236328125 0.77734375 0.029296875 0.029296875
0 0.3701171875 0.435546875 0.0390625 0.04296875
0 0.3271484375 0.58203125 0.033203125 0.037109375
0 0.3154296875 0.6318359375 0.041015625 0.03515625
0 0.22265625 0.6005859375 0.03125 0.025390625
0 0.4384765625 0.3994140625 0.025390625 0.025390625
0 0.48828125 0.0986328125 0.033203125 0.037109375
0 0.5166015625 0.091796875 0.025390625 0.03125
0 0.4541015625 0.5693359375 0.03125 0.029296875
0 0.400390625 0.5673828125 0.033203125 0.025390625
0 0.38671875 0.615234375 0.029296875 0.037109375
0 0.4033203125 0.6787109375 0.03125 0.02734375