1 0.6474609375 0.4521484375 0.01171875 0.029296875
1 0.6474609375 0.548828125 0.02734375 0.12109375
1 0.615234375 0.5087890625 0.041015625 0.05078125
1 0.6181640625 0.568359375 0.037109375 0.05078125
1 0.5654296875 0.5087890625 0.05078125 0.06640625
1 0.5712890625 0.5732421875 0.041015625 0.048828125
1 0.5185546875 0.5166015625 0.0390625 0.044921875
1 0.5234375 0.572265625 0.046875 0.0625
1 0.4765625 0.5068359375 0.02734375 0.0390625
1 0.4755859375 0.5537109375 0.01953125 0.021484375
1 0.5517578125 0.419921875 0.048828125 0.060546875