0 0.2626953125 0.7451171875 0.03515625 0.03515625
0 0.2412109375 0.78125 0.02734375 0.029296875
0 0.369140625 0.4384765625 0.0390625 0.04296875
0 0.3291015625 0.5859375 0.033203125 0.03515625
0 0.3173828125 0.634765625 0.041015625 0.03515625
0 0.2236328125 0.60546875 0.03125 0.0234375
0 0.4365234375 0.400390625 0.025390625 0.025390625
0 0.4814453125 0.0986328125 0.033203125 0.03515625
0 0.509765625 0.091796875 0.025390625 0.03125
0 0.455078125 0.5703125 0.03125 0.029296875
0 0.4013671875 0.5693359375 0.033203125 0.0234375
0 0.3896484375 0.6171875 0.02734375 0.037109375
0 0.40625 0.6806640625 0.029296875 0.02734375