0 0.3974609375 0.595703125 0.05078125 0.0390625
0 0.376953125 0.5341796875 0.04296875 0.02734375
0 0.458984375 0.5224609375 0.044921875 0.03125
0 0.43359375 0.486328125 0.0390625 0.02734375
0 0.396484375 0.4453125 0.041015625 0.03125
0 0.294921875 0.421875 0.033203125 0.0234375
0 0.3251953125 0.34375 0.03515625 0.025390625
0 0.4404296875 0.3046875 0.0625 0.037109375
0 0.564453125 0.3486328125 0.046875 0.033203125
0 0.4716796875 0.423828125 0.03515625 0.025390625
0 0.431640625 0.236328125 0.0390625 0.03125
0 0.7060546875 0.310546875 0.041015625 0.021484375
0 0.822265625 0.259765625 0.041015625 0.033203125
0 0.8359375 0.2431640625 0.029296875 0.025390625
0 0.8291015625 0.216796875 0.029296875 0.025390625
0 0.7421875 0.19921875 0.03515625 0.0234375
0 0.7294921875 0.244140625 0.037109375 0.03125
0 0.5966796875 0.220703125 0.052734375 0.033203125
0 0.4833984375 0.24609375 0.03125 0.0234375
0 0.4658203125 0.185546875 0.03125 0.0234375
0 0.3876953125 0.18359375 0.03515625 0.0234375
0 0.3505859375 0.146484375 0.0390625 0.03125
0 0.4052734375 0.146484375 0.041015625 0.025390625
0 0.443359375 0.134765625 0.03125 0.0234375
0 0.447265625 0.11328125 0.02734375 0.01953125
0 0.4130859375 0.0869140625 0.03515625 0.021484375
0 0.33203125 0.0546875 0.03515625 0.0234375
0 0.3046875 0.0712890625 0.03515625 0.0234375
0 0.3486328125 0.2470703125 0.03515625 0.0234375