1 0.658203125 0.4619140625 0.017578125 0.021484375
1 0.638671875 0.5546875 0.033203125 0.12109375
1 0.6142578125 0.5146484375 0.0390625 0.041015625
1 0.6044921875 0.5703125 0.037109375 0.05078125
1 0.5673828125 0.5009765625 0.05078125 0.0625
1 0.5556640625 0.5693359375 0.046875 0.05859375
1 0.521484375 0.49609375 0.044921875 0.046875
1 0.5107421875 0.5517578125 0.04296875 0.05859375
1 0.48046875 0.4794921875 0.03125 0.029296875
1 0.47265625 0.53515625 0.02734375 0.041015625
1 0.5703125 0.4345703125 0.044921875 0.02734375