0 0.818359375 0.2333984375 0.05078125 0.037109375
0 0.794921875 0.27734375 0.041015625 0.02734375
0 0.72265625 0.2451171875 0.025390625 0.02734375
0 0.619140625 0.2861328125 0.025390625 0.021484375
0 0.662109375 0.318359375 0.029296875 0.017578125
0 0.7392578125 0.2724609375 0.0234375 0.01953125
0 0.7216796875 0.2900390625 0.02734375 0.021484375
0 0.8583984375 0.318359375 0.01953125 0.015625
0 0.884765625 0.3251953125 0.01953125 0.015625
0 0.861328125 0.3466796875 0.01953125 0.013671875
0 0.8876953125 0.3515625 0.0234375 0.013671875
0 0.865234375 0.3818359375 0.01953125 0.013671875
0 0.853515625 0.40234375 0.021484375 0.017578125
0 0.873046875 0.396484375 0.017578125 0.015625
0 0.787109375 0.44921875 0.02734375 0.0234375
0 0.8017578125 0.45703125 0.02734375 0.0234375
0 0.662109375 0.3662109375 0.021484375 0.017578125
0 0.6708984375 0.4169921875 0.017578125 0.015625
0 0.6376953125 0.43359375 0.025390625 0.01953125
0 0.7109375 0.4736328125 0.021484375 0.017578125
0 0.7216796875 0.5107421875 0.0234375 0.01953125
0 0.828125 0.576171875 0.03125 0.025390625
0 0.7880859375 0.5888671875 0.03125 0.01953125
0 0.84375 0.5517578125 0.03125 0.01953125
0 0.5947265625 0.4873046875 0.025390625 0.021484375
0 0.587890625 0.4130859375 0.025390625 0.021484375
0 0.583984375 0.3876953125 0.025390625 0.025390625
0 0.5751953125 0.2958984375 0.021484375 0.0234375
0 0.59765625 0.1826171875 0.029296875 0.021484375
0 0.6787109375 0.5634765625 0.021484375 0.021484375
0 0.6064453125 0.5283203125 0.021484375 0.017578125
0 0.6005859375 0.541015625 0.02734375 0.015625
0 0.62890625 0.6025390625 0.0234375 0.021484375
0 0.6416015625 0.6298828125 0.0234375 0.015625
0 0.65234375 0.671875 0.013671875 0.01171875
0 0.7734375 0.6923828125 0.02734375 0.017578125
0 0.8056640625 0.693359375 0.0234375 0.021484375
0 0.8525390625 0.642578125 0.0234375 0.021484375
0 0.8017578125 0.7265625 0.033203125 0.0234375
0 0.75390625 0.7646484375 0.03125 0.0234375
0 0.828125 0.7353515625 0.033203125 0.0234375
0 0.65234375 0.7099609375 0.03125 0.029296875
0 0.609375 0.6787109375 0.0234375 0.0234375
0 0.6904296875 0.720703125 0.025390625 0.021484375
0 0.3173828125 0.33203125 0.041015625 0.033203125
0 0.251953125 0.267578125 0.029296875 0.02734375
0 0.203125 0.2958984375 0.029296875 0.025390625
0 0.1953125 0.3134765625 0.025390625 0.01953125
0 0.15234375 0.2548828125 0.03515625 0.025390625
0 0.29296875 0.224609375 0.025390625 0.021484375
0 0.24609375 0.18359375 0.029296875 0.02734375
0 0.32421875 0.2138671875 0.03125 0.0234375
0 0.3486328125 0.201171875 0.02734375 0.017578125
0 0.3779296875 0.1689453125 0.0234375 0.021484375
0 0.36328125 0.2783203125 0.0234375 0.01953125
0 0.3583984375 0.34765625 0.02734375 0.021484375
0 0.3857421875 0.3291015625 0.02734375 0.021484375
0 0.3837890625 0.3701171875 0.01953125 0.021484375
0 0.361328125 0.39453125 0.02734375 0.01953125
0 0.37109375 0.408203125 0.03125 0.021484375
0 0.310546875 0.4453125 0.037109375 0.03125
0 0.294921875 0.47265625 0.037109375 0.029296875
0 0.2216796875 0.4970703125 0.033203125 0.0234375
0 0.1845703125 0.515625 0.02734375 0.015625
0 0.185546875 0.53125 0.0234375 0.01953125
0 0.2177734375 0.548828125 0.03125 0.025390625
0 0.2685546875 0.5556640625 0.03125 0.01953125
0 0.240234375 0.5791015625 0.03125 0.0234375
0 0.3310546875 0.57421875 0.041015625 0.021484375
0 0.31640625 0.5908203125 0.03125 0.01953125
0 0.1796875 0.63671875 0.03125 0.0234375
0 0.1435546875 0.5810546875 0.025390625 0.025390625
0 0.1064453125 0.572265625 0.03125 0.01953125
0 0.109375 0.599609375 0.021484375 0.0234375
0 0.0986328125 0.4736328125 0.03125 0.025390625
0 0.0888671875 0.3857421875 0.029296875 0.03125
0 0.0751953125 0.2939453125 0.03125 0.025390625
0 0.2119140625 0.1689453125 0.046875 0.02734375
0 0.3603515625 0.6533203125 0.0234375 0.01953125
0 0.3916015625 0.5986328125 0.03515625 0.029296875
0 0.419921875 0.5029296875 0.02734375 0.021484375
0 0.3671875 0.5087890625 0.03125 0.01953125
0 0.38671875 0.5068359375 0.0234375 0.01953125
0 0.419921875 0.5712890625 0.03125 0.02734375
0 0.431640625 0.591796875 0.03125 0.025390625
0 0.443359375 0.6083984375 0.03125 0.01953125
0 0.3955078125 0.6396484375 0.025390625 0.025390625
0 0.369140625 0.71484375 0.0234375 0.021484375
0 0.3271484375 0.716796875 0.03125 0.029296875
0 0.3115234375 0.7060546875 0.029296875 0.021484375
0 0.2509765625 0.7734375 0.01953125 0.021484375
0 0.2275390625 0.7998046875 0.03125 0.0234375
0 0.1513671875 0.7744140625 0.03125 0.029296875
0 0.1455078125 0.728515625 0.02734375 0.03125
0 0.2607421875 0.822265625 0.033203125 0.0234375
0 0.22265625 0.8310546875 0.029296875 0.017578125
0 0.1630859375 0.85546875 0.03515625 0.0234375
0 0.376953125 0.8095703125 0.041015625 0.03125
0 0.3671875 0.826171875 0.03125 0.0234375
0 0.4365234375 0.765625 0.0234375 0.021484375
0 0.3720703125 0.7431640625 0.033203125 0.0234375
0 0.4462890625 0.7314453125 0.021484375 0.015625
0 0.44921875 0.7490234375 0.0234375 0.015625
0 0.8818359375 0.6416015625 0.02734375 0.01953125
0 0.8818359375 0.51953125 0.02734375 0.01953125
0 0.560546875 0.1982421875 0.029296875 0.025390625
0 0.634765625 0.203125 0.02734375 0.01953125
0 0.5673828125 0.0947265625 0.03515625 0.025390625
0 0.1513671875 0.1064453125 0.02734375 0.025390625
0 0.0634765625 0.16015625 0.033203125 0.025390625
0 0.255859375 0.076171875 0.02734375 0.0234375
0 0.3125 0.0810546875 0.029296875 0.025390625
0 0.3349609375 0.0732421875 0.02734375 0.021484375
0 0.3173828125 0.03125 0.03125 0.021484375
0 0.0341796875 0.2109375 0.0234375 0.021484375
0 0.744140625 0.0341796875 0.02734375 0.021484375
0 0.8232421875 0.0419921875 0.033203125 0.0234375
0 0.6044921875 0.0341796875 0.02734375 0.01953125
0 0.8076171875 0.8173828125 0.037109375 0.03125
0 0.798828125 0.791015625 0.033203125 0.021484375
0 0.75 0.818359375 0.033203125 0.025390625
0 0.62109375 0.8251953125 0.03125 0.029296875
0 0.87890625 0.734375 0.03125 0.0234375
0 0.888671875 0.7744140625 0.025390625 0.0234375
0 0.390625 0.9228515625 0.033203125 0.02734375
0 0.369140625 0.9423828125 0.0234375 0.01953125
0 0.298828125 0.9794921875 0.033203125 0.025390625
0 0.2109375 0.8876953125 0.03125 0.029296875
0 0.173828125 0.8779296875 0.0234375 0.021484375
0 0.16015625 0.919921875 0.025390625 0.01953125
0 0.1875 0.9638671875 0.03515625 0.025390625
0 0.2265625 0.9326171875 0.02734375 0.015625
0 0.4521484375 0.8115234375 0.037109375 0.02734375
0 0.41796875 0.8193359375 0.03125 0.01953125
0 0.41015625 0.8427734375 0.02734375 0.025390625
0 0.42578125 0.8515625 0.03125 0.029296875
0 0.46484375 0.8759765625 0.03125 0.025390625
0 0.8134765625 0.8876953125 0.021484375 0.01953125