0 0.498046875 0.71875 0.021484375 0.017578125
0 0.462890625 0.685546875 0.015625 0.015625
0 0.482421875 0.673828125 0.01953125 0.01953125
0 0.44921875 0.642578125 0.025390625 0.017578125
0 0.4716796875 0.6064453125 0.01953125 0.01953125
0 0.4462890625 0.599609375 0.01953125 0.013671875
0 0.4423828125 0.5654296875 0.01953125 0.013671875
0 0.421875 0.5791015625 0.013671875 0.015625
0 0.41796875 0.6083984375 0.021484375 0.021484375
0 0.4462890625 0.6708984375 0.021484375 0.01953125
0 0.52734375 0.7529296875 0.01953125 0.021484375
0 0.6591796875 0.7109375 0.01953125 0.021484375