1 0.6474609375 0.44140625 0.01953125 0.02734375
1 0.6484375 0.5322265625 0.029296875 0.115234375
1 0.6162109375 0.498046875 0.041015625 0.052734375
1 0.619140625 0.55859375 0.041015625 0.05078125
1 0.5654296875 0.498046875 0.048828125 0.060546875
1 0.5712890625 0.568359375 0.046875 0.0703125
1 0.521484375 0.50390625 0.04296875 0.046875
1 0.5244140625 0.5615234375 0.04296875 0.056640625
1 0.474609375 0.4921875 0.0234375 0.029296875
1 0.4755859375 0.546875 0.015625 0.029296875
1 0.5546875 0.4111328125 0.048828125 0.078125