1 0.37890625 0.4912109375 0.0703125 0.1796875
1 0.43359375 0.515625 0.0625 0.12109375
1 0.458984375 0.4453125 0.0234375 0.046875
1 0.4794921875 0.4716796875 0.015625 0.015625
1 0.478515625 0.498046875 0.03125 0.021484375
1 0.47265625 0.5390625 0.021484375 0.0390625
1 0.4892578125 0.4453125 0.025390625 0.041015625
1 0.5078125 0.5234375 0.02734375 0.076171875
1 0.5185546875 0.4462890625 0.037109375 0.07421875
1 0.5419921875 0.5205078125 0.0546875 0.0625
1 0.5771484375 0.45703125 0.052734375 0.130859375
1 0.50390625 0.3603515625 0.041015625 0.0625
1 0.4599609375 0.3681640625 0.048828125 0.064453125
1 0.419921875 0.3720703125 0.03125 0.056640625