1 0.611328125 0.3916015625 0.046875 0.05859375
1 0.6181640625 0.48828125 0.064453125 0.109375
1 0.5595703125 0.453125 0.041015625 0.044921875
1 0.5703125 0.5166015625 0.0546875 0.083984375
1 0.51171875 0.466796875 0.01953125 0.01953125
1 0.513671875 0.4912109375 0.044921875 0.03125
1 0.53515625 0.5263671875 0.0234375 0.04296875
1 0.4921875 0.4375 0.0234375 0.044921875
1 0.4677734375 0.45703125 0.03125 0.05859375
1 0.4765625 0.529296875 0.072265625 0.05078125
1 0.4130859375 0.470703125 0.048828125 0.1171875
1 0.45703125 0.365234375 0.037109375 0.05859375
1 0.498046875 0.3583984375 0.041015625 0.0625
1 0.5419921875 0.3544921875 0.041015625 0.0625