0 0.80078125 0.576171875 0.0234375 0.029296875
0 0.748046875 0.5693359375 0.021484375 0.021484375
0 0.71484375 0.521484375 0.01953125 0.021484375
0 0.662109375 0.5185546875 0.013671875 0.017578125
0 0.6630859375 0.548828125 0.017578125 0.021484375
0 0.611328125 0.529296875 0.01953125 0.025390625
0 0.5654296875 0.501953125 0.017578125 0.021484375
0 0.4990234375 0.46484375 0.015625 0.015625
0 0.4443359375 0.4912109375 0.01953125 0.0234375
0 0.8681640625 0.5400390625 0.017578125 0.021484375
0 0.8330078125 0.5009765625 0.013671875 0.015625
0 0.779296875 0.4921875 0.017578125 0.01953125
0 0.6875 0.591796875 0.015625 0.015625
0 0.6357421875 0.587890625 0.0234375 0.0234375
0 0.517578125 0.5107421875 0.017578125 0.0234375
0 0.4990234375 0.5537109375 0.015625 0.015625
0 0.548828125 0.5322265625 0.015625 0.017578125
0 0.6826171875 0.4873046875 0.015625 0.017578125
0 0.2626953125 0.4423828125 0.021484375 0.021484375
0 0.2861328125 0.470703125 0.013671875 0.017578125
0 0.3173828125 0.47265625 0.021484375 0.021484375
0 0.26953125 0.525390625 0.015625 0.015625
0 0.2294921875 0.498046875 0.015625 0.01953125
0 0.2265625 0.43359375 0.017578125 0.01953125
0 0.18359375 0.4765625 0.017578125 0.021484375
0 0.1787109375 0.42578125 0.01953125 0.025390625
0 0.138671875 0.458984375 0.015625 0.015625
0 0.83984375 0.6298828125 0.015625 0.017578125
0 0.6376953125 0.4765625 0.015625 0.017578125
0 0.59375 0.462890625 0.015625 0.017578125
0 0.357421875 0.4501953125 0.01953125 0.021484375
0 0.22265625 0.40625 0.015625 0.015625