1 0.6474609375 0.423828125 0.052734375 0.0546875
1 0.6220703125 0.5146484375 0.072265625 0.11328125
1 0.576171875 0.4697265625 0.04296875 0.037109375
1 0.56640625 0.5224609375 0.064453125 0.083984375
1 0.5537109375 0.4287109375 0.01953125 0.0390625
1 0.5283203125 0.451171875 0.021484375 0.01953125
1 0.5283203125 0.4775390625 0.037109375 0.02734375
1 0.5283203125 0.51953125 0.025390625 0.04296875
1 0.5224609375 0.4228515625 0.025390625 0.037109375
1 0.4970703125 0.4990234375 0.029296875 0.072265625
1 0.4892578125 0.4306640625 0.037109375 0.0703125
1 0.470703125 0.501953125 0.037109375 0.048828125
1 0.4482421875 0.4951171875 0.0234375 0.044921875
1 0.43359375 0.4287109375 0.0546875 0.115234375
1 0.513671875 0.3466796875 0.04296875 0.056640625
1 0.5537109375 0.35546875 0.0390625 0.03515625
1 0.5927734375 0.3662109375 0.02734375 0.03125