0 0.57421875 0.3544921875 0.021484375 0.021484375
0 0.513671875 0.404296875 0.037109375 0.0234375
0 0.5380859375 0.4619140625 0.037109375 0.02734375
0 0.6474609375 0.4541015625 0.029296875 0.017578125
0 0.615234375 0.439453125 0.025390625 0.021484375
0 0.599609375 0.5 0.03515625 0.0234375
0 0.4208984375 0.498046875 0.025390625 0.029296875
0 0.3525390625 0.4384765625 0.021484375 0.029296875
0 0.31640625 0.5693359375 0.037109375 0.029296875
0 0.349609375 0.4921875 0.029296875 0.02734375
0 0.548828125 0.3193359375 0.03125 0.025390625
0 0.517578125 0.2744140625 0.03515625 0.02734375
0 0.5009765625 0.294921875 0.03125 0.02734375
0 0.4111328125 0.3583984375 0.03125 0.01953125
0 0.607421875 0.38671875 0.037109375 0.01953125
0 0.681640625 0.4912109375 0.029296875 0.02734375
0 0.4736328125 0.6298828125 0.0234375 0.021484375
0 0.4462890625 0.6484375 0.021484375 0.01953125
0 0.583984375 0.6201171875 0.025390625 0.01953125
0 0.6259765625 0.6142578125 0.029296875 0.017578125
0 0.65625 0.6220703125 0.029296875 0.013671875
0 0.658203125 0.6455078125 0.017578125 0.017578125