1 0.6220703125 0.376953125 0.041015625 0.041015625
1 0.6162109375 0.427734375 0.044921875 0.013671875
1 0.6181640625 0.486328125 0.05078125 0.078125
1 0.5625 0.4365234375 0.044921875 0.029296875
1 0.568359375 0.482421875 0.048828125 0.060546875
1 0.515625 0.462890625 0.046875 0.02734375
1 0.5283203125 0.501953125 0.01953125 0.041015625
1 0.498046875 0.4970703125 0.01953125 0.02734375
1 0.5 0.41015625 0.021484375 0.041015625
1 0.529296875 0.404296875 0.01953125 0.041015625
1 0.4697265625 0.4228515625 0.025390625 0.064453125
1 0.4638671875 0.494140625 0.048828125 0.052734375
1 0.4189453125 0.4365234375 0.0390625 0.115234375
1 0.38671875 0.4287109375 0.013671875 0.1328125
1 0.470703125 0.3525390625 0.037109375 0.009765625
1 0.5966796875 0.3994140625 0.01953125 0.037109375