1 0.5947265625 0.376953125 0.05078125 0.0546875
1 0.6142578125 0.46484375 0.0703125 0.10546875
1 0.552734375 0.4453125 0.044921875 0.041015625
1 0.5693359375 0.494140625 0.05859375 0.078125
1 0.5166015625 0.4248046875 0.029296875 0.044921875
1 0.5068359375 0.4580078125 0.0234375 0.01953125
1 0.5107421875 0.4833984375 0.048828125 0.03125
1 0.5341796875 0.515625 0.02734375 0.046875
1 0.4765625 0.52734375 0.07421875 0.05859375
1 0.51953125 0.3408203125 0.0390625 0.068359375
1 0.5546875 0.314453125 0.0234375 0.0234375
1 0.48046875 0.353515625 0.05078125 0.0625
1 0.439453125 0.3671875 0.04296875 0.060546875
1 0.484375 0.4306640625 0.03125 0.0546875
1 0.458984375 0.451171875 0.037109375 0.0703125
1 0.412109375 0.4814453125 0.06640625 0.130859375