0 0.0322265625 0.3544921875 0.01953125 0.029296875
0 0.017578125 0.2744140625 0.021484375 0.029296875
0 0.0478515625 0.419921875 0.0234375 0.05078125
0 0.0576171875 0.501953125 0.021484375 0.041015625
0 0.0673828125 0.5458984375 0.0234375 0.04296875
0 0.09765625 0.51171875 0.017578125 0.017578125
0 0.0810546875 0.38671875 0.021484375 0.029296875
0 0.07421875 0.3505859375 0.025390625 0.021484375
0 0.08203125 0.302734375 0.025390625 0.048828125
0 0.1572265625 0.15234375 0.01953125 0.029296875
0 0.216796875 0.38671875 0.015625 0.02734375
0 0.2451171875 0.57421875 0.021484375 0.029296875
0 0.2529296875 0.6201171875 0.017578125 0.0234375
0 0.2578125 0.669921875 0.01171875 0.01953125
0 0.2685546875 0.69921875 0.021484375 0.04296875
0 0.12109375 0.6435546875 0.021484375 0.044921875
0 0.109375 0.5634765625 0.021484375 0.04296875
0 0.115234375 0.6064453125 0.021484375 0.025390625
0 0.09375 0.4736328125 0.0234375 0.044921875
0 0.1669921875 0.216796875 0.015625 0.029296875
0 0.1279296875 0.1396484375 0.013671875 0.033203125
0 0.14453125 0.228515625 0.02734375 0.04296875
0 0.482421875 0.353515625 0.0625 0.33203125