1 0.3447265625 0.439453125 0.0146484375 0.0283203125
1 0.3544921875 0.505859375 0.0166015625 0.01953125
1 0.357421875 0.564453125 0.0146484375 0.064453125
1 0.3837890625 0.5068359375 0.0302734375 0.0322265625
1 0.3857421875 0.5537109375 0.0283203125 0.0439453125
1 0.43359375 0.4921875 0.04296875 0.056640625
1 0.4375 0.55859375 0.0419921875 0.046875
1 0.48046875 0.4921875 0.0361328125 0.0390625
1 0.482421875 0.5517578125 0.03515625 0.056640625
1 0.5205078125 0.4765625 0.029296875 0.0458984375
1 0.5205078125 0.53515625 0.0244140625 0.037109375