0 0.3896484375 0.212890625 0.03515625 0.037109375
0 0.275390625 0.2568359375 0.041015625 0.041015625
0 0.3984375 0.265625 0.041015625 0.04296875
0 0.3271484375 0.2880859375 0.041015625 0.041015625
0 0.3955078125 0.056640625 0.048828125 0.048828125
0 0.5185546875 0.05078125 0.0546875 0.052734375
0 0.525390625 0.150390625 0.046875 0.044921875
0 0.5634765625 0.1982421875 0.041015625 0.04296875
0 0.4658203125 0.25 0.037109375 0.037109375
0 0.462890625 0.2802734375 0.03515625 0.044921875
0 0.7158203125 0.3046875 0.05078125 0.048828125
0 0.7275390625 0.2041015625 0.04296875 0.048828125
0 0.7734375 0.01171875 0.046875 0.0234375
0 0.5751953125 0.1455078125 0.04296875 0.037109375
0 0.4150390625 0.216796875 0.044921875 0.046875
0 0.359375 0.89453125 0.041015625 0.041015625
0 0.390625 0.888671875 0.03515625 0.029296875
0 0.4150390625 0.8720703125 0.033203125 0.03125
0 0.43359375 0.859375 0.03125 0.03515625
0 0.5224609375 0.771484375 0.037109375 0.0390625
0 0.55078125 0.75 0.046875 0.044921875
0 0.591796875 0.806640625 0.03515625 0.04296875
0 0.591796875 0.7705078125 0.03125 0.03515625
0 0.732421875 0.7177734375 0.037109375 0.037109375
0 0.7314453125 0.7666015625 0.033203125 0.041015625
0 0.7685546875 0.7236328125 0.033203125 0.033203125
0 0.7802734375 0.69921875 0.02734375 0.03125
0 0.7919921875 0.67578125 0.037109375 0.0390625
0 0.7802734375 0.64453125 0.029296875 0.037109375
0 0.8359375 0.8671875 0.033203125 0.037109375
0 0.8046875 0.892578125 0.03125 0.033203125
0 0.515625 0.857421875 0.0390625 0.0390625
0 0.2880859375 0.7666015625 0.02734375 0.037109375
0 0.490234375 0.2060546875 0.033203125 0.041015625