1 0.3818359375 0.396484375 0.046875 0.05078125
1 0.380859375 0.486328125 0.052734375 0.09765625
1 0.4384765625 0.44921875 0.041015625 0.037109375
1 0.4326171875 0.505859375 0.046875 0.0703125
1 0.470703125 0.423828125 0.021484375 0.044921875
1 0.4873046875 0.4560546875 0.01953125 0.015625
1 0.4775390625 0.48046875 0.03125 0.01953125
1 0.46875 0.517578125 0.01953125 0.037109375
1 0.5029296875 0.4267578125 0.025390625 0.041015625
1 0.5048828125 0.5087890625 0.01953125 0.0703125
1 0.53125 0.439453125 0.0234375 0.06640625
1 0.5283203125 0.515625 0.029296875 0.046875
1 0.552734375 0.5146484375 0.021484375 0.056640625
1 0.5830078125 0.458984375 0.041015625 0.123046875
1 0.5322265625 0.3544921875 0.033203125 0.056640625
1 0.490234375 0.34765625 0.041015625 0.056640625
1 0.447265625 0.345703125 0.03125 0.05078125
1 0.4052734375 0.3251953125 0.029296875 0.017578125