1 0.36328125 0.4111328125 0.021484375 0.03125
1 0.3525390625 0.5078125 0.04296875 0.126953125
1 0.388671875 0.474609375 0.044921875 0.05078125
1 0.376953125 0.5302734375 0.046875 0.05078125
1 0.4345703125 0.4853515625 0.052734375 0.06640625
1 0.423828125 0.5498046875 0.05078125 0.05859375
1 0.482421875 0.490234375 0.044921875 0.052734375
1 0.46875 0.548828125 0.046875 0.0625
1 0.525390625 0.490234375 0.029296875 0.0390625
1 0.51953125 0.5341796875 0.021484375 0.03515625
1 0.4609375 0.396484375 0.060546875 0.07421875