0 0.7919921875 0.138671875 0.0390625 0.03515625
0 0.6396484375 0.0927734375 0.052734375 0.03515625
0 0.39453125 0.119140625 0.052734375 0.044921875
0 0.51171875 0.18359375 0.068359375 0.05078125
0 0.6787109375 0.1953125 0.0625 0.041015625
0 0.826171875 0.232421875 0.0625 0.041015625
0 0.7705078125 0.310546875 0.05859375 0.04296875
0 0.857421875 0.33984375 0.0625 0.046875
0 0.828125 0.41796875 0.056640625 0.037109375
0 0.8115234375 0.4423828125 0.041015625 0.03125
0 0.8662109375 0.4423828125 0.052734375 0.044921875
0 0.76171875 0.5126953125 0.05078125 0.04296875
0 0.638671875 0.4111328125 0.078125 0.046875
0 0.6728515625 0.2978515625 0.0546875 0.044921875
0 0.5615234375 0.3125 0.078125 0.064453125
0 0.49609375 0.3203125 0.068359375 0.060546875
0 0.31640625 0.24609375 0.056640625 0.046875
0 0.2333984375 0.1962890625 0.060546875 0.05078125
0 0.228515625 0.27734375 0.064453125 0.0546875
0 0.2099609375 0.4150390625 0.0703125 0.04296875
0 0.2998046875 0.4873046875 0.060546875 0.056640625
0 0.357421875 0.361328125 0.05859375 0.041015625
0 0.4541015625 0.4462890625 0.060546875 0.046875
0 0.404296875 0.5537109375 0.056640625 0.048828125
0 0.5341796875 0.529296875 0.07421875 0.046875
0 0.6943359375 0.642578125 0.068359375 0.048828125
0 0.7578125 0.63671875 0.05078125 0.037109375
0 0.8642578125 0.638671875 0.078125 0.041015625
0 0.9130859375 0.6708984375 0.0625 0.044921875
0 0.7998046875 0.7509765625 0.044921875 0.041015625
0 0.7216796875 0.7646484375 0.05078125 0.048828125
0 0.4970703125 0.7529296875 0.068359375 0.044921875
0 0.20703125 0.64453125 0.06640625 0.04296875
0 0.1591796875 0.5673828125 0.04296875 0.037109375
0 0.130859375 0.5986328125 0.046875 0.041015625
0 0.1025390625 0.53125 0.04296875 0.041015625
0 0.0947265625 0.40625 0.04296875 0.04296875
0 0.109375 0.2685546875 0.041015625 0.041015625
0 0.201171875 0.3232421875 0.04296875 0.044921875
0 0.2578125 0.099609375 0.0625 0.05078125
0 0.4765625 0.8369140625 0.0546875 0.056640625
0 0.3505859375 0.81640625 0.046875 0.041015625
0 0.333984375 0.7255859375 0.05859375 0.048828125
0 0.2470703125 0.7724609375 0.060546875 0.03515625
0 0.1201171875 0.74609375 0.041015625 0.041015625
0 0.1826171875 0.6904296875 0.046875 0.041015625
0 0.5478515625 0.9619140625 0.06640625 0.05078125
0 0.6064453125 0.8623046875 0.0546875 0.04296875
0 0.6650390625 0.869140625 0.06640625 0.0546875
0 0.734375 0.9580078125 0.06640625 0.046875
0 0.326171875 0.8984375 0.0546875 0.03515625
0 0.24609375 0.8583984375 0.046875 0.044921875
0 0.3466796875 0.93359375 0.056640625 0.041015625
0 0.7626953125 0.8837890625 0.04296875 0.0390625