1 0.6435546875 0.4423828125 0.013671875 0.029296875
1 0.650390625 0.5390625 0.03515625 0.12109375
1 0.615234375 0.5009765625 0.044921875 0.052734375
1 0.623046875 0.5595703125 0.041015625 0.052734375
1 0.56640625 0.50390625 0.0546875 0.068359375
1 0.576171875 0.5673828125 0.044921875 0.05078125
1 0.51953125 0.515625 0.041015625 0.046875
1 0.5283203125 0.5703125 0.05078125 0.064453125
1 0.4765625 0.5078125 0.029296875 0.0390625
1 0.4794921875 0.5556640625 0.021484375 0.0234375
1 0.5458984375 0.4169921875 0.052734375 0.0625