1 0.6259765625 0.4404296875 0.041015625 0.05078125
1 0.6181640625 0.53515625 0.052734375 0.09375
1 0.564453125 0.4970703125 0.037109375 0.03125
1 0.568359375 0.552734375 0.046875 0.0703125
1 0.53515625 0.46484375 0.017578125 0.044921875
1 0.515625 0.4951171875 0.017578125 0.013671875
1 0.521484375 0.5224609375 0.03515625 0.017578125
1 0.53125 0.5625 0.017578125 0.0390625
1 0.5029296875 0.466796875 0.01953125 0.0390625
1 0.49609375 0.5439453125 0.017578125 0.06640625
1 0.4755859375 0.482421875 0.025390625 0.05859375
1 0.4599609375 0.5498046875 0.04296875 0.052734375
1 0.4169921875 0.494140625 0.03515625 0.130859375
1 0.48046875 0.3896484375 0.033203125 0.0546875
1 0.5205078125 0.384765625 0.03515625 0.052734375
1 0.55859375 0.392578125 0.0234375 0.052734375