1 0.380859375 0.38671875 0.04296875 0.046875
1 0.3798828125 0.4833984375 0.052734375 0.103515625
1 0.4384765625 0.4453125 0.041015625 0.037109375
1 0.4306640625 0.5029296875 0.048828125 0.07421875
1 0.484375 0.4541015625 0.021484375 0.017578125
1 0.4765625 0.4765625 0.037109375 0.01953125
1 0.4677734375 0.517578125 0.017578125 0.041015625
1 0.4736328125 0.4189453125 0.017578125 0.0390625
1 0.5029296875 0.427734375 0.017578125 0.0390625
1 0.5048828125 0.50390625 0.01953125 0.076171875
1 0.5302734375 0.4404296875 0.0234375 0.064453125
1 0.5263671875 0.5107421875 0.029296875 0.048828125
1 0.552734375 0.5146484375 0.01953125 0.04296875
1 0.583984375 0.4541015625 0.03515625 0.115234375
1 0.53515625 0.359375 0.03125 0.03125
1 0.4921875 0.3427734375 0.037109375 0.017578125
1 0.451171875 0.345703125 0.025390625 0.041015625