1 0.3701171875 0.3994140625 0.0390625 0.04296875
1 0.3818359375 0.4892578125 0.046875 0.099609375
1 0.4326171875 0.451171875 0.041015625 0.03125
1 0.4326171875 0.50390625 0.044921875 0.0625
1 0.48046875 0.44921875 0.017578125 0.015625
1 0.474609375 0.478515625 0.033203125 0.021484375
1 0.4697265625 0.5146484375 0.013671875 0.041015625
1 0.5029296875 0.49609375 0.01953125 0.064453125
1 0.462890625 0.419921875 0.015625 0.037109375
1 0.494140625 0.421875 0.015625 0.03515625
1 0.5244140625 0.4306640625 0.0234375 0.056640625
1 0.5283203125 0.50390625 0.02734375 0.044921875
1 0.5517578125 0.5048828125 0.017578125 0.041015625
1 0.578125 0.4423828125 0.03515625 0.109375
1 0.5185546875 0.3505859375 0.029296875 0.033203125
1 0.4736328125 0.3466796875 0.03515625 0.017578125
1 0.4345703125 0.353515625 0.021484375 0.033203125