0 0.6748046875 0.685546875 0.04296875 0.044921875
0 0.5986328125 0.5322265625 0.03515625 0.0390625
0 0.578125 0.453125 0.05078125 0.04296875
0 0.498046875 0.4775390625 0.06640625 0.056640625
0 0.408203125 0.447265625 0.048828125 0.046875
0 0.4970703125 0.357421875 0.048828125 0.046875
0 0.5634765625 0.3427734375 0.048828125 0.04296875
0 0.591796875 0.392578125 0.044921875 0.046875
0 0.6474609375 0.3759765625 0.041015625 0.03125
0 0.6865234375 0.322265625 0.0390625 0.041015625
0 0.7529296875 0.3759765625 0.03515625 0.03515625
0 0.732421875 0.3232421875 0.03515625 0.03125
0 0.72265625 0.28515625 0.0390625 0.03515625
0 0.7099609375 0.2529296875 0.037109375 0.03125
0 0.77734375 0.3212890625 0.03515625 0.0390625
0 0.7861328125 0.236328125 0.03515625 0.03515625
0 0.69921875 0.17578125 0.041015625 0.041015625
0 0.7275390625 0.16015625 0.033203125 0.0390625
0 0.583984375 0.279296875 0.037109375 0.041015625
0 0.6181640625 0.3212890625 0.033203125 0.033203125
0 0.599609375 0.2314453125 0.03515625 0.03515625
0 0.5439453125 0.251953125 0.03515625 0.03125
0 0.4921875 0.234375 0.03125 0.03125
0 0.509765625 0.2138671875 0.048828125 0.044921875
0 0.435546875 0.220703125 0.0390625 0.0390625
0 0.515625 0.1005859375 0.046875 0.041015625
0 0.3837890625 0.3818359375 0.03515625 0.0390625
0 0.65625 0.185546875 0.037109375 0.03515625
0 0.794921875 0.4443359375 0.03515625 0.0390625
0 0.8173828125 0.4228515625 0.03515625 0.03515625
0 0.8330078125 0.4541015625 0.041015625 0.037109375
0 0.3369140625 0.6796875 0.05078125 0.041015625
0 0.4384765625 0.9248046875 0.037109375 0.03125
0 0.841796875 0.8447265625 0.041015625 0.033203125
0 0.87890625 0.75390625 0.041015625 0.0390625
0 0.958984375 0.767578125 0.044921875 0.044921875
0 0.2314453125 0.7216796875 0.05078125 0.046875