0 0.1953125 0.439453125 0.021484375 0.02734375
0 0.248046875 0.4443359375 0.021484375 0.021484375
0 0.2841796875 0.490234375 0.01953125 0.021484375
0 0.3369140625 0.490234375 0.013671875 0.017578125
0 0.3349609375 0.4599609375 0.015625 0.021484375
0 0.3876953125 0.4765625 0.01953125 0.0234375
0 0.4345703125 0.5009765625 0.017578125 0.021484375
0 0.5029296875 0.53515625 0.015625 0.015625
0 0.556640625 0.505859375 0.01953125 0.0234375
0 0.1298828125 0.478515625 0.015625 0.021484375
0 0.1669921875 0.5166015625 0.013671875 0.013671875
0 0.220703125 0.5224609375 0.017578125 0.01953125
0 0.3076171875 0.41796875 0.015625 0.015625
0 0.359375 0.4189453125 0.021484375 0.021484375
0 0.482421875 0.490234375 0.017578125 0.0234375
0 0.4990234375 0.4462890625 0.015625 0.015625
0 0.44921875 0.4697265625 0.015625 0.017578125
0 0.318359375 0.5224609375 0.015625 0.017578125
0 0.740234375 0.544921875 0.021484375 0.021484375
0 0.7158203125 0.517578125 0.01171875 0.017578125
0 0.68359375 0.517578125 0.021484375 0.021484375
0 0.7294921875 0.462890625 0.015625 0.015625
0 0.76953125 0.48828125 0.015625 0.01953125
0 0.7763671875 0.5517578125 0.017578125 0.01953125
0 0.8173828125 0.5068359375 0.015625 0.021484375
0 0.8251953125 0.5576171875 0.01953125 0.0234375
0 0.86328125 0.521484375 0.015625 0.015625
0 0.1533203125 0.3876953125 0.015625 0.017578125
0 0.3642578125 0.5302734375 0.015625 0.017578125
0 0.408203125 0.5419921875 0.015625 0.017578125
0 0.64453125 0.5419921875 0.01953125 0.021484375
0 0.7822265625 0.5791015625 0.015625 0.015625