0 0.47265625 0.669921875 0.0234375 0.0234375
0 0.451171875 0.6962890625 0.01953125 0.01953125
0 0.4521484375 0.6611328125 0.0234375 0.0234375
0 0.4912109375 0.638671875 0.0234375 0.025390625
0 0.498046875 0.6748046875 0.01953125 0.01953125
0 0.5517578125 0.662109375 0.033203125 0.02734375
0 0.5078125 0.607421875 0.0234375 0.02734375
0 0.517578125 0.5791015625 0.0234375 0.021484375
0 0.50390625 0.521484375 0.021484375 0.029296875
0 0.52734375 0.494140625 0.03125 0.02734375
0 0.5634765625 0.4365234375 0.021484375 0.029296875
0 0.5615234375 0.4658203125 0.0234375 0.0234375
0 0.54296875 0.4375 0.015625 0.017578125
0 0.4873046875 0.572265625 0.01953125 0.0234375