1 0.3759765625 0.4189453125 0.0400390625 0.05859375
1 0.3818359375 0.513671875 0.046875 0.1005859375
1 0.4365234375 0.4716796875 0.0439453125 0.03515625
1 0.4306640625 0.529296875 0.044921875 0.072265625
1 0.4658203125 0.4375 0.0185546875 0.048828125
1 0.482421875 0.47265625 0.0224609375 0.0166015625
1 0.4775390625 0.4990234375 0.03125 0.0146484375
1 0.4697265625 0.537109375 0.0166015625 0.0419921875
1 0.4970703125 0.4453125 0.0166015625 0.0419921875
1 0.5263671875 0.4599609375 0.0234375 0.060546875
1 0.5390625 0.5341796875 0.0439453125 0.046875
1 0.5029296875 0.5185546875 0.0146484375 0.068359375
1 0.5810546875 0.46875 0.0361328125 0.1201171875
1 0.5234375 0.365234375 0.0263671875 0.0537109375
1 0.4833984375 0.3701171875 0.0390625 0.052734375
1 0.439453125 0.3642578125 0.0283203125 0.052734375