1 0.35546875 0.447265625 0.017578125 0.033203125
1 0.3486328125 0.544921875 0.037109375 0.12109375
1 0.3837890625 0.5078125 0.044921875 0.05859375
1 0.375 0.5654296875 0.044921875 0.048828125
1 0.4306640625 0.5126953125 0.052734375 0.068359375
1 0.421875 0.5830078125 0.052734375 0.0625
1 0.4794921875 0.521484375 0.04296875 0.048828125
1 0.46875 0.5791015625 0.046875 0.06640625
1 0.521484375 0.509765625 0.033203125 0.046875
1 0.5126953125 0.5693359375 0.021484375 0.04296875
1 0.4501953125 0.4267578125 0.046875 0.068359375