1 0.375 0.3955078125 0.0400390625 0.044921875
1 0.37890625 0.4873046875 0.044921875 0.10546875
1 0.43359375 0.44921875 0.037109375 0.0361328125
1 0.4306640625 0.505859375 0.048828125 0.0712890625
1 0.466796875 0.41796875 0.017578125 0.0458984375
1 0.484375 0.4521484375 0.015625 0.0087890625
1 0.4775390625 0.4755859375 0.0322265625 0.0224609375
1 0.46875 0.515625 0.0166015625 0.044921875
1 0.498046875 0.421875 0.017578125 0.044921875
1 0.5029296875 0.5048828125 0.017578125 0.076171875
1 0.52734375 0.43359375 0.025390625 0.0654296875
1 0.5283203125 0.5078125 0.0234375 0.0546875
1 0.552734375 0.509765625 0.015625 0.0546875
1 0.58203125 0.4482421875 0.0322265625 0.1181640625
1 0.5244140625 0.3515625 0.033203125 0.052734375
1 0.482421875 0.353515625 0.0361328125 0.0361328125
1 0.4404296875 0.349609375 0.025390625 0.046875