0 0.54296875 0.341796875 0.025390625 0.0234375
0 0.494140625 0.404296875 0.041015625 0.02734375
0 0.529296875 0.455078125 0.041015625 0.033203125
0 0.634765625 0.4248046875 0.03125 0.01953125
0 0.6005859375 0.4169921875 0.029296875 0.025390625
0 0.59765625 0.478515625 0.037109375 0.02734375
0 0.421875 0.5146484375 0.029296875 0.033203125
0 0.3427734375 0.4697265625 0.025390625 0.03125
0 0.3349609375 0.6064453125 0.041015625 0.03515625
0 0.3515625 0.5234375 0.033203125 0.03125
0 0.5107421875 0.3125 0.03515625 0.029296875
0 0.470703125 0.2763671875 0.037109375 0.03125
0 0.458984375 0.298828125 0.03515625 0.03125
0 0.3837890625 0.3798828125 0.033203125 0.0234375
0 0.58203125 0.3662109375 0.0390625 0.0234375
0 0.67578125 0.453125 0.033203125 0.029296875
0 0.501953125 0.6328125 0.02734375 0.025390625
0 0.478515625 0.65625 0.0234375 0.021484375
0 0.6064453125 0.6005859375 0.02734375 0.0234375
0 0.646484375 0.5849609375 0.03125 0.01953125
0 0.677734375 0.5869140625 0.029296875 0.017578125
0 0.6845703125 0.609375 0.01953125 0.01953125