1 0.6572265625 0.4775390625 0.015625 0.029296875
1 0.6337890625 0.576171875 0.03125 0.12109375
1 0.6103515625 0.533203125 0.041015625 0.048828125
1 0.6044921875 0.5888671875 0.04296875 0.048828125
1 0.564453125 0.5234375 0.044921875 0.0625
1 0.552734375 0.5849609375 0.0390625 0.052734375
1 0.517578125 0.517578125 0.0390625 0.041015625
1 0.5087890625 0.5732421875 0.04296875 0.0546875
1 0.4765625 0.4970703125 0.025390625 0.04296875
1 0.466796875 0.5537109375 0.0234375 0.033203125
1 0.5712890625 0.427734375 0.05859375 0.06640625