0 0.548828125 0.2509765625 0.0625 0.05859375
0 0.6044921875 0.2119140625 0.05078125 0.046875
0 0.634765625 0.24609375 0.0546875 0.037109375
0 0.6728515625 0.2705078125 0.046875 0.0390625
0 0.642578125 0.3056640625 0.044921875 0.046875
0 0.5673828125 0.3076171875 0.068359375 0.046875
0 0.568359375 0.326171875 0.072265625 0.033203125
0 0.5712890625 0.3583984375 0.05859375 0.04296875
0 0.501953125 0.5078125 0.05859375 0.05078125
0 0.5458984375 0.634765625 0.080078125 0.068359375
0 0.3935546875 0.65234375 0.08984375 0.076171875
0 0.2890625 0.58203125 0.095703125 0.06640625
0 0.1513671875 0.625 0.0625 0.064453125
0 0.1845703125 0.67578125 0.078125 0.064453125
0 0.2314453125 0.7197265625 0.080078125 0.05859375
0 0.2197265625 0.8369140625 0.087890625 0.05078125
0 0.4560546875 0.83203125 0.087890625 0.0546875
0 0.4384765625 0.7529296875 0.08984375 0.05859375
0 0.5078125 0.748046875 0.08203125 0.0625
0 0.583984375 0.7900390625 0.08984375 0.072265625
0 0.3701171875 0.865234375 0.083984375 0.060546875
0 0.2490234375 0.888671875 0.1015625 0.072265625