0 0.453125 0.2939453125 0.02734375 0.021484375
0 0.42578125 0.3203125 0.021484375 0.0234375
0 0.5654296875 0.314453125 0.0234375 0.017578125
0 0.6279296875 0.3154296875 0.03515625 0.029296875
0 0.6298828125 0.359375 0.0234375 0.0234375
0 0.408203125 0.3955078125 0.01953125 0.021484375
0 0.390625 0.357421875 0.02734375 0.025390625
0 0.306640625 0.388671875 0.0234375 0.021484375
0 0.259765625 0.4013671875 0.0234375 0.0234375
0 0.322265625 0.427734375 0.0234375 0.0234375
0 0.4638671875 0.4140625 0.025390625 0.025390625
0 0.4423828125 0.4384765625 0.0234375 0.017578125
0 0.38671875 0.3837890625 0.021484375 0.021484375
0 0.5 0.3720703125 0.0234375 0.0234375
0 0.5048828125 0.349609375 0.025390625 0.0234375
0 0.5107421875 0.330078125 0.01953125 0.015625
0 0.5400390625 0.3486328125 0.021484375 0.017578125
0 0.60546875 0.404296875 0.021484375 0.021484375
0 0.630859375 0.375 0.01953125 0.015625
0 0.6240234375 0.4560546875 0.017578125 0.01953125
0 0.5615234375 0.4384765625 0.0234375 0.021484375
0 0.4609375 0.474609375 0.01953125 0.015625
0 0.6533203125 0.470703125 0.025390625 0.025390625
0 0.359375 0.32421875 0.02734375 0.025390625