1 0.37109375 0.4033203125 0.052734375 0.05078125
1 0.3798828125 0.494140625 0.0546875 0.1015625
1 0.4306640625 0.4541015625 0.046875 0.037109375
1 0.431640625 0.5068359375 0.046875 0.06640625
1 0.4599609375 0.4208984375 0.01953125 0.0390625
1 0.4814453125 0.447265625 0.01953125 0.017578125
1 0.48046875 0.4755859375 0.044921875 0.025390625
1 0.470703125 0.517578125 0.01953125 0.04296875
1 0.505859375 0.51171875 0.01953125 0.041015625
1 0.4921875 0.419921875 0.021484375 0.041015625
1 0.5224609375 0.4296875 0.029296875 0.060546875
1 0.5283203125 0.5048828125 0.02734375 0.05078125
1 0.5517578125 0.5029296875 0.017578125 0.046875
1 0.5771484375 0.4443359375 0.044921875 0.13671875
1 0.51171875 0.349609375 0.033203125 0.048828125
1 0.4716796875 0.353515625 0.037109375 0.044921875
1 0.43359375 0.359375 0.021484375 0.02734375