0 0.7666015625 0.181640625 0.037109375 0.05078125
0 0.72265625 0.205078125 0.02734375 0.041015625
0 0.7548828125 0.27734375 0.02734375 0.025390625
0 0.7138671875 0.380859375 0.021484375 0.025390625
0 0.681640625 0.337890625 0.017578125 0.029296875
0 0.7275390625 0.2607421875 0.01953125 0.0234375
0 0.7099609375 0.2783203125 0.021484375 0.02734375
0 0.681640625 0.1416015625 0.015625 0.01953125
0 0.6748046875 0.115234375 0.015625 0.01953125
0 0.6533203125 0.138671875 0.013671875 0.01953125
0 0.6484375 0.1123046875 0.013671875 0.0234375
0 0.6181640625 0.134765625 0.013671875 0.01953125
0 0.59765625 0.146484375 0.017578125 0.021484375
0 0.603515625 0.126953125 0.015625 0.017578125
0 0.55078125 0.212890625 0.0234375 0.02734375
0 0.54296875 0.1982421875 0.0234375 0.02734375
0 0.6337890625 0.337890625 0.017578125 0.021484375
0 0.5830078125 0.3291015625 0.015625 0.017578125
0 0.56640625 0.3623046875 0.01953125 0.025390625
0 0.5263671875 0.2890625 0.017578125 0.021484375
0 0.4892578125 0.2783203125 0.01953125 0.0234375
0 0.423828125 0.171875 0.025390625 0.03125
0 0.4111328125 0.2119140625 0.01953125 0.03125
0 0.4482421875 0.15625 0.01953125 0.03125
0 0.5126953125 0.4052734375 0.021484375 0.025390625
0 0.5869140625 0.412109375 0.021484375 0.025390625
0 0.6123046875 0.416015625 0.025390625 0.025390625
0 0.7041015625 0.4248046875 0.0234375 0.021484375
0 0.8173828125 0.40234375 0.021484375 0.029296875
0 0.4365234375 0.3212890625 0.021484375 0.021484375
0 0.4716796875 0.3935546875 0.017578125 0.021484375
0 0.458984375 0.3994140625 0.015625 0.02734375
0 0.3974609375 0.37109375 0.021484375 0.0234375
0 0.3701171875 0.3583984375 0.015625 0.0234375
0 0.328125 0.34765625 0.01171875 0.013671875
0 0.3076171875 0.2265625 0.017578125 0.02734375
0 0.306640625 0.1943359375 0.021484375 0.0234375
0 0.357421875 0.1474609375 0.021484375 0.0234375
0 0.2734375 0.1982421875 0.0234375 0.033203125
0 0.2353515625 0.24609375 0.0234375 0.03125
0 0.2646484375 0.171875 0.0234375 0.033203125
0 0.2900390625 0.34765625 0.029296875 0.03125
0 0.3212890625 0.390625 0.0234375 0.0234375
0 0.279296875 0.3095703125 0.021484375 0.025390625
0 0.66796875 0.6826171875 0.033203125 0.041015625
0 0.732421875 0.748046875 0.02734375 0.029296875
0 0.7041015625 0.796875 0.025390625 0.029296875
0 0.6865234375 0.8046875 0.01953125 0.025390625
0 0.7451171875 0.84765625 0.025390625 0.03515625
0 0.775390625 0.70703125 0.021484375 0.025390625
0 0.81640625 0.75390625 0.02734375 0.029296875
0 0.7861328125 0.67578125 0.0234375 0.03125
0 0.798828125 0.6513671875 0.017578125 0.02734375
0 0.8310546875 0.6220703125 0.021484375 0.0234375
0 0.7216796875 0.63671875 0.01953125 0.0234375
0 0.65234375 0.6416015625 0.021484375 0.02734375
0 0.6708984375 0.6142578125 0.021484375 0.02734375
0 0.6298828125 0.6162109375 0.021484375 0.01953125
0 0.60546875 0.638671875 0.01953125 0.02734375
0 0.591796875 0.62890625 0.021484375 0.03125
0 0.5546875 0.689453125 0.03125 0.037109375
0 0.52734375 0.705078125 0.029296875 0.037109375
0 0.5029296875 0.7783203125 0.0234375 0.033203125
0 0.484375 0.8154296875 0.015625 0.02734375
0 0.46875 0.814453125 0.01953125 0.0234375
0 0.451171875 0.7822265625 0.025390625 0.03125
0 0.4443359375 0.7314453125 0.01953125 0.03125
0 0.4208984375 0.759765625 0.0234375 0.03125
0 0.42578125 0.6689453125 0.021484375 0.041015625
0 0.4091796875 0.68359375 0.01953125 0.03125
0 0.36328125 0.8203125 0.0234375 0.03125
0 0.4189453125 0.8564453125 0.025390625 0.025390625
0 0.427734375 0.8935546875 0.01953125 0.03125
0 0.400390625 0.890625 0.0234375 0.021484375
0 0.5263671875 0.9013671875 0.025390625 0.03125
0 0.6142578125 0.9111328125 0.03125 0.03125
0 0.7060546875 0.9248046875 0.025390625 0.033203125
0 0.8310546875 0.7880859375 0.02734375 0.046875
0 0.3466796875 0.6396484375 0.01953125 0.0234375
0 0.4013671875 0.6083984375 0.029296875 0.03515625
0 0.4970703125 0.580078125 0.021484375 0.02734375
0 0.4912109375 0.6328125 0.01953125 0.03125
0 0.4931640625 0.61328125 0.01953125 0.0234375
0 0.4287109375 0.580078125 0.02734375 0.03125
0 0.408203125 0.568359375 0.025390625 0.03125
0 0.3916015625 0.556640625 0.01953125 0.03125
0 0.3603515625 0.6044921875 0.025390625 0.025390625
0 0.28515625 0.630859375 0.021484375 0.0234375
0 0.283203125 0.6728515625 0.029296875 0.03125
0 0.2939453125 0.6884765625 0.021484375 0.029296875
0 0.2265625 0.7490234375 0.021484375 0.01953125
0 0.2001953125 0.7724609375 0.0234375 0.03125
0 0.2255859375 0.8486328125 0.029296875 0.03125
0 0.271484375 0.8544921875 0.03125 0.02734375
0 0.177734375 0.7392578125 0.0234375 0.033203125
0 0.1689453125 0.77734375 0.017578125 0.029296875
0 0.14453125 0.8369140625 0.0234375 0.03515625
0 0.1904296875 0.623046875 0.03125 0.041015625
0 0.173828125 0.6328125 0.0234375 0.03125
0 0.234375 0.5634765625 0.021484375 0.0234375
0 0.2568359375 0.6279296875 0.0234375 0.033203125
0 0.2685546875 0.5537109375 0.015625 0.021484375
0 0.2509765625 0.55078125 0.015625 0.0234375
0 0.3583984375 0.1181640625 0.01953125 0.02734375
0 0.48046875 0.1181640625 0.01953125 0.02734375
0 0.8017578125 0.439453125 0.025390625 0.029296875
0 0.796875 0.365234375 0.01953125 0.02734375
0 0.9052734375 0.4326171875 0.025390625 0.03515625
0 0.8935546875 0.8486328125 0.025390625 0.02734375
0 0.83984375 0.9365234375 0.025390625 0.033203125
0 0.923828125 0.744140625 0.0234375 0.02734375
0 0.9189453125 0.6875 0.025390625 0.029296875
0 0.9267578125 0.6650390625 0.021484375 0.02734375
0 0.96875 0.6826171875 0.021484375 0.03125
0 0.7890625 0.9658203125 0.021484375 0.0234375
0 0.9658203125 0.255859375 0.021484375 0.02734375
0 0.9580078125 0.1767578125 0.0234375 0.033203125
0 0.9658203125 0.3955078125 0.01953125 0.02734375
0 0.1826171875 0.1923828125 0.03125 0.037109375
0 0.208984375 0.201171875 0.021484375 0.033203125
0 0.181640625 0.25 0.025390625 0.033203125
0 0.1748046875 0.37890625 0.029296875 0.03125
0 0.265625 0.12109375 0.0234375 0.03125
0 0.2255859375 0.111328125 0.0234375 0.025390625
0 0.0771484375 0.609375 0.02734375 0.033203125
0 0.0576171875 0.630859375 0.01953125 0.0234375
0 0.0205078125 0.701171875 0.025390625 0.033203125
0 0.1123046875 0.7890625 0.029296875 0.03125
0 0.1220703125 0.826171875 0.021484375 0.0234375
0 0.080078125 0.83984375 0.01953125 0.025390625
0 0.0361328125 0.8125 0.025390625 0.03515625
0 0.0673828125 0.7734375 0.015625 0.02734375
0 0.1884765625 0.5478515625 0.02734375 0.037109375
0 0.1806640625 0.58203125 0.01953125 0.03125
0 0.1572265625 0.58984375 0.025390625 0.02734375
0 0.1484375 0.57421875 0.029296875 0.03125
0 0.1240234375 0.53515625 0.025390625 0.03125
0 0.1123046875 0.1865234375 0.01953125 0.021484375