1 0.3466796875 0.45703125 0.01171875 0.0400390625
1 0.357421875 0.55859375 0.0185546875 0.126953125
1 0.38671875 0.517578125 0.037109375 0.0478515625
1 0.3916015625 0.5732421875 0.037109375 0.0478515625
1 0.4365234375 0.513671875 0.044921875 0.0595703125
1 0.439453125 0.5771484375 0.041015625 0.0498046875
1 0.478515625 0.51171875 0.0380859375 0.0673828125
1 0.4833984375 0.572265625 0.0400390625 0.05859375
1 0.5244140625 0.5 0.0205078125 0.0439453125
1 0.529296875 0.5537109375 0.01953125 0.0302734375
1 0.4384765625 0.42578125 0.05078125 0.0712890625