1 0.361328125 0.4169921875 0.048828125 0.048828125
1 0.3818359375 0.5087890625 0.05859375 0.10546875
1 0.427734375 0.4580078125 0.041015625 0.0390625
1 0.431640625 0.5146484375 0.052734375 0.076171875
1 0.4560546875 0.4248046875 0.01953125 0.046875
1 0.4775390625 0.4541015625 0.021484375 0.017578125
1 0.474609375 0.478515625 0.03515625 0.025390625
1 0.4716796875 0.51953125 0.01953125 0.04296875
1 0.486328125 0.42578125 0.017578125 0.04296875
1 0.5048828125 0.4990234375 0.025390625 0.072265625
1 0.5166015625 0.4287109375 0.033203125 0.0625
1 0.5390625 0.5 0.056640625 0.060546875
1 0.5732421875 0.4404296875 0.052734375 0.12109375
1 0.5029296875 0.34765625 0.0390625 0.056640625
1 0.458984375 0.3564453125 0.048828125 0.05078125
1 0.4189453125 0.359375 0.033203125 0.052734375