0 0.7265625 0.3828125 0.0390625 0.03515625
0 0.5576171875 0.4140625 0.03515625 0.029296875
0 0.4765625 0.412109375 0.03515625 0.044921875
0 0.4775390625 0.4951171875 0.044921875 0.05859375
0 0.423828125 0.5732421875 0.041015625 0.04296875
0 0.3623046875 0.4638671875 0.041015625 0.04296875
0 0.3662109375 0.3955078125 0.03515625 0.04296875
0 0.421875 0.3818359375 0.041015625 0.0390625
0 0.4208984375 0.32421875 0.025390625 0.037109375
0 0.380859375 0.2724609375 0.03515625 0.033203125
0 0.4501953125 0.22265625 0.029296875 0.029296875
0 0.39453125 0.2275390625 0.025390625 0.03125
0 0.35546875 0.2275390625 0.029296875 0.03515625
0 0.3212890625 0.2294921875 0.02734375 0.03125
0 0.404296875 0.18359375 0.03515625 0.029296875
0 0.3251953125 0.15234375 0.029296875 0.029296875
0 0.2431640625 0.2197265625 0.03515625 0.03515625
0 0.236328125 0.1875 0.03515625 0.02734375
0 0.3115234375 0.3583984375 0.03515625 0.03125
0 0.361328125 0.3369140625 0.02734375 0.029296875
0 0.26953125 0.3310546875 0.029296875 0.029296875
0 0.2734375 0.3896484375 0.02734375 0.029296875
0 0.2421875 0.4345703125 0.025390625 0.025390625
0 0.2275390625 0.4111328125 0.037109375 0.04296875
0 0.2138671875 0.4853515625 0.033203125 0.03515625
0 0.1201171875 0.375 0.033203125 0.04296875
0 0.3544921875 0.5791015625 0.033203125 0.029296875
0 0.240234375 0.263671875 0.029296875 0.03125
0 0.5283203125 0.201171875 0.03515625 0.029296875
0 0.513671875 0.173828125 0.029296875 0.029296875
0 0.5478515625 0.1669921875 0.03125 0.03515625
0 0.6279296875 0.70703125 0.033203125 0.044921875
0 0.8916015625 0.67578125 0.02734375 0.03125
0 0.92578125 0.2666015625 0.02734375 0.037109375
0 0.8486328125 0.205078125 0.033203125 0.03515625
0 0.8837890625 0.1318359375 0.0390625 0.0390625
0 0.6396484375 0.8193359375 0.0390625 0.044921875