0 0.0625 0.388671875 0.025390625 0.021484375
0 0.0888671875 0.4140625 0.025390625 0.03125
0 0.1064453125 0.4365234375 0.015625 0.01953125
0 0.154296875 0.466796875 0.03125 0.02734375
0 0.1767578125 0.482421875 0.0234375 0.03125
0 0.2001953125 0.4912109375 0.021484375 0.025390625
0 0.216796875 0.501953125 0.013671875 0.021484375
0 0.232421875 0.5107421875 0.025390625 0.021484375
0 0.3095703125 0.5615234375 0.021484375 0.02734375
0 0.36328125 0.61328125 0.037109375 0.029296875
0 0.443359375 0.6845703125 0.025390625 0.025390625
0 0.1953125 0.3740234375 0.013671875 0.025390625
0 0.150390625 0.3544921875 0.02734375 0.0234375
0 0.08984375 0.2734375 0.01953125 0.021484375
0 0.1064453125 0.2587890625 0.021484375 0.037109375
0 0.1689453125 0.3134765625 0.021484375 0.03125
0 0.4072265625 0.5390625 0.029296875 0.025390625
0 0.3740234375 0.509765625 0.025390625 0.03125
0 0.3310546875 0.46484375 0.025390625 0.029296875
0 0.4267578125 0.556640625 0.025390625 0.015625
0 0.4462890625 0.580078125 0.029296875 0.025390625
0 0.4736328125 0.599609375 0.025390625 0.01953125