1 0.341796875 0.4736328125 0.0234375 0.033203125
1 0.365234375 0.56640625 0.0390625 0.13671875
1 0.3876953125 0.5263671875 0.041015625 0.0390625
1 0.3994140625 0.572265625 0.044921875 0.05078125
1 0.43359375 0.5087890625 0.052734375 0.064453125
1 0.4482421875 0.5751953125 0.05078125 0.060546875
1 0.478515625 0.4990234375 0.044921875 0.046875
1 0.490234375 0.556640625 0.044921875 0.060546875
1 0.5205078125 0.4736328125 0.033203125 0.044921875
1 0.53125 0.52734375 0.01953125 0.03125
1 0.4228515625 0.4228515625 0.0546875 0.068359375