0 0.6103515625 0.3828125 0.033203125 0.03125
0 0.5341796875 0.3583984375 0.03125 0.02734375
0 0.396484375 0.275390625 0.025390625 0.025390625
0 0.384765625 0.2529296875 0.029296875 0.021484375
0 0.34765625 0.2412109375 0.029296875 0.021484375
0 0.3037109375 0.2265625 0.037109375 0.03125
0 0.259765625 0.2451171875 0.03515625 0.0234375
0 0.2705078125 0.3037109375 0.02734375 0.03125
0 0.2568359375 0.3671875 0.02734375 0.0234375
0 0.1533203125 0.4091796875 0.033203125 0.021484375
0 0.13671875 0.443359375 0.0234375 0.01953125
0 0.10546875 0.3759765625 0.03125 0.0234375
0 0.150390625 0.330078125 0.03125 0.033203125
0 0.146484375 0.2763671875 0.02734375 0.03125
0 0.1494140625 0.2412109375 0.041015625 0.03125
0 0.2109375 0.216796875 0.037109375 0.037109375
0 0.4228515625 0.2001953125 0.033203125 0.02734375
0 0.4306640625 0.2548828125 0.033203125 0.02734375
0 0.365234375 0.130859375 0.03125 0.029296875
0 0.3583984375 0.8076171875 0.0234375 0.025390625
0 0.421875 0.7998046875 0.03515625 0.0234375
0 0.3388671875 0.806640625 0.0234375 0.0234375
0 0.1904296875 0.787109375 0.033203125 0.0234375
0 0.1435546875 0.7861328125 0.037109375 0.029296875
0 0.419921875 0.677734375 0.0390625 0.025390625
0 0.79296875 0.283203125 0.02734375 0.025390625
0 0.7412109375 0.27734375 0.03125 0.029296875
0 0.6982421875 0.19140625 0.03125 0.037109375