0 0.205078125 0.6708984375 0.044921875 0.0546875
0 0.142578125 0.6806640625 0.0390625 0.041015625
0 0.1044921875 0.6767578125 0.05078125 0.0546875
0 0.169921875 0.5419921875 0.04296875 0.044921875
0 0.2958984375 0.619140625 0.044921875 0.056640625
0 0.328125 0.599609375 0.041015625 0.052734375
0 0.357421875 0.5888671875 0.0546875 0.072265625
0 0.390625 0.5751953125 0.044921875 0.05859375
0 0.4208984375 0.5595703125 0.052734375 0.060546875
0 0.4462890625 0.501953125 0.04296875 0.052734375
0 0.470703125 0.4892578125 0.05078125 0.052734375
0 0.146484375 0.40234375 0.048828125 0.0546875
0 0.1064453125 0.412109375 0.0390625 0.046875
0 0.2177734375 0.8037109375 0.041015625 0.052734375