0 0.486328125 0.5458984375 0.044921875 0.05078125
0 0.5107421875 0.4013671875 0.041015625 0.046875
0 0.3994140625 0.376953125 0.046875 0.0546875
0 0.376953125 0.5166015625 0.044921875 0.0546875
0 0.5537109375 0.1171875 0.0390625 0.041015625
0 0.6162109375 0.0244140625 0.03515625 0.029296875
0 0.4140625 0.8408203125 0.044921875 0.044921875
0 0.431640625 0.7900390625 0.033203125 0.0390625
0 0.455078125 0.853515625 0.04296875 0.044921875
0 0.3525390625 0.8212890625 0.03515625 0.0390625
0 0.3056640625 0.8076171875 0.03515625 0.037109375
0 0.3466796875 0.9150390625 0.0390625 0.04296875
0 0.5546875 0.869140625 0.037109375 0.04296875
0 0.5283203125 0.859375 0.03515625 0.037109375