0 0.3857421875 0.38671875 0.033203125 0.029296875
0 0.4609375 0.3603515625 0.029296875 0.02734375
0 0.595703125 0.2724609375 0.025390625 0.025390625
0 0.607421875 0.2490234375 0.029296875 0.01953125
0 0.642578125 0.2353515625 0.029296875 0.01953125
0 0.6865234375 0.220703125 0.03515625 0.029296875
0 0.73046875 0.2373046875 0.03515625 0.021484375
0 0.72265625 0.2958984375 0.02734375 0.03125
0 0.73828125 0.359375 0.02734375 0.0234375
0 0.84375 0.396484375 0.03125 0.01953125
0 0.861328125 0.4306640625 0.021484375 0.01953125
0 0.8896484375 0.3623046875 0.03125 0.0234375
0 0.8427734375 0.3173828125 0.029296875 0.033203125
0 0.845703125 0.263671875 0.02734375 0.029296875
0 0.841796875 0.2294921875 0.041015625 0.03125
0 0.779296875 0.20703125 0.03515625 0.03515625
0 0.56640625 0.197265625 0.033203125 0.02734375
0 0.560546875 0.2529296875 0.033203125 0.02734375
0 0.62109375 0.1259765625 0.03125 0.02734375
0 0.65234375 0.802734375 0.021484375 0.025390625
0 0.587890625 0.796875 0.03515625 0.0234375
0 0.671875 0.80078125 0.0234375 0.0234375
0 0.8193359375 0.775390625 0.033203125 0.0234375
0 0.8662109375 0.7734375 0.03515625 0.02734375
0 0.5869140625 0.6748046875 0.0390625 0.0234375
0 0.2001953125 0.2939453125 0.02734375 0.025390625
0 0.2509765625 0.28515625 0.03125 0.02734375
0 0.291015625 0.1982421875 0.03125 0.03515625