0 0.5361328125 0.2841796875 0.021484375 0.017578125
0 0.49609375 0.310546875 0.017578125 0.017578125
0 0.5126953125 0.3251953125 0.021484375 0.021484375
0 0.474609375 0.3505859375 0.02734375 0.01953125
0 0.4912109375 0.390625 0.021484375 0.021484375
0 0.4638671875 0.392578125 0.01953125 0.015625
0 0.455078125 0.42578125 0.01953125 0.015625
0 0.4365234375 0.408203125 0.015625 0.017578125
0 0.4384765625 0.37890625 0.0234375 0.0234375
0 0.4765625 0.322265625 0.0234375 0.021484375
0 0.5712890625 0.255859375 0.021484375 0.0234375
0 0.693359375 0.3203125 0.021484375 0.0234375