1 0.57421875 0.2021484375 0.158203125 0.05078125
1 0.916015625 0.1181640625 0.060546875 0.021484375
1 0.8857421875 0.16796875 0.1181640625 0.01953125
1 0.8916015625 0.3603515625 0.083984375 0.029296875
1 0.9072265625 0.4287109375 0.08203125 0.0244140625
1 0.896484375 0.4580078125 0.1005859375 0.0146484375
1 0.8818359375 0.537109375 0.1181640625 0.05078125
1 0.9130859375 0.603515625 0.0625 0.0478515625
1 0.5693359375 0.6806640625 0.1630859375 0.04296875
1 0.55078125 0.62109375 0.185546875 0.03125
1 0.4833984375 0.5712890625 0.1923828125 0.029296875
1 0.56640625 0.435546875 0.2021484375 0.0888671875
1 0.4521484375 0.310546875 0.091796875 0.0263671875
1 0.466796875 0.7900390625 0.1318359375 0.03125