1 0.60546875 0.3984375 0.056640625 0.060546875
1 0.6220703125 0.4912109375 0.068359375 0.103515625
1 0.560546875 0.4638671875 0.048828125 0.041015625
1 0.57421875 0.521484375 0.060546875 0.078125
1 0.521484375 0.443359375 0.02734375 0.046875
1 0.5146484375 0.478515625 0.0234375 0.021484375
1 0.525390625 0.5009765625 0.03515625 0.025390625
1 0.541015625 0.537109375 0.02734375 0.046875
1 0.4921875 0.4541015625 0.02734375 0.046875
1 0.50390625 0.5322265625 0.033203125 0.076171875
1 0.4658203125 0.466796875 0.041015625 0.07421875
1 0.470703125 0.544921875 0.0546875 0.060546875
1 0.4150390625 0.4951171875 0.0625 0.12109375
1 0.4541015625 0.38671875 0.041015625 0.060546875
1 0.4951171875 0.373046875 0.052734375 0.068359375
1 0.5322265625 0.359375 0.0390625 0.05859375