1 0.3603515625 0.412109375 0.01953125 0.029296875
1 0.3505859375 0.5078125 0.046875 0.1328125
1 0.38671875 0.4794921875 0.041015625 0.048828125
1 0.37890625 0.533203125 0.041015625 0.064453125
1 0.435546875 0.482421875 0.05078125 0.060546875
1 0.42578125 0.546875 0.0546875 0.060546875
1 0.482421875 0.4892578125 0.04296875 0.046875
1 0.4716796875 0.5517578125 0.05078125 0.068359375
1 0.5234375 0.4853515625 0.03125 0.04296875
1 0.513671875 0.541015625 0.029296875 0.044921875
1 0.455078125 0.39453125 0.0546875 0.068359375