0 0.19140625 0.4609375 0.021484375 0.02734375
0 0.2451171875 0.4619140625 0.01953125 0.021484375
0 0.2841796875 0.5048828125 0.017578125 0.01953125
0 0.3369140625 0.501953125 0.01171875 0.017578125
0 0.33203125 0.4716796875 0.015625 0.01953125
0 0.3857421875 0.484375 0.017578125 0.0234375
0 0.4345703125 0.505859375 0.015625 0.01953125
0 0.505859375 0.53515625 0.013671875 0.015625
0 0.556640625 0.501953125 0.017578125 0.021484375
0 0.1298828125 0.5048828125 0.015625 0.01953125
0 0.1689453125 0.5400390625 0.01171875 0.013671875
0 0.2236328125 0.5419921875 0.015625 0.01953125
0 0.302734375 0.431640625 0.013671875 0.013671875
0 0.3544921875 0.4287109375 0.021484375 0.021484375
0 0.4814453125 0.4921875 0.015625 0.0234375
0 0.4951171875 0.4462890625 0.013671875 0.013671875
0 0.447265625 0.4736328125 0.013671875 0.017578125
0 0.3203125 0.53515625 0.013671875 0.017578125
0 0.7421875 0.52734375 0.01953125 0.01953125
0 0.7158203125 0.5029296875 0.01171875 0.017578125
0 0.6845703125 0.5048828125 0.01953125 0.01953125
0 0.7255859375 0.447265625 0.013671875 0.013671875
0 0.7685546875 0.46875 0.015625 0.01953125
0 0.779296875 0.5322265625 0.015625 0.01953125
0 0.81640625 0.484375 0.015625 0.01953125
0 0.828125 0.5341796875 0.017578125 0.0234375
0 0.86328125 0.49609375 0.013671875 0.013671875
0 0.146484375 0.412109375 0.013671875 0.017578125
0 0.3662109375 0.5400390625 0.013671875 0.017578125
0 0.4111328125 0.5478515625 0.013671875 0.017578125
0 0.6474609375 0.5322265625 0.017578125 0.01953125
0 0.787109375 0.55859375 0.013671875 0.013671875