1 0.640625 0.4111328125 0.046875 0.044921875
1 0.6201171875 0.5 0.064453125 0.107421875
1 0.572265625 0.4599609375 0.041015625 0.029296875
1 0.568359375 0.513671875 0.05859375 0.078125
1 0.5234375 0.4501953125 0.015625 0.021484375
1 0.529296875 0.4775390625 0.03125 0.021484375
1 0.5302734375 0.5146484375 0.0234375 0.0390625
1 0.546875 0.4248046875 0.021484375 0.046875
1 0.5126953125 0.421875 0.0234375 0.04296875
1 0.498046875 0.4970703125 0.029296875 0.072265625
1 0.4833984375 0.4287109375 0.033203125 0.06640625
1 0.4609375 0.4990234375 0.052734375 0.05859375
1 0.427734375 0.435546875 0.05078125 0.125
1 0.498046875 0.3525390625 0.037109375 0.03515625
1 0.5400390625 0.34765625 0.041015625 0.033203125
1 0.5810546875 0.3603515625 0.025390625 0.029296875