1 0.654296875 0.490234375 0.01171875 0.03125
1 0.6337890625 0.5791015625 0.033203125 0.123046875
1 0.6083984375 0.5419921875 0.04296875 0.056640625
1 0.599609375 0.5966796875 0.037109375 0.044921875
1 0.5634765625 0.529296875 0.05078125 0.06640625
1 0.5537109375 0.5869140625 0.046875 0.05078125
1 0.515625 0.521484375 0.04296875 0.046875
1 0.51171875 0.5751953125 0.0390625 0.052734375
1 0.47265625 0.5078125 0.03515625 0.044921875
1 0.4609375 0.5595703125 0.029296875 0.037109375
1 0.5673828125 0.4423828125 0.056640625 0.0703125