0 0.6962890625 0.4208984375 0.046875 0.0546875
0 0.7509765625 0.4833984375 0.056640625 0.060546875
0 0.6728515625 0.583984375 0.048828125 0.05078125
0 0.7470703125 0.787109375 0.052734375 0.052734375
0 0.71484375 0.802734375 0.046875 0.05078125
0 0.619140625 0.5205078125 0.04296875 0.046875
0 0.6591796875 0.509765625 0.05078125 0.052734375
0 0.6171875 0.5634765625 0.052734375 0.052734375
0 0.6044921875 0.6025390625 0.0546875 0.056640625
0 0.6298828125 0.64453125 0.056640625 0.046875
0 0.5771484375 0.9658203125 0.05078125 0.052734375
0 0.5810546875 0.7265625 0.056640625 0.05859375
0 0.5400390625 0.67578125 0.056640625 0.05859375
0 0.470703125 0.666015625 0.0546875 0.05859375
0 0.43359375 0.666015625 0.052734375 0.064453125
0 0.26171875 0.400390625 0.05078125 0.068359375
0 0.228515625 0.0791015625 0.05859375 0.056640625
0 0.0625 0.2978515625 0.068359375 0.0625
0 0.169921875 0.5458984375 0.0390625 0.03515625
0 0.1796875 0.4814453125 0.048828125 0.048828125
0 0.1875 0.6494140625 0.048828125 0.044921875
0 0.1806640625 0.6953125 0.05078125 0.044921875
0 0.1357421875 0.72265625 0.05078125 0.048828125
0 0.1162109375 0.6962890625 0.037109375 0.037109375
0 0.21875 0.8525390625 0.064453125 0.076171875
0 0.158203125 0.8251953125 0.056640625 0.060546875
0 0.0869140625 0.82421875 0.05859375 0.05859375