1 0.6025390625 0.3759765625 0.046875 0.046875
1 0.6162109375 0.4677734375 0.064453125 0.103515625
1 0.5537109375 0.4384765625 0.04296875 0.0390625
1 0.5673828125 0.490234375 0.052734375 0.068359375
1 0.5224609375 0.419921875 0.01953125 0.04296875
1 0.505859375 0.44921875 0.015625 0.01953125
1 0.51953125 0.4716796875 0.033203125 0.0234375
1 0.533203125 0.51171875 0.02734375 0.044921875
1 0.48828125 0.4248046875 0.0234375 0.046875
1 0.5 0.494140625 0.021484375 0.046875
1 0.462890625 0.4443359375 0.033203125 0.0625
1 0.4755859375 0.515625 0.033203125 0.046875
1 0.4521484375 0.5244140625 0.01953125 0.0390625
1 0.4111328125 0.46484375 0.052734375 0.12109375
1 0.451171875 0.3671875 0.037109375 0.033203125
1 0.4970703125 0.34765625 0.02734375 0.02734375
1 0.529296875 0.34375 0.025390625 0.029296875