1 0.63671875 0.4267578125 0.046875 0.05859375
1 0.6162109375 0.521484375 0.064453125 0.109375
1 0.5703125 0.4716796875 0.041015625 0.044921875
1 0.5634765625 0.53515625 0.0546875 0.083984375
1 0.5205078125 0.4716796875 0.01953125 0.01953125
1 0.515625 0.4951171875 0.044921875 0.03125
1 0.5263671875 0.53515625 0.0234375 0.04296875
1 0.509765625 0.4384765625 0.0234375 0.044921875
1 0.48046875 0.4501953125 0.03125 0.05859375
1 0.4697265625 0.521484375 0.072265625 0.05078125
1 0.4248046875 0.4482421875 0.048828125 0.1171875
1 0.49609375 0.3583984375 0.037109375 0.05859375
1 0.537109375 0.36328125 0.041015625 0.0625
1 0.580078125 0.37109375 0.041015625 0.0625