0 0.6552734375 0.3740234375 0.041015625 0.05078125
0 0.609375 0.4052734375 0.052734375 0.048828125
0 0.525390625 0.48046875 0.0234375 0.029296875
0 0.5966796875 0.4453125 0.03125 0.03125
0 0.6982421875 0.4599609375 0.0234375 0.03515625
0 0.7021484375 0.625 0.025390625 0.025390625
0 0.681640625 0.62890625 0.033203125 0.029296875
0 0.783203125 0.4453125 0.041015625 0.056640625
0 0.76171875 0.478515625 0.025390625 0.041015625
0 0.779296875 0.5224609375 0.037109375 0.033203125
0 0.83984375 0.5078125 0.03125 0.037109375
0 0.8056640625 0.6484375 0.03125 0.021484375
0 0.8056640625 0.6708984375 0.02734375 0.033203125
0 0.91796875 0.501953125 0.037109375 0.037109375
0 0.8330078125 0.5869140625 0.03125 0.03125
0 0.833984375 0.5380859375 0.03125 0.02734375
0 0.8662109375 0.38671875 0.029296875 0.0390625
0 0.900390625 0.3935546875 0.025390625 0.0234375
0 0.8564453125 0.423828125 0.03125 0.029296875
0 0.9189453125 0.33984375 0.0390625 0.037109375
0 0.9609375 0.3232421875 0.033203125 0.033203125
0 0.76953125 0.296875 0.037109375 0.0390625
0 0.6845703125 0.3173828125 0.041015625 0.048828125
0 0.5439453125 0.365234375 0.046875 0.0390625
0 0.859375 0.5458984375 0.046875 0.044921875