0 0.3115234375 0.1298828125 0.033203125 0.048828125
0 0.349609375 0.162109375 0.0234375 0.041015625
0 0.3017578125 0.2255859375 0.025390625 0.0234375
0 0.318359375 0.3359375 0.01953125 0.025390625
0 0.359375 0.30078125 0.015625 0.029296875
0 0.33203125 0.2158203125 0.017578125 0.0234375
0 0.3447265625 0.236328125 0.01953125 0.02734375
0 0.404296875 0.109375 0.015625 0.01953125
0 0.416015625 0.0859375 0.013671875 0.017578125
0 0.431640625 0.11328125 0.01171875 0.01953125
0 0.4423828125 0.0888671875 0.01171875 0.021484375
0 0.466796875 0.1181640625 0.01171875 0.01953125
0 0.484375 0.1337890625 0.017578125 0.01953125
0 0.4833984375 0.11328125 0.013671875 0.015625
0 0.515625 0.208984375 0.021484375 0.02734375
0 0.5263671875 0.1962890625 0.021484375 0.02734375
0 0.40625 0.3125 0.017578125 0.01953125
0 0.45703125 0.314453125 0.015625 0.015625
0 0.466796875 0.3505859375 0.017578125 0.025390625
0 0.521484375 0.2880859375 0.015625 0.021484375
0 0.5595703125 0.2861328125 0.017578125 0.0234375
0 0.6484375 0.197265625 0.0234375 0.029296875
0 0.6513671875 0.2392578125 0.017578125 0.029296875
0 0.626953125 0.1767578125 0.017578125 0.029296875
0 0.5087890625 0.404296875 0.01953125 0.025390625
0 0.4345703125 0.39453125 0.01953125 0.025390625
0 0.4091796875 0.392578125 0.0234375 0.0234375
0 0.318359375 0.380859375 0.0234375 0.01953125
0 0.212890625 0.3330078125 0.01953125 0.02734375
0 0.6025390625 0.33984375 0.01953125 0.01953125
0 0.5517578125 0.40234375 0.017578125 0.01953125
0 0.5625 0.4111328125 0.013671875 0.025390625
0 0.62890625 0.3974609375 0.01953125 0.0234375
0 0.658203125 0.3916015625 0.013671875 0.021484375
0 0.701171875 0.3896484375 0.009765625 0.013671875
0 0.7490234375 0.2763671875 0.015625 0.025390625
0 0.7578125 0.24609375 0.01953125 0.0234375
0 0.71875 0.1884765625 0.01953125 0.0234375
0 0.7880859375 0.2568359375 0.021484375 0.033203125
0 0.814453125 0.3125 0.01953125 0.029296875
0 0.8037109375 0.2333984375 0.021484375 0.033203125
0 0.7392578125 0.3994140625 0.02734375 0.029296875
0 0.6982421875 0.43359375 0.021484375 0.021484375
0 0.7578125 0.3642578125 0.01953125 0.025390625
0 0.294921875 0.640625 0.03125 0.0390625
0 0.2177734375 0.689453125 0.025390625 0.02734375
0 0.234375 0.744140625 0.0234375 0.02734375
0 0.25 0.7548828125 0.017578125 0.025390625
0 0.1826171875 0.783203125 0.0234375 0.033203125
0 0.1845703125 0.6396484375 0.01953125 0.025390625
0 0.134765625 0.67578125 0.025390625 0.02734375
0 0.181640625 0.6064453125 0.01953125 0.029296875
0 0.1748046875 0.580078125 0.015625 0.025390625
0 0.150390625 0.5439453125 0.01953125 0.0234375
0 0.2529296875 0.583984375 0.017578125 0.0234375
0 0.3193359375 0.603515625 0.01953125 0.02734375
0 0.3076171875 0.572265625 0.01953125 0.02734375
0 0.34765625 0.583984375 0.01953125 0.01953125
0 0.3662109375 0.611328125 0.017578125 0.02734375
0 0.380859375 0.60546875 0.01953125 0.029296875
0 0.4033203125 0.6728515625 0.02734375 0.03515625
0 0.4267578125 0.693359375 0.025390625 0.03515625
0 0.4345703125 0.7705078125 0.021484375 0.033203125
0 0.4443359375 0.810546875 0.013671875 0.025390625
0 0.4599609375 0.8134765625 0.017578125 0.0234375
0 0.484375 0.7861328125 0.0234375 0.029296875
0 0.501953125 0.73828125 0.017578125 0.03125
0 0.5185546875 0.7705078125 0.01953125 0.029296875
0 0.5341796875 0.681640625 0.017578125 0.041015625
0 0.546875 0.69921875 0.017578125 0.03125
0 0.5615234375 0.8427734375 0.01953125 0.029296875
0 0.4990234375 0.8662109375 0.0234375 0.0234375
0 0.4814453125 0.900390625 0.017578125 0.029296875
0 0.5087890625 0.9033203125 0.0234375 0.01953125
0 0.3837890625 0.8857421875 0.0234375 0.029296875
0 0.296875 0.875 0.029296875 0.02734375
0 0.203125 0.8681640625 0.0234375 0.03125
0 0.1123046875 0.7060546875 0.025390625 0.044921875
0 0.6181640625 0.6708984375 0.017578125 0.0234375
0 0.5712890625 0.626953125 0.02734375 0.033203125
0 0.484375 0.578125 0.01953125 0.02734375
0 0.4794921875 0.6318359375 0.017578125 0.029296875
0 0.4814453125 0.6123046875 0.017578125 0.0234375
0 0.55078125 0.59375 0.025390625 0.029296875
0 0.57421875 0.587890625 0.021484375 0.029296875
0 0.59375 0.580078125 0.017578125 0.029296875
0 0.61328125 0.6328125 0.0234375 0.0234375
0 0.6796875 0.67578125 0.01953125 0.0234375
0 0.6728515625 0.7177734375 0.02734375 0.029296875
0 0.658203125 0.73046875 0.01953125 0.02734375
0 0.7109375 0.8046875 0.01953125 0.01953125
0 0.7314453125 0.8330078125 0.01953125 0.029296875
0 0.689453125 0.90234375 0.02734375 0.029296875
0 0.642578125 0.896484375 0.029296875 0.025390625
0 0.7607421875 0.8056640625 0.021484375 0.033203125
0 0.759765625 0.84375 0.013671875 0.029296875
0 0.7705078125 0.908203125 0.01953125 0.03515625
0 0.7734375 0.689453125 0.029296875 0.0390625
0 0.7880859375 0.703125 0.01953125 0.029296875
0 0.744140625 0.6220703125 0.01953125 0.0234375
0 0.7080078125 0.6787109375 0.021484375 0.033203125
0 0.7138671875 0.6044921875 0.013671875 0.021484375
0 0.7314453125 0.60546875 0.013671875 0.021484375
0 0.7236328125 0.1591796875 0.017578125 0.02734375
0 0.60546875 0.1328125 0.017578125 0.02734375
0 0.2197265625 0.373046875 0.0234375 0.02734375
0 0.2412109375 0.3017578125 0.017578125 0.02734375
0 0.1201171875 0.3427734375 0.0234375 0.033203125
0 0.0380859375 0.751953125 0.0234375 0.025390625
0 0.0703125 0.8486328125 0.0234375 0.03125
0 0.0322265625 0.642578125 0.021484375 0.02734375
0 0.0498046875 0.587890625 0.0234375 0.02734375
0 0.046875 0.5654296875 0.01953125 0.02734375
0 0.005859375 0.5732421875 0.01171875 0.029296875
0 0.11328125 0.888671875 0.01953125 0.0234375
0 0.1015625 0.1572265625 0.01953125 0.02734375
0 0.126953125 0.08203125 0.021484375 0.033203125
0 0.0703125 0.2939453125 0.017578125 0.02734375
0 0.8779296875 0.271484375 0.029296875 0.03515625
0 0.8505859375 0.2734375 0.01953125 0.033203125
0 0.8662109375 0.328125 0.0234375 0.03125
0 0.84375 0.455078125 0.02734375 0.029296875
0 0.8134765625 0.18359375 0.021484375 0.03125
0 0.85546875 0.18359375 0.021484375 0.0234375
0 0.8876953125 0.701171875 0.025390625 0.03125
0 0.9013671875 0.7265625 0.017578125 0.0234375
0 0.921875 0.8037109375 0.0234375 0.03125
0 0.8125 0.8681640625 0.02734375 0.029296875
0 0.794921875 0.90234375 0.01953125 0.0234375
0 0.83203125 0.92578125 0.017578125 0.025390625
0 0.8818359375 0.908203125 0.0234375 0.033203125
0 0.8603515625 0.8642578125 0.013671875 0.025390625
0 0.7919921875 0.6162109375 0.0234375 0.03515625
0 0.79296875 0.6513671875 0.017578125 0.029296875
0 0.8134765625 0.6650390625 0.0234375 0.025390625
0 0.826171875 0.6513671875 0.02734375 0.029296875
0 0.8583984375 0.619140625 0.0234375 0.03125
0 0.9482421875 0.28125 0.01953125 0.01953125