0 0.6494140625 0.205078125 0.021484375 0.017578125
0 0.66796875 0.2451171875 0.021484375 0.017578125
0 0.7021484375 0.25390625 0.021484375 0.01953125
0 0.5693359375 0.1826171875 0.015625 0.013671875
0 0.5439453125 0.2138671875 0.021484375 0.017578125
0 0.41015625 0.208984375 0.021484375 0.01953125
0 0.4716796875 0.16015625 0.021484375 0.01953125
0 0.4921875 0.1640625 0.02734375 0.0234375
0 0.5185546875 0.1845703125 0.015625 0.015625
0 0.498046875 0.1884765625 0.017578125 0.015625
0 0.4833984375 0.19921875 0.0234375 0.0234375
0 0.4697265625 0.185546875 0.01953125 0.021484375
0 0.4521484375 0.1865234375 0.01953125 0.015625
0 0.435546875 0.1708984375 0.021484375 0.017578125
0 0.4189453125 0.1591796875 0.009765625 0.013671875
0 0.40625 0.1611328125 0.013671875 0.013671875
0 0.392578125 0.1513671875 0.017578125 0.025390625
0 0.40625 0.142578125 0.013671875 0.013671875
0 0.4052734375 0.455078125 0.01953125 0.01953125
0 0.4169921875 0.4423828125 0.015625 0.013671875
0 0.3828125 0.4541015625 0.01953125 0.013671875
0 0.3330078125 0.43359375 0.029296875 0.017578125
0 0.3642578125 0.4443359375 0.015625 0.009765625
0 0.4296875 0.4560546875 0.015625 0.01171875
0 0.439453125 0.470703125 0.01953125 0.015625
0 0.4501953125 0.4580078125 0.01953125 0.013671875
0 0.4580078125 0.46875 0.013671875 0.013671875
0 0.501953125 0.4462890625 0.013671875 0.009765625
0 0.5205078125 0.453125 0.013671875 0.013671875
0 0.541015625 0.45703125 0.017578125 0.01171875
0 0.5947265625 0.4599609375 0.015625 0.013671875
0 0.580078125 0.4599609375 0.01171875 0.01171875
0 0.6162109375 0.45703125 0.013671875 0.013671875
0 0.6337890625 0.45703125 0.01953125 0.015625
0 0.265625 0.404296875 0.009765625 0.013671875
0 0.298828125 0.4658203125 0.013671875 0.013671875
0 0.2841796875 0.435546875 0.017578125 0.013671875
0 0.236328125 0.4052734375 0.015625 0.013671875
0 0.220703125 0.4140625 0.009765625 0.009765625
0 0.2021484375 0.41015625 0.01953125 0.013671875
0 0.2958984375 0.5458984375 0.013671875 0.015625
0 0.29296875 0.5673828125 0.01953125 0.015625
0 0.2822265625 0.5498046875 0.013671875 0.013671875
0 0.2421875 0.5625 0.017578125 0.013671875
0 0.2158203125 0.5322265625 0.015625 0.013671875
0 0.1982421875 0.541015625 0.015625 0.015625
0 0.244140625 0.48828125 0.01171875 0.013671875
0 0.2001953125 0.4677734375 0.01953125 0.021484375
0 0.2060546875 0.4453125 0.017578125 0.015625
0 0.189453125 0.4365234375 0.015625 0.013671875
0 0.224609375 0.4833984375 0.0078125 0.009765625
0 0.2119140625 0.4833984375 0.013671875 0.009765625
0 0.1923828125 0.4853515625 0.013671875 0.013671875
0 0.2158203125 0.50390625 0.013671875 0.009765625