0 0.5888671875 0.3623046875 0.0234375 0.0234375
0 0.5244140625 0.40625 0.0390625 0.02734375
0 0.5419921875 0.466796875 0.041015625 0.03125
0 0.6513671875 0.4697265625 0.029296875 0.01953125
0 0.62109375 0.4521484375 0.02734375 0.025390625
0 0.599609375 0.509765625 0.037109375 0.025390625
0 0.421875 0.490234375 0.029296875 0.03125
0 0.3603515625 0.4228515625 0.025390625 0.03125
0 0.310546875 0.5498046875 0.041015625 0.033203125
0 0.3515625 0.4765625 0.03125 0.029296875
0 0.568359375 0.3251953125 0.03515625 0.02734375
0 0.541015625 0.2783203125 0.037109375 0.029296875
0 0.5224609375 0.2958984375 0.03515625 0.029296875
0 0.4267578125 0.349609375 0.033203125 0.021484375
0 0.619140625 0.3984375 0.0390625 0.0234375
0 0.681640625 0.509765625 0.033203125 0.029296875
0 0.4609375 0.626953125 0.025390625 0.025390625
0 0.4306640625 0.642578125 0.0234375 0.021484375
0 0.5703125 0.6279296875 0.02734375 0.021484375
0 0.61328125 0.6259765625 0.029296875 0.01953125
0 0.642578125 0.6376953125 0.029296875 0.015625
0 0.6416015625 0.6611328125 0.01953125 0.01953125