0 0.5771484375 0.35546875 0.0234375 0.021484375
0 0.515625 0.4052734375 0.0390625 0.0234375
0 0.5390625 0.462890625 0.0390625 0.02734375
0 0.6484375 0.45703125 0.029296875 0.017578125
0 0.6162109375 0.44140625 0.02734375 0.0234375
0 0.599609375 0.5009765625 0.03515625 0.0234375
0 0.4208984375 0.4970703125 0.02734375 0.029296875
0 0.353515625 0.435546875 0.0234375 0.029296875
0 0.3154296875 0.56640625 0.0390625 0.029296875
0 0.349609375 0.4892578125 0.029296875 0.02734375
0 0.552734375 0.3203125 0.033203125 0.025390625
0 0.521484375 0.275390625 0.03515625 0.02734375
0 0.5048828125 0.294921875 0.033203125 0.02734375
0 0.4140625 0.3564453125 0.03125 0.01953125
0 0.609375 0.388671875 0.037109375 0.01953125
0 0.6826171875 0.494140625 0.03125 0.02734375
0 0.4716796875 0.6298828125 0.025390625 0.0234375
0 0.443359375 0.6474609375 0.021484375 0.01953125
0 0.58203125 0.6220703125 0.025390625 0.01953125
0 0.6240234375 0.6162109375 0.029296875 0.017578125
0 0.654296875 0.6240234375 0.029296875 0.013671875
0 0.6552734375 0.6484375 0.017578125 0.017578125