0 0.4423828125 0.4609375 0.044921875 0.041015625
0 0.21484375 0.4736328125 0.0390625 0.0390625
0 0.1884765625 0.5048828125 0.0390625 0.03515625
0 0.1123046875 0.521484375 0.029296875 0.02734375
0 0.2197265625 0.6298828125 0.033203125 0.037109375
0 0.388671875 0.54296875 0.044921875 0.044921875
0 0.56640625 0.6044921875 0.041015625 0.03515625
0 0.3974609375 0.5859375 0.04296875 0.0390625
0 0.4052734375 0.6240234375 0.03125 0.037109375
0 0.376953125 0.630859375 0.03125 0.033203125
0 0.443359375 0.529296875 0.041015625 0.04296875
0 0.4091796875 0.6845703125 0.048828125 0.0390625