0 0.310546875 0.228515625 0.0234375 0.01953125
0 0.2978515625 0.2705078125 0.0234375 0.01953125
0 0.2646484375 0.2841796875 0.025390625 0.021484375
0 0.38671875 0.1953125 0.017578125 0.015625
0 0.416015625 0.22265625 0.0234375 0.01953125
0 0.5478515625 0.19921875 0.025390625 0.021484375
0 0.48046875 0.1591796875 0.025390625 0.021484375
0 0.4609375 0.166015625 0.029296875 0.025390625
0 0.4375 0.189453125 0.017578125 0.017578125
0 0.458984375 0.19140625 0.01953125 0.01953125
0 0.474609375 0.19921875 0.025390625 0.025390625
0 0.486328125 0.1845703125 0.021484375 0.025390625
0 0.50390625 0.1826171875 0.021484375 0.01953125
0 0.5185546875 0.1650390625 0.0234375 0.01953125
0 0.533203125 0.1513671875 0.01171875 0.013671875
0 0.5458984375 0.1513671875 0.015625 0.015625
0 0.55859375 0.1396484375 0.01953125 0.02734375
0 0.54296875 0.1337890625 0.015625 0.015625
0 0.5869140625 0.4423828125 0.021484375 0.021484375
0 0.57421875 0.431640625 0.017578125 0.015625
0 0.609375 0.4375 0.021484375 0.017578125
0 0.65625 0.4111328125 0.03125 0.021484375
0 0.626953125 0.42578125 0.017578125 0.01171875
0 0.5634765625 0.447265625 0.017578125 0.013671875
0 0.556640625 0.4619140625 0.021484375 0.01953125
0 0.54296875 0.4521484375 0.021484375 0.015625
0 0.537109375 0.462890625 0.015625 0.015625
0 0.490234375 0.447265625 0.015625 0.01171875
0 0.4736328125 0.4560546875 0.015625 0.015625
0 0.453125 0.462890625 0.01953125 0.013671875
0 0.400390625 0.4736328125 0.017578125 0.015625
0 0.4150390625 0.4716796875 0.01171875 0.01171875
0 0.37890625 0.4736328125 0.015625 0.015625
0 0.361328125 0.4765625 0.021484375 0.01953125
0 0.71875 0.373046875 0.01171875 0.013671875
0 0.6953125 0.4384765625 0.015625 0.015625
0 0.705078125 0.40625 0.01953125 0.015625
0 0.748046875 0.369140625 0.017578125 0.015625
0 0.7646484375 0.3759765625 0.01171875 0.01171875
0 0.7822265625 0.369140625 0.021484375 0.017578125
0 0.7080078125 0.517578125 0.015625 0.017578125
0 0.7138671875 0.5380859375 0.021484375 0.01953125
0 0.72265625 0.51953125 0.015625 0.015625
0 0.763671875 0.5263671875 0.01953125 0.015625
0 0.7861328125 0.4921875 0.017578125 0.015625
0 0.8037109375 0.4990234375 0.017578125 0.017578125
0 0.751953125 0.453125 0.013671875 0.015625
0 0.7919921875 0.4267578125 0.021484375 0.0234375
0 0.7841796875 0.4052734375 0.01953125 0.01953125
0 0.798828125 0.39453125 0.017578125 0.015625
0 0.76953125 0.4453125 0.009765625 0.01171875
0 0.783203125 0.443359375 0.013671875 0.01171875
0 0.8017578125 0.4423828125 0.015625 0.015625
0 0.78125 0.4638671875 0.013671875 0.01171875