1 0.3388671875 0.486328125 0.0234375 0.033203125
1 0.3701171875 0.5751953125 0.046875 0.12109375
1 0.390625 0.5322265625 0.044921875 0.052734375
1 0.404296875 0.583984375 0.044921875 0.05078125
1 0.435546875 0.515625 0.056640625 0.0703125
1 0.455078125 0.578125 0.048828125 0.056640625
1 0.4775390625 0.5 0.044921875 0.046875
1 0.49609375 0.556640625 0.046875 0.060546875
1 0.517578125 0.4794921875 0.033203125 0.037109375
1 0.533203125 0.5244140625 0.029296875 0.0390625
1 0.419921875 0.4287109375 0.0625 0.07421875