0 0.8125 0.6376953125 0.025390625 0.02734375
0 0.6640625 0.8212890625 0.037109375 0.03515625
0 0.603515625 0.814453125 0.025390625 0.03515625
0 0.5478515625 0.564453125 0.029296875 0.037109375
0 0.626953125 0.5234375 0.033203125 0.037109375
0 0.7080078125 0.5419921875 0.03515625 0.044921875
0 0.7021484375 0.4638671875 0.029296875 0.044921875
0 0.6240234375 0.4609375 0.03515625 0.046875
0 0.5576171875 0.4501953125 0.03125 0.0390625
0 0.5947265625 0.4453125 0.033203125 0.041015625
0 0.5830078125 0.390625 0.041015625 0.037109375
0 0.4892578125 0.544921875 0.037109375 0.037109375
0 0.458984375 0.552734375 0.029296875 0.033203125
0 0.646484375 0.2314453125 0.037109375 0.03515625