1 0.3974609375 0.3740234375 0.048828125 0.05078125
1 0.38671875 0.4658203125 0.0625 0.103515625
1 0.4453125 0.4375 0.04296875 0.03515625
1 0.431640625 0.4951171875 0.0546875 0.078125
1 0.482421875 0.4130859375 0.021484375 0.046875
1 0.5126953125 0.4267578125 0.025390625 0.046875
1 0.4921875 0.4521484375 0.017578125 0.021484375
1 0.48828125 0.4765625 0.048828125 0.02734375
1 0.466796875 0.5087890625 0.0234375 0.037109375
1 0.5 0.517578125 0.021484375 0.041015625
1 0.5390625 0.443359375 0.037109375 0.068359375
1 0.5361328125 0.5146484375 0.0546875 0.056640625
1 0.5869140625 0.46484375 0.0546875 0.1171875
1 0.55078125 0.3544921875 0.0390625 0.052734375
1 0.5078125 0.34765625 0.048828125 0.0390625
1 0.4677734375 0.34765625 0.033203125 0.041015625