0 0.767578125 0.4462890625 0.021484375 0.03125
0 0.7275390625 0.27734375 0.017578125 0.029296875
0 0.7197265625 0.4873046875 0.021484375 0.02734375
0 0.6982421875 0.4921875 0.021484375 0.0234375
0 0.68359375 0.4736328125 0.021484375 0.03125
0 0.669921875 0.3759765625 0.01953125 0.01953125
0 0.615234375 0.3828125 0.015625 0.02734375
0 0.6142578125 0.4267578125 0.01953125 0.02734375
0 0.5986328125 0.4306640625 0.013671875 0.025390625
0 0.5400390625 0.4130859375 0.017578125 0.0234375
0 0.50390625 0.482421875 0.017578125 0.0234375
0 0.4990234375 0.5322265625 0.017578125 0.029296875
0 0.4453125 0.458984375 0.021484375 0.025390625
0 0.431640625 0.515625 0.017578125 0.0234375
0 0.41015625 0.5185546875 0.021484375 0.029296875
0 0.3603515625 0.4765625 0.021484375 0.0234375
0 0.30859375 0.443359375 0.015625 0.02734375