1 0.3466796875 0.4677734375 0.015625 0.02734375
1 0.3564453125 0.5595703125 0.021484375 0.12109375
1 0.384765625 0.5234375 0.037109375 0.041015625
1 0.388671875 0.5751953125 0.033203125 0.044921875
1 0.431640625 0.513671875 0.044921875 0.060546875
1 0.439453125 0.5810546875 0.041015625 0.048828125
1 0.4794921875 0.513671875 0.0390625 0.041015625
1 0.4833984375 0.56640625 0.03515625 0.048828125
1 0.525390625 0.50390625 0.0234375 0.037109375
1 0.5283203125 0.5458984375 0.013671875 0.033203125
1 0.4345703125 0.427734375 0.05078125 0.0625