0 0.8681640625 0.6357421875 0.041015625 0.056640625
0 0.8271484375 0.3876953125 0.033203125 0.046875
0 0.7841796875 0.4326171875 0.041015625 0.048828125
0 0.810546875 0.66015625 0.033203125 0.03515625
0 0.837890625 0.7021484375 0.046875 0.052734375
0 0.7880859375 0.755859375 0.0546875 0.05078125
0 0.833984375 0.7724609375 0.04296875 0.052734375
0 0.955078125 0.8349609375 0.0390625 0.048828125
0 0.4267578125 0.8095703125 0.05078125 0.0546875
0 0.4677734375 0.9716796875 0.05078125 0.056640625
0 0.2998046875 0.55859375 0.05859375 0.05859375
0 0.4287109375 0.54296875 0.041015625 0.056640625
0 0.447265625 0.619140625 0.041015625 0.0546875
0 0.228515625 0.80078125 0.052734375 0.05078125
0 0.234375 0.8681640625 0.046875 0.052734375
0 0.2744140625 0.978515625 0.076171875 0.04296875
0 0.2001953125 0.908203125 0.056640625 0.06640625
0 0.1005859375 0.775390625 0.064453125 0.0703125
0 0.0869140625 0.8642578125 0.08203125 0.0859375
0 0.150390625 0.8505859375 0.04296875 0.048828125
0 0.111328125 0.978515625 0.0390625 0.041015625
0 0.1708984375 0.607421875 0.0546875 0.0625
0 0.115234375 0.609375 0.0546875 0.064453125
0 0.060546875 0.4306640625 0.05078125 0.0546875
0 0.087890625 0.3642578125 0.046875 0.0546875
0 0.0341796875 0.3662109375 0.0625 0.083984375
0 0.0361328125 0.158203125 0.044921875 0.068359375
0 0.013671875 0.1474609375 0.02734375 0.060546875
0 0.1318359375 0.4482421875 0.033203125 0.037109375
0 0.412109375 0.3681640625 0.0390625 0.044921875
0 0.8896484375 0.8388671875 0.06640625 0.0546875
0 0.833984375 0.8544921875 0.06640625 0.056640625