0 0.5791015625 0.3037109375 0.0546875 0.046875
0 0.5166015625 0.2490234375 0.060546875 0.056640625
0 0.416015625 0.3271484375 0.05078125 0.048828125
0 0.212890625 0.2529296875 0.052734375 0.052734375
0 0.197265625 0.28515625 0.05078125 0.046875
0 0.4794921875 0.380859375 0.046875 0.04296875
0 0.490234375 0.3408203125 0.052734375 0.05078125
0 0.4365234375 0.3828125 0.052734375 0.052734375
0 0.3974609375 0.3955078125 0.056640625 0.0546875
0 0.35546875 0.3701171875 0.046875 0.056640625
0 0.0341796875 0.4228515625 0.052734375 0.05078125
0 0.2734375 0.4189453125 0.05859375 0.056640625
0 0.32421875 0.4599609375 0.05859375 0.056640625
0 0.333984375 0.529296875 0.05859375 0.0546875
0 0.333984375 0.56640625 0.064453125 0.052734375
0 0.599609375 0.73828125 0.068359375 0.05078125
0 0.9208984375 0.771484375 0.056640625 0.05859375
0 0.7021484375 0.9375 0.0625 0.068359375
0 0.4541015625 0.830078125 0.03515625 0.0390625
0 0.5185546875 0.8203125 0.048828125 0.048828125
0 0.3505859375 0.8125 0.044921875 0.048828125
0 0.3046875 0.8193359375 0.044921875 0.05078125
0 0.27734375 0.8642578125 0.048828125 0.05078125
0 0.3037109375 0.8837890625 0.037109375 0.037109375
0 0.1474609375 0.78125 0.076171875 0.064453125
0 0.1748046875 0.841796875 0.060546875 0.056640625
0 0.17578125 0.9130859375 0.05859375 0.05859375