0 0.4765625 0.830078125 0.02734375 0.037109375
0 0.4052734375 0.794921875 0.013671875 0.0234375
0 0.4619140625 0.5986328125 0.021484375 0.021484375
0 0.4609375 0.5751953125 0.01953125 0.017578125
0 0.4609375 0.5556640625 0.013671875 0.021484375
0 0.46484375 0.541015625 0.017578125 0.0234375
0 0.546875 0.5712890625 0.021484375 0.021484375
0 0.63671875 0.5654296875 0.021484375 0.021484375
0 0.71484375 0.556640625 0.01953125 0.021484375
0 0.71484375 0.498046875 0.015625 0.017578125
0 0.7626953125 0.5380859375 0.015625 0.021484375
0 0.787109375 0.546875 0.021484375 0.021484375
0 0.8583984375 0.5498046875 0.021484375 0.021484375
0 0.8369140625 0.53515625 0.01953125 0.0234375
0 0.779296875 0.3837890625 0.021484375 0.021484375
0 0.451171875 0.3642578125 0.01953125 0.01953125
0 0.58203125 0.6640625 0.01953125 0.0234375
0 0.7333984375 0.3662109375 0.015625 0.015625