1 0.3447265625 0.5078125 0.017578125 0.025390625
1 0.375 0.6005859375 0.048828125 0.125
1 0.3974609375 0.5576171875 0.044921875 0.044921875
1 0.4111328125 0.6064453125 0.037109375 0.0390625
1 0.4443359375 0.5380859375 0.0546875 0.068359375
1 0.4619140625 0.6005859375 0.046875 0.05078125
1 0.4853515625 0.5205078125 0.046875 0.0546875
1 0.5048828125 0.58203125 0.046875 0.064453125
1 0.5263671875 0.498046875 0.025390625 0.04296875
1 0.54296875 0.552734375 0.025390625 0.033203125
1 0.421875 0.4453125 0.060546875 0.076171875