1 0.3701171875 0.40234375 0.044921875 0.044921875
1 0.3798828125 0.4853515625 0.046875 0.099609375
1 0.4287109375 0.4501953125 0.05078125 0.033203125
1 0.431640625 0.5048828125 0.05078125 0.068359375
1 0.482421875 0.4501953125 0.01953125 0.01953125
1 0.474609375 0.474609375 0.029296875 0.015625
1 0.4697265625 0.51171875 0.013671875 0.0390625
1 0.49609375 0.421875 0.015625 0.037109375
1 0.5029296875 0.494140625 0.021484375 0.064453125
1 0.5224609375 0.4306640625 0.02734375 0.064453125
1 0.529296875 0.501953125 0.025390625 0.060546875
1 0.552734375 0.501953125 0.021484375 0.0546875
1 0.576171875 0.439453125 0.033203125 0.11328125
1 0.587890625 0.509765625 0.013671875 0.009765625
1 0.51953125 0.3486328125 0.03125 0.04296875
1 0.474609375 0.3427734375 0.03515625 0.01953125
1 0.4365234375 0.3544921875 0.02734375 0.033203125
1 0.4638671875 0.4169921875 0.021484375 0.04296875