1 0.630859375 0.4052734375 0.041015625 0.044921875
1 0.619140625 0.5 0.05078125 0.1015625
1 0.5703125 0.45703125 0.044921875 0.041015625
1 0.5673828125 0.515625 0.046875 0.0703125
1 0.5380859375 0.42578125 0.021484375 0.04296875
1 0.517578125 0.4521484375 0.015625 0.01953125
1 0.5244140625 0.478515625 0.033203125 0.021484375
1 0.529296875 0.5185546875 0.01953125 0.0390625
1 0.5078125 0.4228515625 0.01953125 0.0390625
1 0.4990234375 0.498046875 0.015625 0.068359375
1 0.4765625 0.43359375 0.03125 0.06640625
1 0.4697265625 0.50390625 0.02734375 0.05078125
1 0.447265625 0.505859375 0.01953125 0.048828125
1 0.423828125 0.443359375 0.04296875 0.1171875
1 0.4873046875 0.3486328125 0.0390625 0.056640625
1 0.5283203125 0.35546875 0.04296875 0.0390625
1 0.572265625 0.3515625 0.03125 0.048828125