0 0.5908203125 0.3828125 0.02734375 0.029296875
0 0.5478515625 0.3447265625 0.025390625 0.025390625
0 0.5751953125 0.3203125 0.0234375 0.021484375
0 0.5263671875 0.3173828125 0.015625 0.021484375
0 0.521484375 0.28125 0.021484375 0.021484375
0 0.5126953125 0.2880859375 0.017578125 0.015625
0 0.482421875 0.248046875 0.021484375 0.01953125
0 0.4267578125 0.2626953125 0.017578125 0.015625
0 0.419921875 0.2890625 0.021484375 0.01953125
0 0.40625 0.3466796875 0.015625 0.0234375
0 0.671875 0.2607421875 0.021484375 0.025390625
0 0.681640625 0.30078125 0.025390625 0.025390625
0 0.701171875 0.3154296875 0.021484375 0.01953125
0 0.7060546875 0.283203125 0.025390625 0.025390625
0 0.548828125 0.2607421875 0.029296875 0.0234375