0 0.44921875 0.3525390625 0.0625 0.05078125
0 0.4228515625 0.3212890625 0.056640625 0.046875
0 0.3671875 0.31640625 0.048828125 0.046875
0 0.4853515625 0.2314453125 0.05859375 0.048828125
0 0.51171875 0.20703125 0.0625 0.04296875
0 0.466796875 0.408203125 0.052734375 0.044921875
0 0.41015625 0.4267578125 0.0546875 0.044921875
0 0.3720703125 0.373046875 0.05078125 0.03515625
0 0.39453125 0.3583984375 0.05859375 0.04296875
0 0.2578125 0.353515625 0.041015625 0.037109375
0 0.44140625 0.24609375 0.05078125 0.048828125