1 0.654296875 0.4423828125 0.01171875 0.033203125
1 0.6455078125 0.5390625 0.01953125 0.125
1 0.6162109375 0.5107421875 0.03515625 0.046875
1 0.6123046875 0.5546875 0.03515625 0.04296875
1 0.56640625 0.49609375 0.046875 0.0625
1 0.5634765625 0.56640625 0.04296875 0.0546875
1 0.5185546875 0.4951171875 0.03515625 0.04296875
1 0.5166015625 0.5537109375 0.03515625 0.0546875
1 0.4775390625 0.482421875 0.01953125 0.0390625
1 0.47265625 0.5322265625 0.01953125 0.0234375
1 0.5625 0.4111328125 0.044921875 0.0546875