0 0.55859375 0.6435546875 0.025390625 0.025390625
0 0.580078125 0.6025390625 0.021484375 0.0234375
0 0.6220703125 0.626953125 0.017578125 0.015625
0 0.607421875 0.5751953125 0.017578125 0.017578125
0 0.5869140625 0.5703125 0.015625 0.015625
0 0.587890625 0.4619140625 0.017578125 0.017578125
0 0.62109375 0.53125 0.015625 0.017578125
0 0.6357421875 0.5830078125 0.017578125 0.017578125
0 0.587890625 0.541015625 0.017578125 0.017578125
0 0.6142578125 0.4697265625 0.013671875 0.01171875
0 0.646484375 0.5029296875 0.021484375 0.01953125
0 0.673828125 0.484375 0.021484375 0.01953125
0 0.6455078125 0.453125 0.01953125 0.015625
0 0.5869140625 0.443359375 0.017578125 0.013671875
0 0.666015625 0.431640625 0.017578125 0.015625
0 0.6162109375 0.408203125 0.017578125 0.015625
0 0.572265625 0.578125 0.017578125 0.017578125