0 0.626953125 0.4248046875 0.02734375 0.025390625
0 0.6591796875 0.4716796875 0.0234375 0.0234375
0 0.6875 0.4462890625 0.01953125 0.021484375
0 0.6845703125 0.49609375 0.01953125 0.013671875
0 0.7197265625 0.5048828125 0.01953125 0.01953125
0 0.7109375 0.513671875 0.015625 0.015625
0 0.748046875 0.5478515625 0.017578125 0.01953125
0 0.7265625 0.6015625 0.015625 0.015625
0 0.69921875 0.60546875 0.017578125 0.01953125
0 0.640625 0.611328125 0.021484375 0.013671875
0 0.7587890625 0.3583984375 0.0234375 0.01953125
0 0.7197265625 0.34375 0.0234375 0.0234375
0 0.7080078125 0.3232421875 0.017578125 0.01953125
0 0.740234375 0.3212890625 0.0234375 0.0234375
0 0.7431640625 0.4814453125 0.01953125 0.02734375