1 0.3642578125 0.453125 0.0546875 0.064453125
1 0.3876953125 0.5439453125 0.068359375 0.11328125
1 0.43359375 0.49609375 0.044921875 0.037109375
1 0.4404296875 0.5546875 0.060546875 0.080078125
1 0.4580078125 0.4599609375 0.025390625 0.041015625
1 0.4794921875 0.486328125 0.021484375 0.021484375
1 0.478515625 0.5146484375 0.041015625 0.025390625
1 0.478515625 0.552734375 0.029296875 0.05078125
1 0.4892578125 0.4580078125 0.025390625 0.0390625
1 0.509765625 0.533203125 0.029296875 0.068359375
1 0.5185546875 0.4609375 0.037109375 0.064453125
1 0.544921875 0.5322265625 0.0546875 0.064453125
1 0.5732421875 0.4599609375 0.064453125 0.12109375
1 0.4990234375 0.376953125 0.046875 0.0625
1 0.4560546875 0.3818359375 0.048828125 0.068359375
1 0.4140625 0.390625 0.04296875 0.0703125