1 0.65234375 0.466796875 0.013671875 0.01953125
1 0.6396484375 0.5625 0.017578125 0.09375
1 0.6123046875 0.525390625 0.03515625 0.0390625
1 0.6083984375 0.5751953125 0.03125 0.044921875
1 0.564453125 0.5185546875 0.05078125 0.05859375
1 0.560546875 0.580078125 0.04296875 0.0390625
1 0.517578125 0.515625 0.037109375 0.037109375
1 0.515625 0.57421875 0.0390625 0.05078125
1 0.4794921875 0.5 0.025390625 0.03515625
1 0.470703125 0.552734375 0.01953125 0.03125
1 0.5625 0.42578125 0.05078125 0.064453125