0 0.224609375 0.490234375 0.048828125 0.0625
0 0.0673828125 0.41015625 0.05078125 0.05859375
0 0.1240234375 0.5224609375 0.052734375 0.0625
0 0.0712890625 0.578125 0.041015625 0.041015625
0 0.0703125 0.626953125 0.04296875 0.048828125
0 0.1572265625 0.642578125 0.046875 0.060546875
0 0.0703125 0.7001953125 0.056640625 0.05859375
0 0.267578125 0.44140625 0.048828125 0.0625
0 0.4267578125 0.357421875 0.041015625 0.0390625
0 0.4404296875 0.3837890625 0.03515625 0.041015625
0 0.4658203125 0.5517578125 0.037109375 0.05078125
0 0.5556640625 0.2822265625 0.041015625 0.048828125
0 0.646484375 0.2861328125 0.052734375 0.056640625
0 0.6142578125 0.4189453125 0.0546875 0.05078125
0 0.59765625 0.5185546875 0.0625 0.05078125
0 0.5419921875 0.5302734375 0.041015625 0.0390625
0 0.5185546875 0.4794921875 0.0390625 0.037109375
0 0.7685546875 0.5791015625 0.0546875 0.05078125
0 0.6923828125 0.474609375 0.033203125 0.044921875
0 0.6572265625 0.515625 0.048828125 0.046875
0 0.701171875 0.529296875 0.03515625 0.041015625
0 0.7216796875 0.515625 0.0390625 0.037109375
0 0.9267578125 0.603515625 0.046875 0.052734375
0 0.8193359375 0.6669921875 0.0390625 0.046875
0 0.951171875 0.6396484375 0.041015625 0.056640625
0 0.986328125 0.5439453125 0.02734375 0.056640625
0 0.96484375 0.4248046875 0.0390625 0.05078125
0 0.955078125 0.3798828125 0.048828125 0.0625
0 0.8876953125 0.3564453125 0.0546875 0.05859375
0 0.8623046875 0.2880859375 0.044921875 0.0546875
0 0.8134765625 0.275390625 0.0546875 0.0625
0 0.5947265625 0.1337890625 0.046875 0.05859375
0 0.80078125 0.4375 0.048828125 0.0625
0 0.8701171875 0.4580078125 0.04296875 0.052734375
0 0.8115234375 0.51171875 0.037109375 0.052734375
0 0.744140625 0.1025390625 0.03125 0.025390625
0 0.6953125 0.1708984375 0.03515625 0.03515625
0 0.71875 0.1884765625 0.025390625 0.033203125
0 0.9248046875 0.26171875 0.033203125 0.03515625
0 0.421875 0.2119140625 0.033203125 0.037109375
0 0.4814453125 0.220703125 0.037109375 0.044921875
0 0.4873046875 0.2626953125 0.0390625 0.0390625