0 0.6259765625 0.3447265625 0.05078125 0.041015625
0 0.5947265625 0.390625 0.048828125 0.052734375
0 0.51953125 0.474609375 0.029296875 0.0234375
0 0.5546875 0.4033203125 0.03125 0.03125
0 0.5400390625 0.3017578125 0.03515625 0.0234375
0 0.375 0.2978515625 0.025390625 0.025390625
0 0.37109375 0.318359375 0.029296875 0.033203125
0 0.5546875 0.216796875 0.056640625 0.041015625
0 0.521484375 0.23828125 0.041015625 0.025390625
0 0.4775390625 0.220703125 0.033203125 0.037109375
0 0.4921875 0.16015625 0.037109375 0.03125
0 0.3515625 0.1943359375 0.021484375 0.03125
0 0.3291015625 0.1943359375 0.033203125 0.02734375
0 0.498046875 0.08203125 0.037109375 0.037109375
0 0.4130859375 0.1669921875 0.03125 0.03125
0 0.4619140625 0.166015625 0.02734375 0.03125
0 0.61328125 0.1337890625 0.0390625 0.029296875
0 0.6064453125 0.099609375 0.0234375 0.025390625
0 0.576171875 0.1435546875 0.029296875 0.03125
0 0.66015625 0.0810546875 0.037109375 0.0390625
0 0.6767578125 0.0390625 0.033203125 0.033203125
0 0.703125 0.23046875 0.0390625 0.037109375
0 0.6826171875 0.3154296875 0.048828125 0.041015625
0 0.634765625 0.4560546875 0.0390625 0.046875
0 0.4541015625 0.140625 0.044921875 0.046875