1 0.3505859375 0.46875 0.013671875 0.02734375
1 0.3564453125 0.56640625 0.0185546875 0.126953125
1 0.3857421875 0.5263671875 0.037109375 0.0458984375
1 0.388671875 0.5830078125 0.0302734375 0.044921875
1 0.4345703125 0.521484375 0.0380859375 0.0576171875
1 0.4375 0.5849609375 0.0400390625 0.04296875
1 0.4814453125 0.517578125 0.033203125 0.044921875
1 0.482421875 0.5732421875 0.0361328125 0.05078125
1 0.525390625 0.5078125 0.0234375 0.0380859375
1 0.53125 0.560546875 0.0185546875 0.029296875
1 0.439453125 0.43359375 0.0478515625 0.064453125