4 0.51953125 0.7646484375 0.09765625 0.076171875
4 0.3857421875 0.7705078125 0.087890625 0.08203125
4 0.4072265625 0.5458984375 0.07421875 0.068359375
4 0.4072265625 0.6455078125 0.091796875 0.08984375
4 0.51953125 0.6416015625 0.09375 0.076171875
4 0.53125 0.5361328125 0.09375 0.072265625
4 0.541015625 0.4296875 0.10546875 0.078125
4 0.421875 0.4443359375 0.11328125 0.07421875
4 0.4208984375 0.32421875 0.09375 0.0703125
4 0.5361328125 0.3203125 0.072265625 0.072265625
4 0.5400390625 0.23046875 0.09375 0.056640625
4 0.43359375 0.2294921875 0.103515625 0.068359375
4 0.431640625 0.1396484375 0.078125 0.060546875
4 0.5478515625 0.1318359375 0.083984375 0.068359375