0 0.6123046875 0.822265625 0.03515625 0.03515625
0 0.615234375 0.8642578125 0.029296875 0.029296875
0 0.64453125 0.4990234375 0.0390625 0.04296875
0 0.619140625 0.6494140625 0.033203125 0.037109375
0 0.6083984375 0.69921875 0.041015625 0.03515625
0 0.7060546875 0.7119140625 0.03125 0.025390625
0 0.599609375 0.4365234375 0.025390625 0.025390625
0 0.6865234375 0.14453125 0.033203125 0.037109375
0 0.6630859375 0.1259765625 0.025390625 0.03125
0 0.5107421875 0.5830078125 0.03125 0.029296875
0 0.560546875 0.6044921875 0.033203125 0.025390625
0 0.55078125 0.6533203125 0.029296875 0.037109375
0 0.5078125 0.703125 0.03125 0.02734375