0 0.5546875 0.62890625 0.052734375 0.041015625
0 0.5986328125 0.5810546875 0.04296875 0.03125
0 0.5283203125 0.537109375 0.046875 0.03515625
0 0.5654296875 0.5146484375 0.0390625 0.029296875
0 0.6171875 0.4921875 0.04296875 0.033203125
0 0.7197265625 0.5126953125 0.03515625 0.025390625
0 0.7236328125 0.427734375 0.03515625 0.02734375
0 0.6337890625 0.3466796875 0.0625 0.041015625
0 0.5029296875 0.3359375 0.048828125 0.03515625
0 0.556640625 0.44140625 0.03515625 0.02734375
0 0.669921875 0.287109375 0.0390625 0.033203125
0 0.388671875 0.2431640625 0.041015625 0.025390625
0 0.3037109375 0.1494140625 0.04296875 0.03515625
0 0.2978515625 0.12890625 0.03125 0.025390625
0 0.314453125 0.107421875 0.03125 0.02734375
0 0.400390625 0.126953125 0.037109375 0.025390625
0 0.39453125 0.1728515625 0.0390625 0.033203125
0 0.525390625 0.205078125 0.0546875 0.037109375
0 0.6181640625 0.275390625 0.03125 0.025390625
0 0.6591796875 0.2265625 0.033203125 0.025390625
0 0.7314453125 0.2568359375 0.037109375 0.025390625
0 0.7802734375 0.23828125 0.041015625 0.033203125
0 0.73046875 0.21484375 0.04296875 0.02734375
0 0.7001953125 0.189453125 0.03125 0.025390625
0 0.7060546875 0.16796875 0.029296875 0.021484375
0 0.7470703125 0.158203125 0.03515625 0.0234375
0 0.8349609375 0.162109375 0.037109375 0.025390625
0 0.8525390625 0.1875 0.037109375 0.025390625
0 0.7412109375 0.3310546875 0.037109375 0.025390625