0 0.595703125 0.6025390625 0.05078125 0.03515625
0 0.6201171875 0.5419921875 0.041015625 0.025390625
0 0.5390625 0.525390625 0.04296875 0.029296875
0 0.56640625 0.4912109375 0.037109375 0.0234375
0 0.607421875 0.4521484375 0.0390625 0.029296875
0 0.7099609375 0.4365234375 0.033203125 0.021484375
0 0.685546875 0.35546875 0.033203125 0.0234375
0 0.5732421875 0.3095703125 0.060546875 0.03515625
0 0.4462890625 0.3447265625 0.046875 0.029296875
0 0.533203125 0.42578125 0.033203125 0.0234375
0 0.5869140625 0.2412109375 0.037109375 0.029296875
0 0.3076171875 0.2958984375 0.041015625 0.01953125
0 0.1953125 0.2373046875 0.0390625 0.029296875
0 0.1826171875 0.2197265625 0.029296875 0.0234375
0 0.19140625 0.1943359375 0.029296875 0.0234375
0 0.279296875 0.18359375 0.03515625 0.021484375
0 0.2890625 0.228515625 0.03515625 0.029296875
0 0.4228515625 0.21484375 0.052734375 0.03125
0 0.5341796875 0.248046875 0.029296875 0.021484375
0 0.5556640625 0.1884765625 0.03125 0.021484375
0 0.634765625 0.1923828125 0.03515625 0.021484375
0 0.673828125 0.1572265625 0.0390625 0.029296875
0 0.619140625 0.1533203125 0.041015625 0.0234375
0 0.58203125 0.1396484375 0.029296875 0.021484375
0 0.580078125 0.1171875 0.02734375 0.017578125
0 0.615234375 0.09375 0.03515625 0.01953125
0 0.69921875 0.0673828125 0.03515625 0.021484375
0 0.724609375 0.0859375 0.03515625 0.021484375
0 0.6689453125 0.2587890625 0.03515625 0.021484375