1 0.3701171875 0.3935546875 0.0390625 0.0361328125
1 0.3828125 0.4833984375 0.0478515625 0.0986328125
1 0.435546875 0.4482421875 0.03515625 0.0283203125
1 0.4306640625 0.501953125 0.046875 0.0712890625
1 0.4833984375 0.4501953125 0.01953125 0.0146484375
1 0.4755859375 0.47265625 0.0302734375 0.0205078125
1 0.4697265625 0.513671875 0.017578125 0.037109375
1 0.5048828125 0.501953125 0.0126953125 0.07421875
1 0.5263671875 0.435546875 0.0244140625 0.0654296875
1 0.5263671875 0.5078125 0.0263671875 0.0556640625
1 0.5537109375 0.509765625 0.0166015625 0.046875
1 0.580078125 0.4453125 0.029296875 0.111328125
1 0.4990234375 0.42578125 0.015625 0.046875
1 0.4658203125 0.416015625 0.021484375 0.037109375
1 0.4384765625 0.33984375 0.0224609375 0.0341796875
1 0.48046875 0.345703125 0.037109375 0.0263671875
1 0.5234375 0.3505859375 0.037109375 0.044921875