0 0.3642578125 0.1318359375 0.056640625 0.041015625
0 0.6123046875 0.1728515625 0.046875 0.033203125
0 0.5673828125 0.2158203125 0.048828125 0.041015625
0 0.33984375 0.189453125 0.03515625 0.033203125
0 0.2978515625 0.162109375 0.052734375 0.046875
0 0.244140625 0.2119140625 0.052734375 0.0546875
0 0.2275390625 0.166015625 0.0546875 0.04296875
0 0.1650390625 0.044921875 0.048828125 0.0390625
0 0.1904296875 0.5732421875 0.0546875 0.05078125
0 0.0283203125 0.5322265625 0.0546875 0.05078125
0 0.44140625 0.7001953125 0.05859375 0.05859375
0 0.45703125 0.5712890625 0.056640625 0.041015625
0 0.380859375 0.552734375 0.0546875 0.041015625
0 0.19921875 0.771484375 0.05078125 0.052734375
0 0.1318359375 0.765625 0.052734375 0.046875
0 0.0205078125 0.7236328125 0.041015625 0.076171875
0 0.091796875 0.7998046875 0.06640625 0.056640625
0 0.224609375 0.8994140625 0.0703125 0.064453125
0 0.1357421875 0.9130859375 0.0859375 0.08203125
0 0.1494140625 0.849609375 0.048828125 0.04296875
0 0.021484375 0.888671875 0.041015625 0.0390625
0 0.392578125 0.8291015625 0.0625 0.0546875
0 0.390625 0.884765625 0.064453125 0.0546875
0 0.5693359375 0.939453125 0.0546875 0.05078125
0 0.6357421875 0.912109375 0.0546875 0.046875
0 0.6337890625 0.9658203125 0.083984375 0.0625
0 0.841796875 0.9638671875 0.068359375 0.044921875
0 0.8525390625 0.986328125 0.060546875 0.02734375
0 0.5517578125 0.8681640625 0.037109375 0.033203125
0 0.6318359375 0.587890625 0.044921875 0.0390625
0 0.1611328125 0.1103515625 0.0546875 0.06640625
0 0.1455078125 0.166015625 0.0546875 0.06640625