0 0.611328125 0.2998046875 0.025390625 0.021484375
0 0.6103515625 0.2783203125 0.025390625 0.01953125
0 0.583984375 0.2861328125 0.025390625 0.0234375
0 0.7431640625 0.3212890625 0.017578125 0.015625
0 0.779296875 0.353515625 0.03125 0.029296875
0 0.787109375 0.3359375 0.021484375 0.01953125
0 0.8779296875 0.3427734375 0.0234375 0.01953125
0 0.8779296875 0.3583984375 0.021484375 0.021484375
0 0.8701171875 0.4111328125 0.025390625 0.025390625
0 0.8515625 0.404296875 0.021484375 0.01953125
0 0.841796875 0.3349609375 0.017578125 0.015625
0 0.7529296875 0.3740234375 0.0234375 0.01953125
0 0.7314453125 0.390625 0.0390625 0.029296875
0 0.314453125 0.4755859375 0.03125 0.025390625
0 0.345703125 0.478515625 0.021484375 0.015625
0 0.3388671875 0.4521484375 0.021484375 0.01953125
0 0.3369140625 0.4375 0.02734375 0.021484375
0 0.3056640625 0.439453125 0.0234375 0.017578125
0 0.2431640625 0.443359375 0.015625 0.015625
0 0.3095703125 0.423828125 0.01953125 0.013671875
0 0.2978515625 0.4111328125 0.01953125 0.015625
0 0.30078125 0.3896484375 0.0234375 0.01953125
0 0.32421875 0.3955078125 0.021484375 0.01953125
0 0.3369140625 0.4130859375 0.025390625 0.01953125
0 0.34765625 0.400390625 0.01953125 0.021484375
0 0.2216796875 0.3935546875 0.015625 0.015625
0 0.1982421875 0.462890625 0.015625 0.013671875
0 0.22265625 0.4609375 0.02734375 0.021484375
0 0.2099609375 0.4306640625 0.01953125 0.021484375
0 0.2353515625 0.4140625 0.03125 0.0234375
0 0.2001953125 0.3984375 0.021484375 0.017578125
0 0.65625 0.3095703125 0.02734375 0.025390625
0 0.642578125 0.29296875 0.025390625 0.02734375
0 0.615234375 0.255859375 0.025390625 0.0234375