1 0.6318359375 0.4228515625 0.046875 0.052734375
1 0.6181640625 0.515625 0.056640625 0.107421875
1 0.5693359375 0.4677734375 0.041015625 0.03515625
1 0.5654296875 0.5283203125 0.048828125 0.080078125
1 0.5380859375 0.435546875 0.0234375 0.048828125
1 0.5087890625 0.439453125 0.01953125 0.052734375
1 0.4775390625 0.4462890625 0.029296875 0.07421875
1 0.4580078125 0.5185546875 0.0546875 0.0546875
1 0.421875 0.453125 0.048828125 0.123046875
1 0.51953125 0.4677734375 0.015625 0.015625
1 0.517578125 0.4912109375 0.05078125 0.03125
1 0.529296875 0.5322265625 0.021484375 0.0390625
1 0.501953125 0.53125 0.03125 0.04296875
1 0.4912109375 0.3544921875 0.0390625 0.06640625
1 0.5341796875 0.3603515625 0.04296875 0.060546875
1 0.57421875 0.361328125 0.03515625 0.056640625