1 0.3603515625 0.42578125 0.015625 0.02734375
1 0.3466796875 0.5205078125 0.048828125 0.125
1 0.38671875 0.4912109375 0.044921875 0.048828125
1 0.3740234375 0.54296875 0.04296875 0.04296875
1 0.4326171875 0.498046875 0.056640625 0.064453125
1 0.4189453125 0.5576171875 0.048828125 0.052734375
1 0.478515625 0.5087890625 0.041015625 0.044921875
1 0.4658203125 0.5634765625 0.048828125 0.0546875
1 0.525390625 0.5078125 0.029296875 0.037109375
1 0.515625 0.5576171875 0.017578125 0.03515625
1 0.4609375 0.4111328125 0.060546875 0.07421875