1 0.623046875 0.39453125 0.044921875 0.05078125
1 0.6201171875 0.490234375 0.048828125 0.10546875
1 0.564453125 0.4482421875 0.037109375 0.029296875
1 0.568359375 0.5068359375 0.048828125 0.08203125
1 0.515625 0.4501953125 0.021484375 0.021484375
1 0.5244140625 0.4755859375 0.029296875 0.021484375
1 0.5302734375 0.5146484375 0.017578125 0.041015625
1 0.533203125 0.419921875 0.017578125 0.044921875
1 0.5009765625 0.4228515625 0.017578125 0.033203125
1 0.4970703125 0.5029296875 0.017578125 0.07421875
1 0.4697265625 0.4384765625 0.02734375 0.07421875
1 0.47265625 0.51171875 0.02734375 0.044921875
1 0.4482421875 0.513671875 0.013671875 0.0390625
1 0.4189453125 0.4482421875 0.033203125 0.119140625
1 0.4736328125 0.357421875 0.033203125 0.04296875
1 0.513671875 0.349609375 0.0390625 0.0390625
1 0.556640625 0.3515625 0.025390625 0.03515625