1 0.666015625 0.4833984375 0.017578125 0.02734375
1 0.6279296875 0.5849609375 0.05078125 0.1171875
1 0.609375 0.5361328125 0.04296875 0.0390625
1 0.595703125 0.5791015625 0.041015625 0.04296875
1 0.564453125 0.5087890625 0.05859375 0.068359375
1 0.5458984375 0.57421875 0.052734375 0.060546875
1 0.5224609375 0.4970703125 0.044921875 0.048828125
1 0.5029296875 0.5556640625 0.048828125 0.06640625
1 0.4853515625 0.4755859375 0.041015625 0.05078125
1 0.4677734375 0.5341796875 0.029296875 0.04296875
1 0.5791015625 0.4375 0.05078125 0.048828125