0 0.4892578125 0.1923828125 0.03515625 0.037109375
0 0.611328125 0.1884765625 0.041015625 0.041015625
0 0.501953125 0.2451171875 0.041015625 0.04296875
0 0.576171875 0.2373046875 0.041015625 0.041015625
0 0.4228515625 0.05078125 0.048828125 0.048828125
0 0.3076171875 0.09375 0.0546875 0.052734375
0 0.33984375 0.1884765625 0.046875 0.044921875
0 0.3232421875 0.2470703125 0.041015625 0.04296875
0 0.43359375 0.2568359375 0.037109375 0.037109375
0 0.4482421875 0.283203125 0.037109375 0.046875
0 0.2255859375 0.404296875 0.05078125 0.048828125
0 0.1748046875 0.31640625 0.044921875 0.048828125
0 0.0498046875 0.140625 0.046875 0.060546875
0 0.2919921875 0.203125 0.04296875 0.0390625
0 0.4677734375 0.2060546875 0.044921875 0.046875
0 0.783203125 0.80859375 0.041015625 0.04296875
0 0.7529296875 0.814453125 0.03515625 0.029296875
0 0.7236328125 0.80859375 0.033203125 0.03125
0 0.701171875 0.8046875 0.03125 0.03515625
0 0.5849609375 0.7587890625 0.037109375 0.0390625
0 0.55078125 0.75 0.046875 0.044921875
0 0.53515625 0.818359375 0.037109375 0.04296875
0 0.521484375 0.78515625 0.03125 0.03515625
0 0.37109375 0.791015625 0.037109375 0.037109375
0 0.390625 0.8359375 0.033203125 0.041015625
0 0.3408203125 0.810546875 0.033203125 0.033203125
0 0.3193359375 0.79296875 0.02734375 0.03125
0 0.2998046875 0.7763671875 0.037109375 0.0390625
0 0.2978515625 0.7421875 0.029296875 0.037109375
0 0.333984375 0.9697265625 0.03515625 0.0390625
0 0.3720703125 0.98046875 0.03125 0.033203125
0 0.625 0.8349609375 0.041015625 0.0390625
0 0.798828125 0.6630859375 0.02734375 0.037109375
0 0.3935546875 0.2255859375 0.033203125 0.041015625