1 0.40234375 0.3779296875 0.0546875 0.0625
1 0.3837890625 0.47265625 0.068359375 0.11328125
1 0.447265625 0.4501953125 0.044921875 0.041015625
1 0.4296875 0.5048828125 0.064453125 0.083984375
1 0.4833984375 0.423828125 0.033203125 0.048828125
1 0.5126953125 0.439453125 0.025390625 0.048828125
1 0.4931640625 0.4609375 0.021484375 0.017578125
1 0.4873046875 0.486328125 0.048828125 0.02734375
1 0.462890625 0.517578125 0.025390625 0.046875
1 0.5224609375 0.53125 0.072265625 0.056640625
1 0.537109375 0.4599609375 0.0390625 0.06640625
1 0.587890625 0.4794921875 0.060546875 0.115234375
1 0.5556640625 0.3720703125 0.041015625 0.060546875
1 0.517578125 0.357421875 0.04296875 0.05078125
1 0.4736328125 0.34765625 0.033203125 0.056640625