0 0.4599609375 0.8583984375 0.041015625 0.03125
0 0.3212890625 0.435546875 0.037109375 0.033203125
0 0.279296875 0.4599609375 0.04296875 0.03125
0 0.3232421875 0.5263671875 0.0390625 0.03515625
0 0.34375 0.5732421875 0.04296875 0.04296875
0 0.3369140625 0.6181640625 0.0390625 0.03515625
0 0.5478515625 0.5703125 0.044921875 0.03515625
0 0.587890625 0.65625 0.03515625 0.04296875
0 0.6318359375 0.6708984375 0.033203125 0.03515625
0 0.6689453125 0.671875 0.03515625 0.044921875
0 0.564453125 0.759765625 0.037109375 0.03515625
0 0.58203125 0.7626953125 0.0390625 0.0390625
0 0.5498046875 0.7275390625 0.0390625 0.02734375
0 0.5810546875 0.7255859375 0.03515625 0.029296875
0 0.6845703125 0.916015625 0.05078125 0.02734375
0 0.509765625 0.8740234375 0.041015625 0.029296875
0 0.306640625 0.90625 0.044921875 0.03125
0 0.3076171875 0.8779296875 0.044921875 0.029296875
0 0.4345703125 0.974609375 0.037109375 0.03515625
0 0.3369140625 0.7177734375 0.044921875 0.02734375
0 0.3349609375 0.6796875 0.044921875 0.0234375
0 0.669921875 0.3642578125 0.05859375 0.0390625
0 0.6630859375 0.4296875 0.04296875 0.03515625
0 0.8134765625 0.353515625 0.060546875 0.048828125
0 0.828125 0.283203125 0.044921875 0.044921875
0 0.8232421875 0.140625 0.044921875 0.029296875
0 0.705078125 0.16796875 0.04296875 0.03515625
0 0.4921875 0.201171875 0.048828125 0.03515625
0 0.375 0.2275390625 0.046875 0.0234375
0 0.291015625 0.1845703125 0.048828125 0.0390625
0 0.3984375 0.095703125 0.037109375 0.037109375
0 0.6181640625 0.044921875 0.064453125 0.044921875
0 0.6279296875 0.5595703125 0.037109375 0.021484375
0 0.6201171875 0.529296875 0.03515625 0.0234375
0 0.6201171875 0.595703125 0.037109375 0.029296875
0 0.18359375 0.498046875 0.044921875 0.029296875
0 0.1689453125 0.1630859375 0.0390625 0.0390625
0 0.55078125 0.4033203125 0.046875 0.029296875
0 0.8310546875 0.5087890625 0.03515625 0.033203125
0 0.6923828125 0.25 0.037109375 0.0390625
0 0.61328125 0.259765625 0.041015625 0.02734375
0 0.587890625 0.291015625 0.04296875 0.03515625