0 0.62109375 0.3935546875 0.03125 0.03515625
0 0.642578125 0.4716796875 0.029296875 0.03125
0 0.720703125 0.611328125 0.025390625 0.025390625
0 0.7421875 0.6240234375 0.021484375 0.03125
0 0.75390625 0.6611328125 0.021484375 0.03125
0 0.765625 0.7060546875 0.033203125 0.037109375
0 0.74609375 0.7490234375 0.025390625 0.037109375
0 0.6884765625 0.736328125 0.03125 0.029296875
0 0.6240234375 0.7470703125 0.025390625 0.02734375
0 0.5791015625 0.8505859375 0.021484375 0.033203125
0 0.5439453125 0.865234375 0.021484375 0.0234375
0 0.6103515625 0.8984375 0.025390625 0.03125
0 0.658203125 0.8544921875 0.03515625 0.03125
0 0.7119140625 0.861328125 0.03125 0.029296875
0 0.74609375 0.859375 0.033203125 0.04296875
0 0.7734375 0.798828125 0.0390625 0.0390625
0 0.796875 0.587890625 0.029296875 0.033203125
0 0.7421875 0.578125 0.029296875 0.033203125
0 0.8642578125 0.6474609375 0.029296875 0.033203125
0 0.1875 0.630859375 0.025390625 0.0234375
0 0.197265625 0.5673828125 0.025390625 0.037109375
0 0.1884765625 0.650390625 0.0234375 0.0234375
0 0.2021484375 0.798828125 0.025390625 0.033203125
0 0.2021484375 0.845703125 0.03125 0.037109375
0 0.3193359375 0.57421875 0.025390625 0.0390625
0 0.7265625 0.21484375 0.02734375 0.029296875
0 0.7314453125 0.2666015625 0.029296875 0.033203125
0 0.8154296875 0.3125 0.037109375 0.033203125