1 0.4150390625 0.205078125 0.16015625 0.056640625
1 0.0712890625 0.1328125 0.060546875 0.0234375
1 0.1025390625 0.181640625 0.119140625 0.0234375
1 0.103515625 0.3740234375 0.083984375 0.03125
1 0.0908203125 0.443359375 0.08203125 0.02734375
1 0.1025390625 0.4716796875 0.1015625 0.017578125
1 0.1201171875 0.55078125 0.119140625 0.0546875
1 0.0908203125 0.6181640625 0.064453125 0.05078125
1 0.4365234375 0.6826171875 0.1640625 0.048828125
1 0.453125 0.623046875 0.1875 0.037109375
1 0.51953125 0.5703125 0.193359375 0.03515625
1 0.431640625 0.4375 0.205078125 0.095703125
1 0.541015625 0.30859375 0.091796875 0.029296875
1 0.54296875 0.7890625 0.1328125 0.03515625