1 0.365234375 0.4384765625 0.05078125 0.048828125
1 0.384765625 0.5283203125 0.064453125 0.109375
1 0.431640625 0.4814453125 0.046875 0.037109375
1 0.4375 0.5390625 0.0546875 0.078125
1 0.4580078125 0.447265625 0.025390625 0.046875
1 0.482421875 0.4775390625 0.01953125 0.017578125
1 0.4755859375 0.5029296875 0.03515625 0.02734375
1 0.4755859375 0.5458984375 0.0234375 0.041015625
1 0.5048828125 0.521484375 0.021484375 0.064453125
1 0.4892578125 0.447265625 0.02734375 0.046875
1 0.5224609375 0.455078125 0.02734375 0.06640625
1 0.5419921875 0.5263671875 0.05078125 0.060546875
1 0.576171875 0.46484375 0.048828125 0.125
1 0.50390625 0.3681640625 0.0390625 0.056640625
1 0.46484375 0.3720703125 0.041015625 0.056640625
1 0.4208984375 0.3759765625 0.03515625 0.0546875