0 0.6162109375 0.1796875 0.048828125 0.0390625
0 0.6162109375 0.1171875 0.03515625 0.033203125
0 0.60546875 0.080078125 0.048828125 0.044921875
0 0.484375 0.16796875 0.041015625 0.037109375
0 0.58203125 0.2783203125 0.05078125 0.037109375
0 0.568359375 0.3134765625 0.048828125 0.033203125
0 0.5625 0.34375 0.068359375 0.044921875
0 0.5556640625 0.3798828125 0.0546875 0.037109375
0 0.544921875 0.4111328125 0.0546875 0.044921875
0 0.4931640625 0.447265625 0.048828125 0.037109375
0 0.4833984375 0.47265625 0.046875 0.04296875
0 0.3427734375 0.1689453125 0.048828125 0.041015625
0 0.345703125 0.1279296875 0.04296875 0.033203125
0 0.75 0.1689453125 0.048828125 0.033203125