1 0.65234375 0.498046875 0.021484375 0.0390625
1 0.6279296875 0.5966796875 0.041015625 0.11328125
1 0.60546875 0.548828125 0.041015625 0.04296875
1 0.59375 0.6083984375 0.041015625 0.0546875
1 0.5625 0.529296875 0.05078125 0.064453125
1 0.548828125 0.5927734375 0.052734375 0.052734375
1 0.5126953125 0.525390625 0.044921875 0.052734375
1 0.50390625 0.5849609375 0.044921875 0.06640625
1 0.4736328125 0.5029296875 0.03125 0.037109375
1 0.4609375 0.5537109375 0.01171875 0.0234375
1 0.572265625 0.44140625 0.05078125 0.0703125