1 0.6220703125 0.416015625 0.0390625 0.052734375
1 0.62109375 0.5107421875 0.052734375 0.099609375
1 0.5634765625 0.4716796875 0.04296875 0.03125
1 0.5693359375 0.5302734375 0.05078125 0.072265625
1 0.5322265625 0.4423828125 0.017578125 0.041015625
1 0.5146484375 0.47265625 0.025390625 0.017578125
1 0.5 0.443359375 0.017578125 0.03125
1 0.5224609375 0.4990234375 0.03515625 0.01953125
1 0.533203125 0.5390625 0.01953125 0.0390625
1 0.498046875 0.5224609375 0.01953125 0.076171875
1 0.47265625 0.4599609375 0.0234375 0.0625
1 0.4619140625 0.5322265625 0.048828125 0.060546875
1 0.419921875 0.4736328125 0.037109375 0.119140625
1 0.47265625 0.3701171875 0.03515625 0.060546875
1 0.5146484375 0.3662109375 0.037109375 0.05859375
1 0.5556640625 0.365234375 0.033203125 0.05078125