0 0.21875 0.3251953125 0.017578125 0.0234375
0 0.2607421875 0.310546875 0.017578125 0.0234375
0 0.2724609375 0.2763671875 0.01953125 0.0234375
0 0.1904296875 0.4033203125 0.015625 0.017578125
0 0.21875 0.4306640625 0.017578125 0.0234375
0 0.2021484375 0.5634765625 0.021484375 0.0234375
0 0.1591796875 0.498046875 0.021484375 0.0234375
0 0.1650390625 0.478515625 0.025390625 0.029296875
0 0.1865234375 0.4541015625 0.017578125 0.017578125
0 0.189453125 0.4755859375 0.017578125 0.01953125
0 0.1982421875 0.490234375 0.0234375 0.0234375
0 0.18359375 0.5029296875 0.0234375 0.01953125
0 0.18359375 0.5205078125 0.017578125 0.021484375
0 0.1669921875 0.5361328125 0.017578125 0.0234375
0 0.1533203125 0.55078125 0.013671875 0.01171875
0 0.1533203125 0.5634765625 0.013671875 0.013671875
0 0.142578125 0.5771484375 0.02734375 0.01953125
0 0.1357421875 0.5625 0.013671875 0.013671875
0 0.447265625 0.58984375 0.021484375 0.021484375
0 0.435546875 0.578125 0.015625 0.017578125
0 0.443359375 0.6123046875 0.015625 0.01953125
0 0.4189453125 0.66015625 0.01953125 0.029296875
0 0.4326171875 0.630859375 0.01171875 0.017578125
0 0.4501953125 0.56640625 0.013671875 0.017578125
0 0.46484375 0.55859375 0.017578125 0.021484375
0 0.4541015625 0.5458984375 0.015625 0.01953125
0 0.46484375 0.5390625 0.015625 0.013671875
0 0.4462890625 0.4931640625 0.01171875 0.015625
0 0.455078125 0.4755859375 0.013671875 0.015625
0 0.4609375 0.455078125 0.013671875 0.01953125
0 0.46875 0.40234375 0.015625 0.017578125
0 0.4677734375 0.4169921875 0.01171875 0.01171875
0 0.4677734375 0.3798828125 0.013671875 0.015625
0 0.46875 0.3623046875 0.017578125 0.021484375
0 0.384765625 0.7255859375 0.013671875 0.01171875
0 0.4482421875 0.6982421875 0.013671875 0.013671875
0 0.4169921875 0.708984375 0.015625 0.01953125
0 0.3828125 0.7548828125 0.015625 0.017578125
0 0.3896484375 0.7705078125 0.01171875 0.01171875
0 0.384765625 0.7880859375 0.015625 0.01953125
0 0.5283203125 0.70703125 0.017578125 0.015625
0 0.548828125 0.7119140625 0.017578125 0.021484375
0 0.53125 0.7216796875 0.015625 0.015625
0 0.5400390625 0.76171875 0.015625 0.01953125
0 0.5068359375 0.7861328125 0.015625 0.017578125
0 0.5146484375 0.8037109375 0.017578125 0.017578125
0 0.466796875 0.75390625 0.015625 0.01171875
0 0.44140625 0.7958984375 0.0234375 0.021484375
0 0.419921875 0.7880859375 0.017578125 0.01953125
0 0.41015625 0.8037109375 0.015625 0.017578125
0 0.4599609375 0.7724609375 0.01171875 0.009765625
0 0.4580078125 0.7861328125 0.01171875 0.013671875
0 0.4580078125 0.8046875 0.013671875 0.013671875
0 0.478515625 0.783203125 0.01171875 0.013671875