1 0.6181640625 0.3876953125 0.048828125 0.05078125
1 0.619140625 0.4814453125 0.056640625 0.10546875
1 0.5625 0.4453125 0.041015625 0.0390625
1 0.5703125 0.5048828125 0.05078125 0.083984375
1 0.5283203125 0.41796875 0.017578125 0.044921875
1 0.51171875 0.44921875 0.017578125 0.01953125
1 0.5146484375 0.4765625 0.046875 0.025390625
1 0.5322265625 0.5146484375 0.01953125 0.037109375
1 0.4970703125 0.515625 0.017578125 0.04296875
1 0.49609375 0.419921875 0.017578125 0.044921875
1 0.46875 0.4384765625 0.029296875 0.05859375
1 0.4716796875 0.505859375 0.03125 0.056640625
1 0.4482421875 0.513671875 0.017578125 0.04296875
1 0.4169921875 0.4560546875 0.046875 0.123046875
1 0.46484375 0.3505859375 0.0390625 0.0625
1 0.505859375 0.349609375 0.037109375 0.044921875
1 0.5517578125 0.345703125 0.025390625 0.052734375