1 0.3798828125 0.41015625 0.046875 0.0458984375
1 0.3818359375 0.49609375 0.0458984375 0.099609375
1 0.43359375 0.45703125 0.03515625 0.0341796875
1 0.4326171875 0.5146484375 0.04296875 0.0703125
1 0.4658203125 0.4306640625 0.017578125 0.0478515625
1 0.4833984375 0.4638671875 0.0166015625 0.015625
1 0.484375 0.4873046875 0.044921875 0.0244140625
1 0.4697265625 0.5244140625 0.0126953125 0.037109375
1 0.501953125 0.525390625 0.0126953125 0.041015625
1 0.498046875 0.431640625 0.015625 0.0458984375
1 0.52734375 0.4443359375 0.0244140625 0.0634765625
1 0.5380859375 0.517578125 0.05078125 0.0576171875
1 0.58203125 0.462890625 0.03515625 0.12890625
1 0.5244140625 0.3544921875 0.0361328125 0.0576171875
1 0.4794921875 0.357421875 0.037109375 0.056640625
1 0.4384765625 0.353515625 0.033203125 0.0556640625
1 0.396484375 0.333984375 0.0205078125 0.0234375