0 0.4521484375 0.2763671875 0.0234375 0.01953125
0 0.458984375 0.2548828125 0.0234375 0.017578125
0 0.482421875 0.2705078125 0.0234375 0.01953125
0 0.3193359375 0.2578125 0.015625 0.013671875
0 0.275390625 0.2783203125 0.02734375 0.025390625
0 0.2734375 0.2587890625 0.01953125 0.017578125
0 0.1845703125 0.2392578125 0.021484375 0.017578125
0 0.1796875 0.25390625 0.01953125 0.01953125
0 0.171875 0.306640625 0.0234375 0.0234375
0 0.19140625 0.3046875 0.01953125 0.017578125
0 0.2216796875 0.2421875 0.015625 0.013671875
0 0.294921875 0.3056640625 0.021484375 0.017578125
0 0.310546875 0.3271484375 0.03515625 0.0234375
0 0.6845703125 0.5302734375 0.029296875 0.01953125
0 0.654296875 0.5244140625 0.01953125 0.013671875
0 0.66796875 0.5009765625 0.01953125 0.017578125
0 0.673828125 0.4873046875 0.02734375 0.017578125
0 0.7041015625 0.4990234375 0.021484375 0.015625
0 0.76171875 0.521484375 0.013671875 0.013671875
0 0.705078125 0.4833984375 0.017578125 0.01171875
0 0.71875 0.474609375 0.017578125 0.013671875
0 0.72265625 0.453125 0.021484375 0.017578125
0 0.6982421875 0.451171875 0.01953125 0.017578125
0 0.681640625 0.46484375 0.0234375 0.017578125
0 0.6748046875 0.44921875 0.017578125 0.01953125
0 0.796875 0.4794921875 0.013671875 0.013671875
0 0.7998046875 0.5537109375 0.013671875 0.01171875
0 0.77734375 0.5439453125 0.02734375 0.017578125
0 0.796875 0.5185546875 0.017578125 0.01953125
0 0.7783203125 0.4951171875 0.029296875 0.01953125
0 0.8154296875 0.4912109375 0.01953125 0.015625
0 0.40625 0.2724609375 0.025390625 0.0234375
0 0.423828125 0.2607421875 0.0234375 0.025390625
0 0.4609375 0.2333984375 0.0234375 0.01953125