0 0.23046875 0.4423828125 0.04296875 0.05859375
0 0.08984375 0.3359375 0.044921875 0.0546875
0 0.1259765625 0.45703125 0.046875 0.05859375
0 0.064453125 0.501953125 0.0390625 0.0390625
0 0.0546875 0.5498046875 0.0390625 0.046875
0 0.1376953125 0.5810546875 0.041015625 0.056640625
0 0.0419921875 0.623046875 0.05078125 0.0546875
0 0.28125 0.40234375 0.04296875 0.05859375
0 0.4521484375 0.3466796875 0.0390625 0.03515625
0 0.4609375 0.3759765625 0.033203125 0.0390625
0 0.45703125 0.5458984375 0.033203125 0.048828125
0 0.5927734375 0.294921875 0.037109375 0.044921875
0 0.681640625 0.314453125 0.048828125 0.05078125
0 0.6259765625 0.439453125 0.05078125 0.044921875
0 0.5927734375 0.53515625 0.05859375 0.044921875
0 0.5361328125 0.537109375 0.037109375 0.03515625
0 0.5224609375 0.4833984375 0.03515625 0.03515625
0 0.7509765625 0.6240234375 0.05078125 0.044921875
0 0.6943359375 0.5087890625 0.029296875 0.04296875
0 0.65234375 0.5419921875 0.044921875 0.04296875
0 0.693359375 0.5634765625 0.033203125 0.0390625
0 0.7158203125 0.5537109375 0.03515625 0.03515625
0 0.90234375 0.67578125 0.04296875 0.048828125
0 0.78515625 0.7197265625 0.03515625 0.04296875
0 0.9208984375 0.7158203125 0.03515625 0.0546875
0 0.974609375 0.62890625 0.02734375 0.052734375
0 0.970703125 0.5068359375 0.03515625 0.048828125
0 0.9697265625 0.4609375 0.044921875 0.05859375
0 0.9072265625 0.4267578125 0.048828125 0.0546875
0 0.8935546875 0.3544921875 0.041015625 0.05078125
0 0.84765625 0.3330078125 0.048828125 0.05859375
0 0.65625 0.1552734375 0.041015625 0.0546875
0 0.8076171875 0.490234375 0.04296875 0.05859375
0 0.87109375 0.5224609375 0.0390625 0.05078125
0 0.8046875 0.5654296875 0.033203125 0.05078125
0 0.9765625 0.7607421875 0.03125 0.03515625
0 0.8095703125 0.1513671875 0.029296875 0.021484375
0 0.75 0.2099609375 0.033203125 0.033203125
0 0.76953125 0.23046875 0.0234375 0.03125
0 0.9599609375 0.3388671875 0.029296875 0.03125
0 0.4736328125 0.203125 0.029296875 0.033203125
0 0.5302734375 0.2216796875 0.033203125 0.04296875
0 0.5283203125 0.2646484375 0.03515625 0.03515625