1 0.6474609375 0.43359375 0.013671875 0.037109375
1 0.6455078125 0.5302734375 0.025390625 0.111328125
1 0.6142578125 0.498046875 0.04296875 0.048828125
1 0.615234375 0.55078125 0.046875 0.05859375
1 0.56640625 0.49609375 0.05078125 0.0625
1 0.5693359375 0.5576171875 0.041015625 0.05859375
1 0.5185546875 0.498046875 0.041015625 0.0546875
1 0.5224609375 0.5517578125 0.041015625 0.060546875
1 0.4755859375 0.5361328125 0.017578125 0.029296875
1 0.47265625 0.484375 0.025390625 0.03515625
1 0.5556640625 0.4052734375 0.048828125 0.064453125