1 0.6181640625 0.376953125 0.037109375 0.044921875
1 0.6181640625 0.466796875 0.0546875 0.099609375
1 0.560546875 0.4365234375 0.0390625 0.029296875
1 0.568359375 0.4853515625 0.052734375 0.0703125
1 0.521484375 0.4638671875 0.03125 0.021484375
1 0.53125 0.50390625 0.021484375 0.0390625
1 0.51171875 0.4375 0.015625 0.015625
1 0.4990234375 0.4951171875 0.01171875 0.083984375
1 0.49609375 0.4091796875 0.01953125 0.037109375
1 0.46875 0.42578125 0.025390625 0.06640625
1 0.4716796875 0.501953125 0.029296875 0.044921875
1 0.4482421875 0.5029296875 0.017578125 0.04296875
1 0.4169921875 0.4453125 0.037109375 0.123046875
1 0.4638671875 0.3583984375 0.03125 0.017578125
1 0.509765625 0.3408203125 0.037109375 0.03125
1 0.5498046875 0.337890625 0.021484375 0.015625
1 0.53125 0.423828125 0.013671875 0.013671875