1 0.654296875 0.474609375 0.009765625 0.025390625
1 0.640625 0.5703125 0.021484375 0.130859375
1 0.609375 0.521484375 0.046875 0.076171875
1 0.6064453125 0.58984375 0.037109375 0.068359375
1 0.5654296875 0.5234375 0.0390625 0.056640625
1 0.5595703125 0.58984375 0.04296875 0.05859375
1 0.515625 0.5185546875 0.0390625 0.05078125
1 0.515625 0.5810546875 0.0390625 0.060546875
1 0.4755859375 0.5126953125 0.025390625 0.03515625
1 0.470703125 0.5615234375 0.01953125 0.0390625
1 0.5625 0.4326171875 0.05078125 0.0625