0 0.21875 0.4208984375 0.08203125 0.0859375
0 0.2529296875 0.375 0.052734375 0.0546875
0 0.08984375 0.3349609375 0.044921875 0.048828125
0 0.0654296875 0.3740234375 0.048828125 0.052734375
0 0.0771484375 0.2900390625 0.044921875 0.0546875
0 0.126953125 0.306640625 0.052734375 0.05078125
0 0.1025390625 0.37890625 0.048828125 0.056640625
0 0.2568359375 0.4658203125 0.041015625 0.046875
0 0.26171875 0.3359375 0.04296875 0.04296875
0 0.2470703125 0.263671875 0.048828125 0.052734375
0 0.3505859375 0.3818359375 0.0546875 0.064453125
0 0.3642578125 0.4208984375 0.044921875 0.0546875
0 0.5126953125 0.45703125 0.06640625 0.07421875
0 0.4609375 0.447265625 0.044921875 0.0546875
0 0.5556640625 0.5751953125 0.05859375 0.064453125
0 0.58984375 0.517578125 0.0546875 0.06640625
0 0.59765625 0.455078125 0.056640625 0.072265625
0 0.634765625 0.408203125 0.056640625 0.078125
0 0.7060546875 0.4111328125 0.0625 0.080078125
0 0.7041015625 0.53125 0.05859375 0.06640625
0 0.642578125 0.486328125 0.060546875 0.0703125
0 0.654296875 0.5830078125 0.056640625 0.072265625
0 0.3671875 0.5419921875 0.048828125 0.05078125
0 0.4208984375 0.48828125 0.056640625 0.06640625
0 0.4345703125 0.5390625 0.048828125 0.05859375
0 0.4775390625 0.5537109375 0.05078125 0.056640625
0 0.775390625 0.59375 0.056640625 0.072265625
0 0.8193359375 0.4423828125 0.0703125 0.0859375