0 0.419921875 0.41015625 0.03515625 0.037109375
0 0.6474609375 0.3544921875 0.041015625 0.033203125
0 0.6376953125 0.2783203125 0.029296875 0.033203125
0 0.638671875 0.2099609375 0.025390625 0.0234375
0 0.72265625 0.2275390625 0.025390625 0.025390625
0 0.255859375 0.4111328125 0.021484375 0.0234375
0 0.5263671875 0.5498046875 0.029296875 0.029296875
0 0.423828125 0.5771484375 0.029296875 0.029296875
0 0.33203125 0.583984375 0.03125 0.0234375
0 0.3330078125 0.607421875 0.03125 0.029296875
0 0.2783203125 0.6572265625 0.025390625 0.021484375
0 0.263671875 0.5986328125 0.0234375 0.025390625
0 0.369140625 0.673828125 0.02734375 0.0234375
0 0.2861328125 0.6875 0.017578125 0.0234375
0 0.40625 0.6923828125 0.025390625 0.021484375
0 0.4453125 0.6669921875 0.02734375 0.029296875
0 0.732421875 0.6171875 0.0234375 0.017578125
0 0.7705078125 0.5361328125 0.029296875 0.025390625
0 0.78515625 0.55078125 0.021484375 0.01953125
0 0.7958984375 0.59765625 0.025390625 0.015625
0 0.70703125 0.6669921875 0.01953125 0.017578125
0 0.7060546875 0.6865234375 0.025390625 0.025390625
0 0.8359375 0.353515625 0.017578125 0.01953125
0 0.81640625 0.5205078125 0.0234375 0.0234375
0 0.83203125 0.5400390625 0.01953125 0.025390625