1 0.6318359375 0.439453125 0.048828125 0.05859375
1 0.6171875 0.53125 0.05078125 0.09375
1 0.5703125 0.484375 0.04296875 0.03125
1 0.5654296875 0.544921875 0.0546875 0.076171875
1 0.5400390625 0.4560546875 0.015625 0.041015625
1 0.517578125 0.4873046875 0.015625 0.021484375
1 0.521484375 0.51171875 0.03125 0.01953125
1 0.5263671875 0.5517578125 0.021484375 0.041015625
1 0.50390625 0.4609375 0.021484375 0.052734375
1 0.4931640625 0.5361328125 0.021484375 0.076171875
1 0.4775390625 0.46875 0.02734375 0.068359375
1 0.455078125 0.5390625 0.05078125 0.05078125
1 0.4208984375 0.4736328125 0.04296875 0.119140625
1 0.4892578125 0.376953125 0.0390625 0.05859375
1 0.5322265625 0.376953125 0.044921875 0.05859375
1 0.572265625 0.384765625 0.029296875 0.05859375