1 0.39453125 0.373046875 0.05078125 0.048828125
1 0.3837890625 0.4677734375 0.064453125 0.103515625
1 0.4423828125 0.4384765625 0.048828125 0.04296875
1 0.431640625 0.490234375 0.052734375 0.072265625
1 0.48046875 0.4130859375 0.0234375 0.041015625
1 0.4912109375 0.4453125 0.01953125 0.015625
1 0.482421875 0.470703125 0.033203125 0.02734375
1 0.4677734375 0.5078125 0.021484375 0.046875
1 0.509765625 0.419921875 0.025390625 0.037109375
1 0.5029296875 0.498046875 0.025390625 0.072265625
1 0.53515625 0.439453125 0.033203125 0.06640625
1 0.52734375 0.5126953125 0.029296875 0.046875
1 0.5517578125 0.515625 0.02734375 0.052734375
1 0.58984375 0.4521484375 0.05078125 0.1171875
1 0.544921875 0.3583984375 0.029296875 0.029296875
1 0.50390625 0.3408203125 0.033203125 0.01953125
1 0.5458984375 0.3330078125 0.021484375 0.01171875