1 0.373046875 0.392578125 0.041015625 0.0400390625
1 0.380859375 0.4833984375 0.0517578125 0.1015625
1 0.43359375 0.4501953125 0.0380859375 0.0234375
1 0.4306640625 0.50390625 0.048828125 0.0712890625
1 0.4833984375 0.447265625 0.013671875 0.01953125
1 0.474609375 0.4736328125 0.029296875 0.0166015625
1 0.4677734375 0.5107421875 0.01953125 0.0361328125
1 0.4638671875 0.4189453125 0.0146484375 0.044921875
1 0.498046875 0.4208984375 0.0185546875 0.041015625
1 0.501953125 0.4970703125 0.01953125 0.0703125
1 0.5263671875 0.431640625 0.025390625 0.064453125
1 0.5390625 0.5048828125 0.044921875 0.0537109375
1 0.580078125 0.4462890625 0.0341796875 0.1220703125
1 0.5224609375 0.3544921875 0.033203125 0.0302734375
1 0.4814453125 0.34375 0.0380859375 0.02734375
1 0.439453125 0.3505859375 0.021484375 0.0263671875