0 0.7734375 0.396484375 0.087890625 0.091796875
0 0.7353515625 0.3544921875 0.0546875 0.056640625
0 0.89453125 0.30078125 0.046875 0.052734375
0 0.921875 0.3359375 0.052734375 0.056640625
0 0.9033203125 0.2548828125 0.048828125 0.05859375
0 0.85546875 0.2744140625 0.0546875 0.0546875
0 0.884765625 0.345703125 0.052734375 0.05859375
0 0.7392578125 0.4453125 0.04296875 0.048828125
0 0.72265625 0.31640625 0.044921875 0.044921875
0 0.7314453125 0.2431640625 0.05078125 0.056640625
0 0.638671875 0.369140625 0.05859375 0.06640625
0 0.6279296875 0.4091796875 0.048828125 0.05859375
0 0.4833984375 0.4580078125 0.072265625 0.078125
0 0.5341796875 0.4443359375 0.046875 0.056640625
0 0.4501953125 0.580078125 0.0625 0.068359375
0 0.412109375 0.525390625 0.05859375 0.068359375
0 0.3994140625 0.462890625 0.0625 0.07421875
0 0.357421875 0.419921875 0.0625 0.08203125
0 0.287109375 0.4296875 0.06640625 0.08203125
0 0.2998046875 0.548828125 0.0625 0.0703125
0 0.357421875 0.4990234375 0.064453125 0.07421875
0 0.353515625 0.595703125 0.0625 0.076171875
0 0.6357421875 0.5302734375 0.05078125 0.052734375
0 0.578125 0.4814453125 0.060546875 0.0703125
0 0.568359375 0.533203125 0.052734375 0.060546875
0 0.52734375 0.5517578125 0.0546875 0.05859375
0 0.234375 0.6181640625 0.0625 0.07421875
0 0.1767578125 0.470703125 0.07421875 0.08984375