0 0.6298828125 0.2353515625 0.03515625 0.03515625
0 0.75390625 0.32421875 0.033203125 0.041015625
0 0.3642578125 0.4150390625 0.0390625 0.04296875
0 0.318359375 0.3271484375 0.033203125 0.037109375
0 0.3447265625 0.291015625 0.03515625 0.046875
0 0.2890625 0.279296875 0.02734375 0.0234375
0 0.255859375 0.271484375 0.033203125 0.037109375
0 0.1015625 0.232421875 0.0390625 0.041015625
0 0.1572265625 0.4580078125 0.0390625 0.04296875
0 0.1259765625 0.3916015625 0.03515625 0.037109375
0 0.146484375 0.5322265625 0.0390625 0.046875
0 0.2666015625 0.5146484375 0.0390625 0.0390625
0 0.279296875 0.4599609375 0.033203125 0.03515625
0 0.2568359375 0.33984375 0.03515625 0.03515625
0 0.466796875 0.814453125 0.03125 0.033203125
0 0.4365234375 0.7763671875 0.025390625 0.03125
0 0.4189453125 0.7470703125 0.03125 0.03515625
0 0.4130859375 0.634765625 0.0390625 0.041015625
0 0.2978515625 0.5986328125 0.037109375 0.033203125
0 0.283203125 0.5439453125 0.033203125 0.037109375
0 0.255859375 0.9013671875 0.044921875 0.044921875
0 0.3173828125 0.9375 0.0390625 0.048828125
0 0.3818359375 0.9267578125 0.029296875 0.033203125
0 0.2265625 0.7353515625 0.033203125 0.037109375
0 0.2548828125 0.8291015625 0.02734375 0.029296875
0 0.23046875 0.8291015625 0.037109375 0.03515625