1 0.384765625 0.3994140625 0.046875 0.056640625
1 0.3798828125 0.4931640625 0.056640625 0.10546875
1 0.4384765625 0.4580078125 0.044921875 0.033203125
1 0.4306640625 0.5126953125 0.05078125 0.06640625
1 0.47265625 0.427734375 0.01953125 0.046875
1 0.4853515625 0.462890625 0.015625 0.009765625
1 0.484375 0.4892578125 0.044921875 0.0234375
1 0.466796875 0.5263671875 0.017578125 0.044921875
1 0.525390625 0.5263671875 0.064453125 0.052734375
1 0.50390625 0.435546875 0.021484375 0.037109375
1 0.53125 0.4482421875 0.029296875 0.06640625
1 0.58203125 0.466796875 0.044921875 0.115234375
1 0.53515625 0.3623046875 0.033203125 0.05078125
1 0.4921875 0.35546875 0.04296875 0.05859375
1 0.4541015625 0.35546875 0.03125 0.05859375