0 0.208984375 0.4755859375 0.072265625 0.076171875
0 0.234375 0.4248046875 0.044921875 0.046875
0 0.0654296875 0.4169921875 0.037109375 0.044921875
0 0.048828125 0.458984375 0.04296875 0.046875
0 0.044921875 0.375 0.037109375 0.05078125
0 0.0966796875 0.380859375 0.044921875 0.044921875
0 0.0869140625 0.45703125 0.041015625 0.05078125
0 0.2548828125 0.5126953125 0.03515625 0.041015625
0 0.2353515625 0.384765625 0.037109375 0.037109375
0 0.20703125 0.31640625 0.041015625 0.046875
0 0.330078125 0.412109375 0.046875 0.056640625
0 0.3515625 0.4482421875 0.037109375 0.05078125
0 0.50390625 0.455078125 0.05859375 0.06640625
0 0.451171875 0.4560546875 0.037109375 0.05078125
0 0.5693359375 0.5634765625 0.05078125 0.056640625
0 0.591796875 0.5 0.046875 0.060546875
0 0.5869140625 0.4365234375 0.048828125 0.064453125
0 0.615234375 0.3837890625 0.046875 0.072265625
0 0.685546875 0.3740234375 0.05078125 0.072265625
0 0.7060546875 0.4912109375 0.05078125 0.060546875
0 0.63671875 0.4599609375 0.05078125 0.0625
0 0.6669921875 0.5517578125 0.048828125 0.06640625
0 0.3779296875 0.56640625 0.041015625 0.044921875
0 0.419921875 0.5029296875 0.048828125 0.060546875
0 0.443359375 0.55078125 0.041015625 0.052734375
0 0.48828125 0.556640625 0.044921875 0.048828125
0 0.7880859375 0.5400390625 0.048828125 0.064453125
0 0.802734375 0.3828125 0.05859375 0.080078125