0 0.818359375 0.6220703125 0.0390625 0.048828125
0 0.880859375 0.623046875 0.033203125 0.037109375
0 0.91796875 0.6123046875 0.044921875 0.048828125
0 0.8330078125 0.490234375 0.037109375 0.041015625
0 0.7197265625 0.5859375 0.037109375 0.052734375
0 0.6845703125 0.5712890625 0.03515625 0.048828125
0 0.6552734375 0.5654296875 0.044921875 0.068359375
0 0.619140625 0.5576171875 0.037109375 0.0546875
0 0.587890625 0.5458984375 0.044921875 0.0546875
0 0.5537109375 0.494140625 0.037109375 0.048828125
0 0.52734375 0.484375 0.044921875 0.046875
0 0.833984375 0.34765625 0.04296875 0.048828125
0 0.875 0.3515625 0.033203125 0.04296875
0 0.8271484375 0.755859375 0.03515625 0.048828125