1 0.634765625 0.40625 0.048828125 0.052734375
1 0.62109375 0.4912109375 0.0546875 0.11328125
1 0.572265625 0.44921875 0.048828125 0.03515625
1 0.5673828125 0.5087890625 0.05078125 0.07421875
1 0.541015625 0.4208984375 0.017578125 0.041015625
1 0.521484375 0.44921875 0.021484375 0.013671875
1 0.525390625 0.47265625 0.037109375 0.021484375
1 0.5302734375 0.5166015625 0.017578125 0.044921875
1 0.5087890625 0.41796875 0.017578125 0.04296875
1 0.4970703125 0.498046875 0.0234375 0.0703125
1 0.478515625 0.43359375 0.02734375 0.056640625
1 0.47265625 0.50390625 0.029296875 0.048828125
1 0.447265625 0.501953125 0.017578125 0.048828125
1 0.4248046875 0.4365234375 0.05078125 0.115234375
1 0.4912109375 0.345703125 0.037109375 0.05078125
1 0.5341796875 0.3466796875 0.037109375 0.0234375
1 0.5712890625 0.3583984375 0.02734375 0.029296875