1 0.380859375 0.412109375 0.04296875 0.060546875
1 0.380859375 0.5078125 0.052734375 0.103515625
1 0.4384765625 0.46875 0.044921875 0.037109375
1 0.4296875 0.525390625 0.048828125 0.07421875
1 0.46875 0.435546875 0.021484375 0.048828125
1 0.4833984375 0.4716796875 0.0234375 0.017578125
1 0.4775390625 0.498046875 0.03125 0.015625
1 0.4677734375 0.53515625 0.01953125 0.04296875
1 0.5 0.4453125 0.01953125 0.04296875
1 0.5283203125 0.4609375 0.02734375 0.0625
1 0.537109375 0.5361328125 0.046875 0.048828125
1 0.501953125 0.5185546875 0.017578125 0.068359375
1 0.5830078125 0.47265625 0.04296875 0.12109375
1 0.5302734375 0.3662109375 0.029296875 0.0546875
1 0.490234375 0.369140625 0.041015625 0.0546875
1 0.4462890625 0.361328125 0.03125 0.0546875