1 0.337890625 0.484375 0.01953125 0.03515625
1 0.373046875 0.578125 0.041015625 0.115234375
1 0.388671875 0.5283203125 0.04296875 0.04296875
1 0.40625 0.580078125 0.044921875 0.048828125
1 0.435546875 0.515625 0.0546875 0.0625
1 0.453125 0.578125 0.0546875 0.060546875
1 0.4794921875 0.5029296875 0.041015625 0.046875
1 0.494140625 0.55859375 0.048828125 0.06640625
1 0.515625 0.478515625 0.0390625 0.044921875
1 0.53515625 0.521484375 0.02734375 0.03125
1 0.419921875 0.427734375 0.060546875 0.072265625