0 0.521484375 0.193359375 0.03515625 0.037109375
0 0.3994140625 0.1845703125 0.041015625 0.041015625
0 0.5068359375 0.2451171875 0.04296875 0.044921875
0 0.43359375 0.234375 0.041015625 0.041015625
0 0.5927734375 0.0537109375 0.048828125 0.048828125
0 0.7060546875 0.1005859375 0.056640625 0.0546875
0 0.6708984375 0.1943359375 0.048828125 0.046875
0 0.685546875 0.2529296875 0.04296875 0.044921875
0 0.5751953125 0.2587890625 0.037109375 0.037109375
0 0.5595703125 0.28515625 0.037109375 0.046875
0 0.7783203125 0.4140625 0.052734375 0.05078125
0 0.83203125 0.328125 0.044921875 0.048828125
0 0.9619140625 0.15625 0.048828125 0.0625
0 0.7177734375 0.2099609375 0.04296875 0.0390625
0 0.54296875 0.2080078125 0.046875 0.048828125
0 0.2060546875 0.7978515625 0.041015625 0.04296875
0 0.236328125 0.8056640625 0.03515625 0.03125
0 0.265625 0.80078125 0.033203125 0.03125
0 0.2880859375 0.7978515625 0.03125 0.037109375
0 0.40625 0.755859375 0.0390625 0.041015625
0 0.4404296875 0.748046875 0.048828125 0.046875
0 0.453125 0.81640625 0.037109375 0.04296875
0 0.46875 0.7841796875 0.03125 0.037109375
0 0.6181640625 0.794921875 0.037109375 0.037109375
0 0.59765625 0.8388671875 0.03515625 0.04296875
0 0.6484375 0.8154296875 0.03515625 0.03515625
0 0.669921875 0.798828125 0.02734375 0.033203125
0 0.6904296875 0.783203125 0.0390625 0.041015625
0 0.693359375 0.75 0.03125 0.037109375
0 0.6494140625 0.974609375 0.03515625 0.0390625
0 0.6103515625 0.9833984375 0.033203125 0.033203125
0 0.36328125 0.830078125 0.041015625 0.041015625
0 0.1953125 0.65234375 0.029296875 0.0390625
0 0.615234375 0.2294921875 0.03515625 0.041015625