1 0.3505859375 0.439453125 0.013671875 0.021484375
1 0.353515625 0.541015625 0.025390625 0.123046875
1 0.3857421875 0.5009765625 0.044921875 0.048828125
1 0.3857421875 0.5615234375 0.041015625 0.056640625
1 0.4345703125 0.4990234375 0.046875 0.0625
1 0.43359375 0.56640625 0.041015625 0.0546875
1 0.478515625 0.498046875 0.0390625 0.046875
1 0.4775390625 0.556640625 0.041015625 0.05859375
1 0.5244140625 0.4931640625 0.029296875 0.04296875
1 0.5234375 0.537109375 0.0234375 0.025390625
1 0.4443359375 0.4140625 0.056640625 0.06640625