0 0.578125 0.6259765625 0.025390625 0.02734375
0 0.53125 0.6591796875 0.0234375 0.0234375
0 0.556640625 0.6865234375 0.021484375 0.01953125
0 0.5078125 0.6845703125 0.013671875 0.01953125
0 0.4990234375 0.7197265625 0.01953125 0.01953125
0 0.490234375 0.7119140625 0.017578125 0.015625
0 0.4560546875 0.7490234375 0.01953125 0.017578125
0 0.40234375 0.728515625 0.017578125 0.015625
0 0.3984375 0.701171875 0.01953125 0.017578125
0 0.390625 0.642578125 0.013671875 0.0234375
0 0.6455078125 0.755859375 0.01953125 0.0234375
0 0.66015625 0.7177734375 0.0234375 0.0234375
0 0.6806640625 0.705078125 0.01953125 0.017578125
0 0.6826171875 0.7373046875 0.0234375 0.0234375
0 0.5234375 0.7431640625 0.02734375 0.021484375