0 0.556640625 0.6630859375 0.025390625 0.025390625
0 0.58203125 0.685546875 0.0234375 0.0234375
0 0.5751953125 0.650390625 0.025390625 0.025390625
0 0.533203125 0.634765625 0.02734375 0.02734375
0 0.5322265625 0.671875 0.0234375 0.0234375
0 0.4775390625 0.6689453125 0.037109375 0.033203125
0 0.5107421875 0.607421875 0.02734375 0.029296875
0 0.49609375 0.5810546875 0.025390625 0.025390625
0 0.5 0.5224609375 0.025390625 0.03125
0 0.47265625 0.4990234375 0.033203125 0.03125
0 0.4267578125 0.44921875 0.025390625 0.03125
0 0.43359375 0.4775390625 0.025390625 0.025390625
0 0.447265625 0.4453125 0.017578125 0.01953125
0 0.5244140625 0.5693359375 0.0234375 0.025390625