1 0.345703125 0.4443359375 0.01171875 0.017578125
1 0.3564453125 0.5390625 0.01953125 0.123046875
1 0.3857421875 0.4990234375 0.033203125 0.0322265625
1 0.3896484375 0.5556640625 0.03125 0.0498046875
1 0.43359375 0.4951171875 0.041015625 0.0537109375
1 0.4365234375 0.564453125 0.04296875 0.05078125
1 0.4794921875 0.4931640625 0.037109375 0.0302734375
1 0.48046875 0.5478515625 0.0341796875 0.05078125
1 0.521484375 0.482421875 0.01953125 0.0390625
1 0.5283203125 0.53515625 0.0166015625 0.0234375
1 0.4365234375 0.4111328125 0.0439453125 0.048828125