1 0.3681640625 0.416015625 0.04296875 0.046875
1 0.380859375 0.509765625 0.0546875 0.099609375
1 0.4287109375 0.466796875 0.0390625 0.033203125
1 0.4326171875 0.5224609375 0.044921875 0.064453125
1 0.4609375 0.43359375 0.01953125 0.04296875
1 0.48046875 0.4658203125 0.01953125 0.013671875
1 0.484375 0.490234375 0.05078125 0.025390625
1 0.470703125 0.53125 0.01953125 0.044921875
1 0.53125 0.5234375 0.07421875 0.044921875
1 0.494140625 0.4384765625 0.01953125 0.04296875
1 0.51953125 0.4453125 0.02734375 0.0625
1 0.5791015625 0.4560546875 0.041015625 0.119140625
1 0.5126953125 0.3583984375 0.03515625 0.048828125
1 0.470703125 0.3603515625 0.0390625 0.05078125
1 0.4296875 0.36328125 0.033203125 0.064453125