1 0.6474609375 0.42578125 0.015625 0.02734375
1 0.6455078125 0.521484375 0.029296875 0.1328125
1 0.61328125 0.486328125 0.0390625 0.046875
1 0.6162109375 0.5439453125 0.03515625 0.0546875
1 0.5654296875 0.4873046875 0.044921875 0.060546875
1 0.5703125 0.5546875 0.04296875 0.0546875
1 0.51953125 0.4931640625 0.0390625 0.041015625
1 0.521484375 0.548828125 0.0390625 0.060546875
1 0.4755859375 0.48046875 0.025390625 0.02734375
1 0.478515625 0.5400390625 0.01953125 0.03515625
1 0.5537109375 0.40625 0.041015625 0.05859375