0 0.3671875 0.185546875 0.05078125 0.041015625
0 0.3642578125 0.123046875 0.037109375 0.03515625
0 0.373046875 0.0859375 0.05078125 0.046875
0 0.498046875 0.1669921875 0.04296875 0.037109375
0 0.40625 0.283203125 0.052734375 0.0390625
0 0.421875 0.3173828125 0.05078125 0.03515625
0 0.4287109375 0.34765625 0.0703125 0.046875
0 0.4384765625 0.3828125 0.056640625 0.0390625
0 0.451171875 0.4140625 0.056640625 0.046875
0 0.50390625 0.4462890625 0.05078125 0.0390625
0 0.5146484375 0.4716796875 0.048828125 0.044921875
0 0.640625 0.1611328125 0.05078125 0.04296875
0 0.634765625 0.1201171875 0.044921875 0.03515625
0 0.2333984375 0.1826171875 0.05078125 0.03515625