1 0.3740234375 0.4072265625 0.0400390625 0.044921875
1 0.380859375 0.5009765625 0.0478515625 0.095703125
1 0.431640625 0.4619140625 0.0361328125 0.0302734375
1 0.431640625 0.517578125 0.041015625 0.0625
1 0.4658203125 0.4306640625 0.0166015625 0.0419921875
1 0.482421875 0.46484375 0.01953125 0.0126953125
1 0.4853515625 0.4892578125 0.048828125 0.021484375
1 0.46875 0.529296875 0.0166015625 0.0439453125
1 0.529296875 0.525390625 0.0712890625 0.041015625
1 0.498046875 0.4384765625 0.0166015625 0.0419921875
1 0.5234375 0.447265625 0.0234375 0.0615234375
1 0.58203125 0.4619140625 0.0322265625 0.1162109375
1 0.5224609375 0.359375 0.0322265625 0.046875
1 0.48046875 0.3583984375 0.0361328125 0.048828125
1 0.439453125 0.3583984375 0.0283203125 0.0634765625