1 0.375 0.423828125 0.044921875 0.044921875
1 0.3818359375 0.51953125 0.044921875 0.103515625
1 0.435546875 0.4794921875 0.0390625 0.037109375
1 0.4306640625 0.541015625 0.044921875 0.0732421875
1 0.4658203125 0.4501953125 0.0146484375 0.0439453125
1 0.4833984375 0.482421875 0.01953125 0.015625
1 0.498046875 0.4560546875 0.013671875 0.0419921875
1 0.4755859375 0.5078125 0.033203125 0.015625
1 0.46875 0.548828125 0.0166015625 0.0419921875
1 0.5029296875 0.53125 0.013671875 0.0654296875
1 0.5283203125 0.4697265625 0.0263671875 0.0537109375
1 0.5380859375 0.5380859375 0.0458984375 0.056640625
1 0.5791015625 0.48046875 0.0302734375 0.1201171875
1 0.5244140625 0.376953125 0.033203125 0.068359375
1 0.4814453125 0.373046875 0.0439453125 0.0537109375
1 0.4375 0.375 0.0322265625 0.052734375