0 0.6064453125 0.3876953125 0.025390625 0.025390625
0 0.611328125 0.43359375 0.021484375 0.0234375
0 0.66015625 0.42578125 0.017578125 0.015625
0 0.6279296875 0.4677734375 0.017578125 0.017578125
0 0.6064453125 0.4658203125 0.015625 0.015625
0 0.568359375 0.5673828125 0.017578125 0.017578125
0 0.625 0.5146484375 0.015625 0.017578125
0 0.6572265625 0.470703125 0.017578125 0.017578125
0 0.5966796875 0.4931640625 0.017578125 0.017578125
0 0.595703125 0.5693359375 0.013671875 0.01171875
0 0.6376953125 0.5498046875 0.021484375 0.01953125
0 0.65625 0.5771484375 0.021484375 0.01953125
0 0.619140625 0.595703125 0.01953125 0.017578125
0 0.5615234375 0.5849609375 0.017578125 0.013671875
0 0.6298828125 0.623046875 0.017578125 0.015625
0 0.576171875 0.626953125 0.017578125 0.015625
0 0.595703125 0.453125 0.017578125 0.017578125