0 0.81640625 0.6279296875 0.041015625 0.05078125
0 0.87890625 0.62890625 0.033203125 0.037109375
0 0.916015625 0.6201171875 0.046875 0.05078125
0 0.8330078125 0.49609375 0.037109375 0.041015625
0 0.71875 0.58984375 0.0390625 0.052734375
0 0.68359375 0.5751953125 0.03515625 0.048828125
0 0.6533203125 0.568359375 0.046875 0.068359375
0 0.6181640625 0.5595703125 0.0390625 0.0546875
0 0.5869140625 0.5478515625 0.046875 0.056640625
0 0.5537109375 0.4951171875 0.0390625 0.048828125
0 0.52734375 0.484375 0.044921875 0.046875
0 0.8359375 0.353515625 0.04296875 0.05078125
0 0.876953125 0.3583984375 0.03515625 0.04296875
0 0.822265625 0.76171875 0.03515625 0.048828125