0 0.4921875 0.546875 0.041015625 0.048828125
0 0.498046875 0.400390625 0.03515625 0.044921875
0 0.3857421875 0.390625 0.04296875 0.05078125
0 0.3798828125 0.53125 0.0390625 0.05078125
0 0.505859375 0.11328125 0.03515625 0.037109375
0 0.5576171875 0.013671875 0.033203125 0.025390625
0 0.4560546875 0.8486328125 0.041015625 0.041015625
0 0.4677734375 0.7958984375 0.029296875 0.037109375
0 0.4990234375 0.8564453125 0.0390625 0.041015625
0 0.392578125 0.8369140625 0.033203125 0.037109375
0 0.3447265625 0.8291015625 0.033203125 0.03515625
0 0.3984375 0.9306640625 0.03515625 0.0390625
0 0.599609375 0.859375 0.033203125 0.041015625
0 0.5712890625 0.853515625 0.03125 0.03515625