1 0.349609375 0.4599609375 0.015625 0.029296875
1 0.357421875 0.5556640625 0.021484375 0.12890625
1 0.3857421875 0.5205078125 0.0419921875 0.048828125
1 0.38671875 0.5712890625 0.0361328125 0.048828125
1 0.4345703125 0.5087890625 0.04296875 0.0625
1 0.4365234375 0.57421875 0.0361328125 0.0556640625
1 0.48046875 0.5107421875 0.041015625 0.0439453125
1 0.4814453125 0.5712890625 0.0361328125 0.056640625
1 0.5234375 0.4951171875 0.025390625 0.0322265625
1 0.5263671875 0.548828125 0.0205078125 0.0419921875
1 0.443359375 0.423828125 0.0439453125 0.064453125