1 0.375 0.4169921875 0.0478515625 0.048828125
1 0.3818359375 0.5078125 0.044921875 0.1064453125
1 0.435546875 0.47265625 0.0390625 0.0283203125
1 0.4306640625 0.5322265625 0.0458984375 0.076171875
1 0.4638671875 0.4404296875 0.0126953125 0.0478515625
1 0.4833984375 0.4755859375 0.0185546875 0.0166015625
1 0.4990234375 0.4462890625 0.017578125 0.044921875
1 0.4775390625 0.5009765625 0.02734375 0.017578125
1 0.4697265625 0.5419921875 0.0146484375 0.0390625
1 0.5029296875 0.525390625 0.0146484375 0.0625
1 0.5263671875 0.4580078125 0.01953125 0.0654296875
1 0.541015625 0.533203125 0.044921875 0.0546875
1 0.5810546875 0.470703125 0.04296875 0.1259765625
1 0.5224609375 0.3740234375 0.03515625 0.0478515625
1 0.48046875 0.3662109375 0.0390625 0.0458984375
1 0.4404296875 0.3681640625 0.029296875 0.052734375