1 0.3603515625 0.427734375 0.01953125 0.037109375
1 0.3466796875 0.5244140625 0.044921875 0.111328125
1 0.384765625 0.4892578125 0.046875 0.056640625
1 0.375 0.548828125 0.046875 0.056640625
1 0.431640625 0.4970703125 0.060546875 0.064453125
1 0.4189453125 0.5634765625 0.05078125 0.064453125
1 0.478515625 0.50390625 0.046875 0.052734375
1 0.46875 0.5634765625 0.046875 0.0625
1 0.5234375 0.5048828125 0.03125 0.0390625
1 0.513671875 0.552734375 0.0234375 0.037109375
1 0.45703125 0.41015625 0.060546875 0.080078125