0 0.5791015625 0.6962890625 0.0546875 0.046875
0 0.5166015625 0.7509765625 0.060546875 0.056640625
0 0.416015625 0.6728515625 0.05078125 0.048828125
0 0.212890625 0.7470703125 0.052734375 0.052734375
0 0.197265625 0.71484375 0.05078125 0.046875
0 0.4794921875 0.619140625 0.046875 0.04296875
0 0.490234375 0.6591796875 0.052734375 0.05078125
0 0.4365234375 0.6171875 0.052734375 0.052734375
0 0.3974609375 0.6044921875 0.056640625 0.0546875
0 0.35546875 0.6298828125 0.046875 0.056640625
0 0.0341796875 0.5771484375 0.052734375 0.05078125
0 0.2734375 0.5810546875 0.05859375 0.056640625
0 0.32421875 0.5400390625 0.05859375 0.056640625
0 0.333984375 0.470703125 0.05859375 0.0546875
0 0.333984375 0.43359375 0.064453125 0.052734375
0 0.599609375 0.26171875 0.068359375 0.05078125
0 0.9208984375 0.228515625 0.056640625 0.05859375
0 0.7021484375 0.0625 0.0625 0.068359375
0 0.4541015625 0.169921875 0.03515625 0.0390625
0 0.5185546875 0.1796875 0.048828125 0.048828125
0 0.3505859375 0.1875 0.044921875 0.048828125
0 0.3046875 0.1806640625 0.044921875 0.05078125
0 0.27734375 0.1357421875 0.048828125 0.05078125
0 0.3037109375 0.1162109375 0.037109375 0.037109375
0 0.1474609375 0.21875 0.076171875 0.064453125
0 0.1748046875 0.158203125 0.060546875 0.056640625
0 0.17578125 0.0869140625 0.05859375 0.05859375