1 0.375 0.3984375 0.041015625 0.044921875
1 0.3798828125 0.4892578125 0.0478515625 0.1005859375
1 0.4345703125 0.4482421875 0.037109375 0.037109375
1 0.431640625 0.5029296875 0.0458984375 0.0732421875
1 0.4658203125 0.41796875 0.0166015625 0.048828125
1 0.4853515625 0.4521484375 0.0166015625 0.0205078125
1 0.4775390625 0.4755859375 0.029296875 0.0224609375
1 0.4697265625 0.517578125 0.013671875 0.0439453125
1 0.4990234375 0.4208984375 0.017578125 0.0498046875
1 0.5029296875 0.5 0.015625 0.0654296875
1 0.5263671875 0.4345703125 0.021484375 0.0693359375
1 0.5390625 0.51171875 0.046875 0.044921875
1 0.5810546875 0.453125 0.0302734375 0.1181640625
1 0.521484375 0.349609375 0.03515625 0.0478515625
1 0.478515625 0.34375 0.0380859375 0.0283203125
1 0.4384765625 0.3486328125 0.0205078125 0.0517578125