1 0.3759765625 0.376953125 0.048828125 0.0478515625
1 0.37890625 0.4619140625 0.0478515625 0.0986328125
1 0.419921875 0.3740234375 0.0234375 0.0146484375
1 0.4287109375 0.46875 0.048828125 0.111328125
1 0.484375 0.478515625 0.0517578125 0.0712890625
1 0.466796875 0.3974609375 0.0244140625 0.0390625
1 0.5009765625 0.4052734375 0.0224609375 0.0419921875
1 0.5283203125 0.4140625 0.01953125 0.05859375
1 0.5283203125 0.4873046875 0.025390625 0.04296875
1 0.5546875 0.4873046875 0.021484375 0.0546875
1 0.58203125 0.43359375 0.0390625 0.1318359375
1 0.52734375 0.3447265625 0.0322265625 0.0185546875