1 0.63671875 0.4140625 0.046875 0.048828125
1 0.6181640625 0.5029296875 0.05859375 0.103515625
1 0.5703125 0.4619140625 0.041015625 0.029296875
1 0.56640625 0.5126953125 0.05078125 0.0703125
1 0.521484375 0.4541015625 0.01953125 0.01171875
1 0.5244140625 0.482421875 0.03515625 0.021484375
1 0.529296875 0.51953125 0.01953125 0.03515625
1 0.4970703125 0.4990234375 0.021484375 0.0703125
1 0.5107421875 0.42578125 0.021484375 0.044921875
1 0.5439453125 0.4248046875 0.021484375 0.0390625
1 0.4814453125 0.435546875 0.029296875 0.06640625
1 0.470703125 0.505859375 0.03125 0.052734375
1 0.4482421875 0.5048828125 0.01953125 0.044921875
1 0.4267578125 0.4423828125 0.04296875 0.125
1 0.5322265625 0.357421875 0.04296875 0.04296875
1 0.4921875 0.3486328125 0.03515625 0.05859375
1 0.57421875 0.361328125 0.02734375 0.04296875