0 0.4189453125 0.8310546875 0.029296875 0.029296875
0 0.2119140625 0.7177734375 0.0390625 0.041015625
0 0.2080078125 0.6572265625 0.037109375 0.03125
0 0.4453125 0.55859375 0.041015625 0.033203125
0 0.4990234375 0.62890625 0.041015625 0.0390625
0 0.4951171875 0.7119140625 0.048828125 0.041015625
0 0.5712890625 0.6923828125 0.046875 0.03515625
0 0.5595703125 0.615234375 0.05078125 0.041015625
0 0.55859375 0.5478515625 0.04296875 0.037109375
0 0.5703125 0.583984375 0.044921875 0.0390625
0 0.6220703125 0.5625 0.04296875 0.046875
0 0.4541015625 0.4970703125 0.04296875 0.04296875
0 0.4404296875 0.46875 0.037109375 0.033203125
0 0.7900390625 0.59765625 0.0390625 0.041015625