0 0.8046875 0.560546875 0.021484375 0.02734375
0 0.751953125 0.5556640625 0.021484375 0.021484375
0 0.7158203125 0.509765625 0.01953125 0.021484375
0 0.6630859375 0.509765625 0.013671875 0.017578125
0 0.6650390625 0.5400390625 0.015625 0.021484375
0 0.6123046875 0.5234375 0.01953125 0.0234375
0 0.5654296875 0.4990234375 0.017578125 0.021484375
0 0.4970703125 0.46484375 0.015625 0.015625
0 0.443359375 0.494140625 0.01953125 0.0234375
0 0.8701171875 0.521484375 0.015625 0.021484375
0 0.8330078125 0.4833984375 0.013671875 0.013671875
0 0.779296875 0.4775390625 0.017578125 0.01953125
0 0.6923828125 0.58203125 0.015625 0.015625
0 0.640625 0.5810546875 0.021484375 0.021484375
0 0.517578125 0.509765625 0.017578125 0.0234375
0 0.5009765625 0.5537109375 0.015625 0.015625
0 0.55078125 0.5302734375 0.015625 0.017578125
0 0.681640625 0.4775390625 0.015625 0.017578125
0 0.259765625 0.455078125 0.021484375 0.021484375
0 0.2841796875 0.482421875 0.01171875 0.017578125
0 0.31640625 0.482421875 0.021484375 0.021484375
0 0.2705078125 0.537109375 0.015625 0.015625
0 0.23046875 0.51171875 0.015625 0.01953125
0 0.2236328125 0.4482421875 0.017578125 0.01953125
0 0.1826171875 0.4931640625 0.015625 0.021484375
0 0.1748046875 0.4423828125 0.01953125 0.0234375
0 0.13671875 0.478515625 0.015625 0.015625
0 0.8466796875 0.6123046875 0.015625 0.017578125
0 0.6357421875 0.4697265625 0.015625 0.017578125
0 0.591796875 0.4580078125 0.015625 0.017578125
0 0.35546875 0.4580078125 0.01953125 0.021484375
0 0.2177734375 0.4208984375 0.015625 0.015625