1 0.3779296875 0.4091796875 0.041015625 0.052734375
1 0.3818359375 0.498046875 0.044921875 0.0947265625
1 0.4345703125 0.4638671875 0.0361328125 0.0263671875
1 0.431640625 0.517578125 0.0439453125 0.0693359375
1 0.486328125 0.4658203125 0.0205078125 0.013671875
1 0.4853515625 0.4921875 0.041015625 0.0146484375
1 0.470703125 0.52734375 0.017578125 0.0419921875
1 0.52734375 0.5263671875 0.0693359375 0.0400390625
1 0.498046875 0.4384765625 0.0146484375 0.0439453125
1 0.52734375 0.4453125 0.0244140625 0.0654296875
1 0.4677734375 0.4296875 0.017578125 0.044921875
1 0.4375 0.35546875 0.021484375 0.0546875
1 0.482421875 0.361328125 0.0341796875 0.0546875
1 0.5244140625 0.3603515625 0.0322265625 0.0517578125
1 0.580078125 0.4580078125 0.03515625 0.123046875