1 0.3955078125 0.392578125 0.048828125 0.052734375
1 0.3798828125 0.482421875 0.06640625 0.107421875
1 0.4423828125 0.455078125 0.046875 0.04296875
1 0.4287109375 0.5087890625 0.0546875 0.07421875
1 0.478515625 0.4306640625 0.02734375 0.048828125
1 0.4921875 0.46484375 0.017578125 0.013671875
1 0.5107421875 0.4365234375 0.01953125 0.04296875
1 0.4833984375 0.4912109375 0.041015625 0.025390625
1 0.4638671875 0.525390625 0.0234375 0.0390625
1 0.521484375 0.53515625 0.076171875 0.052734375
1 0.53515625 0.4609375 0.033203125 0.06640625
1 0.5859375 0.48046875 0.0546875 0.123046875
1 0.5498046875 0.37109375 0.044921875 0.0625
1 0.5068359375 0.359375 0.046875 0.0625
1 0.4677734375 0.3505859375 0.037109375 0.0625