1 0.34765625 0.4462890625 0.009765625 0.0361328125
1 0.357421875 0.54296875 0.0166015625 0.1103515625
1 0.3857421875 0.5078125 0.0400390625 0.044921875
1 0.3896484375 0.560546875 0.0419921875 0.0546875
1 0.43359375 0.501953125 0.0458984375 0.0595703125
1 0.435546875 0.5634765625 0.037109375 0.0556640625
1 0.4814453125 0.5 0.037109375 0.05078125
1 0.482421875 0.5537109375 0.037109375 0.056640625
1 0.52734375 0.5341796875 0.0146484375 0.02734375
1 0.5263671875 0.482421875 0.0234375 0.0341796875
1 0.4365234375 0.41015625 0.0439453125 0.060546875