0 0.4365234375 0.8251953125 0.033203125 0.04296875
0 0.5146484375 0.8095703125 0.017578125 0.025390625
0 0.5107421875 0.6044921875 0.025390625 0.025390625
0 0.5185546875 0.58203125 0.021484375 0.021484375
0 0.5234375 0.5634765625 0.017578125 0.0234375
0 0.5234375 0.548828125 0.021484375 0.02734375
0 0.435546875 0.556640625 0.025390625 0.025390625
0 0.3515625 0.52734375 0.025390625 0.025390625
0 0.27734375 0.4990234375 0.0234375 0.025390625
0 0.29296875 0.4423828125 0.01953125 0.021484375
0 0.236328125 0.46875 0.01953125 0.025390625
0 0.2099609375 0.470703125 0.025390625 0.025390625
0 0.140625 0.455078125 0.025390625 0.025390625
0 0.1650390625 0.447265625 0.0234375 0.02734375
0 0.259765625 0.3154296875 0.025390625 0.025390625
0 0.58203125 0.3818359375 0.021484375 0.021484375
0 0.3779296875 0.6376953125 0.0234375 0.02734375
0 0.3095703125 0.310546875 0.01953125 0.01953125