0 0.5322265625 0.3564453125 0.029296875 0.03125
0 0.478515625 0.33984375 0.025390625 0.025390625
0 0.4931640625 0.3056640625 0.0234375 0.021484375
0 0.447265625 0.3232421875 0.017578125 0.021484375
0 0.4267578125 0.29296875 0.021484375 0.021484375
0 0.421875 0.302734375 0.017578125 0.017578125
0 0.3779296875 0.279296875 0.021484375 0.01953125
0 0.3330078125 0.31640625 0.017578125 0.017578125
0 0.337890625 0.3427734375 0.021484375 0.01953125
0 0.3505859375 0.400390625 0.017578125 0.0234375
0 0.5546875 0.2109375 0.0234375 0.025390625
0 0.5810546875 0.2421875 0.025390625 0.025390625
0 0.6044921875 0.248046875 0.021484375 0.01953125
0 0.595703125 0.216796875 0.025390625 0.025390625
0 0.4423828125 0.2626953125 0.029296875 0.0234375