0 0.4013671875 0.599609375 0.05078125 0.037109375
0 0.3779296875 0.5380859375 0.041015625 0.02734375
0 0.4599609375 0.5244140625 0.044921875 0.03125
0 0.43359375 0.48828125 0.0390625 0.025390625
0 0.39453125 0.4482421875 0.041015625 0.03125
0 0.2919921875 0.4296875 0.033203125 0.0234375
0 0.3203125 0.349609375 0.033203125 0.025390625
0 0.43359375 0.3076171875 0.060546875 0.03515625
0 0.55859375 0.3466796875 0.046875 0.03125
0 0.46875 0.4248046875 0.033203125 0.025390625
0 0.421875 0.23828125 0.037109375 0.03125
0 0.69921875 0.302734375 0.041015625 0.021484375
0 0.8134765625 0.248046875 0.041015625 0.03125
0 0.8271484375 0.2314453125 0.029296875 0.0234375
0 0.8193359375 0.2060546875 0.029296875 0.025390625
0 0.7314453125 0.19140625 0.03515625 0.021484375
0 0.720703125 0.236328125 0.037109375 0.029296875
0 0.5869140625 0.2177734375 0.052734375 0.03125
0 0.474609375 0.2470703125 0.03125 0.021484375
0 0.455078125 0.1875 0.03125 0.021484375
0 0.3759765625 0.1875 0.03515625 0.0234375
0 0.337890625 0.1513671875 0.0390625 0.029296875
0 0.3935546875 0.1494140625 0.041015625 0.0234375
0 0.4306640625 0.1376953125 0.03125 0.021484375
0 0.43359375 0.115234375 0.02734375 0.01953125
0 0.3984375 0.08984375 0.03515625 0.01953125
0 0.31640625 0.060546875 0.03515625 0.021484375
0 0.2900390625 0.078125 0.03515625 0.0234375
0 0.33984375 0.2529296875 0.03515625 0.021484375