1 0.345703125 0.458984375 0.0087890625 0.0263671875
1 0.3564453125 0.5537109375 0.01953125 0.1123046875
1 0.384765625 0.521484375 0.0361328125 0.0390625
1 0.3916015625 0.5703125 0.0361328125 0.04296875
1 0.43359375 0.5068359375 0.0439453125 0.05859375
1 0.4375 0.5751953125 0.0380859375 0.0498046875
1 0.4814453125 0.5068359375 0.0361328125 0.0390625
1 0.4814453125 0.5634765625 0.0361328125 0.046875
1 0.5244140625 0.4951171875 0.021484375 0.0205078125
1 0.525390625 0.5439453125 0.0166015625 0.0263671875
1 0.435546875 0.41796875 0.046875 0.0751953125