0 0.494140625 0.4521484375 0.04296875 0.048828125
0 0.529296875 0.595703125 0.037109375 0.044921875
0 0.640625 0.5732421875 0.044921875 0.052734375
0 0.6064453125 0.4365234375 0.041015625 0.05078125
0 0.6005859375 0.8740234375 0.037109375 0.0390625
0 0.578125 0.9833984375 0.03515625 0.025390625
0 0.4462890625 0.15234375 0.04296875 0.04296875
0 0.44921875 0.2060546875 0.03125 0.037109375
0 0.4033203125 0.1572265625 0.0390625 0.04296875
0 0.509765625 0.146484375 0.033203125 0.0390625
0 0.55859375 0.140625 0.033203125 0.03515625
0 0.4794921875 0.05859375 0.037109375 0.0390625
0 0.3056640625 0.181640625 0.03515625 0.041015625
0 0.333984375 0.1806640625 0.033203125 0.03515625