0 0.408203125 0.4169921875 0.0234375 0.021484375
0 0.5 0.359375 0.025390625 0.021484375
0 0.4423828125 0.4765625 0.02734375 0.02734375
0 0.392578125 0.4951171875 0.0234375 0.01953125
0 0.357421875 0.5673828125 0.03125 0.02734375
0 0.3017578125 0.5693359375 0.02734375 0.021484375
0 0.2724609375 0.6025390625 0.0234375 0.0234375
0 0.470703125 0.5263671875 0.01953125 0.021484375
0 0.56640625 0.501953125 0.025390625 0.017578125
0 0.5888671875 0.4921875 0.025390625 0.021484375
0 0.6005859375 0.5146484375 0.0234375 0.0234375
0 0.572265625 0.5205078125 0.03125 0.01953125
0 0.6796875 0.55078125 0.0234375 0.021484375
0 0.689453125 0.56640625 0.0234375 0.0234375
0 0.69140625 0.5986328125 0.025390625 0.01953125
0 0.6123046875 0.5869140625 0.029296875 0.025390625
0 0.642578125 0.591796875 0.025390625 0.0234375
0 0.595703125 0.6181640625 0.0234375 0.01953125
0 0.6123046875 0.6103515625 0.0234375 0.021484375
0 0.576171875 0.630859375 0.021484375 0.015625
0 0.60546875 0.6474609375 0.0234375 0.021484375
0 0.60546875 0.677734375 0.0234375 0.025390625
0 0.61328125 0.40625 0.021484375 0.01953125
0 0.6181640625 0.390625 0.017578125 0.015625
0 0.6005859375 0.375 0.029296875 0.025390625
0 0.537109375 0.369140625 0.025390625 0.021484375
0 0.5341796875 0.4375 0.0234375 0.021484375
0 0.560546875 0.4462890625 0.03125 0.025390625
0 0.6455078125 0.4833984375 0.01953125 0.01953125
0 0.6533203125 0.5087890625 0.0234375 0.0234375
0 0.6689453125 0.4521484375 0.025390625 0.015625
0 0.6376953125 0.4521484375 0.021484375 0.015625
0 0.6103515625 0.45703125 0.021484375 0.017578125
0 0.6171875 0.4208984375 0.01953125 0.015625
0 0.6796875 0.666015625 0.025390625 0.01953125
0 0.693359375 0.681640625 0.0234375 0.01953125
0 0.7373046875 0.677734375 0.02734375 0.017578125
0 0.765625 0.6572265625 0.0234375 0.01953125