1 0.3759765625 0.4287109375 0.037109375 0.052734375
1 0.3798828125 0.521484375 0.05078125 0.1025390625
1 0.435546875 0.4833984375 0.0380859375 0.033203125
1 0.4326171875 0.5419921875 0.0439453125 0.0732421875
1 0.4658203125 0.458984375 0.0126953125 0.04296875
1 0.4833984375 0.4853515625 0.0166015625 0.021484375
1 0.4794921875 0.51171875 0.0322265625 0.021484375
1 0.46875 0.552734375 0.015625 0.0419921875
1 0.498046875 0.455078125 0.0146484375 0.0390625
1 0.5029296875 0.52734375 0.0146484375 0.0537109375
1 0.5263671875 0.4716796875 0.021484375 0.056640625
1 0.5390625 0.541015625 0.0419921875 0.0439453125
1 0.5791015625 0.4814453125 0.03515625 0.1162109375
1 0.5224609375 0.3828125 0.0361328125 0.0498046875
1 0.4814453125 0.3828125 0.03515625 0.04296875
1 0.4375 0.3779296875 0.02734375 0.0439453125