0 0.361328125 0.240234375 0.033203125 0.033203125
0 0.240234375 0.3330078125 0.033203125 0.041015625
0 0.6328125 0.41015625 0.0390625 0.04296875
0 0.67578125 0.3212890625 0.03125 0.037109375
0 0.6474609375 0.28515625 0.033203125 0.044921875
0 0.703125 0.2724609375 0.02734375 0.0234375
0 0.736328125 0.2626953125 0.033203125 0.037109375
0 0.888671875 0.21875 0.0390625 0.041015625
0 0.8408203125 0.4462890625 0.0390625 0.04296875
0 0.8701171875 0.37890625 0.03515625 0.037109375
0 0.8544921875 0.51953125 0.037109375 0.046875
0 0.734375 0.5068359375 0.037109375 0.037109375
0 0.7197265625 0.4521484375 0.033203125 0.03515625
0 0.7373046875 0.3310546875 0.033203125 0.033203125
0 0.5439453125 0.8125 0.03125 0.033203125
0 0.5732421875 0.7744140625 0.025390625 0.03125
0 0.58984375 0.744140625 0.03125 0.03515625
0 0.591796875 0.6318359375 0.037109375 0.0390625
0 0.705078125 0.591796875 0.037109375 0.033203125
0 0.7177734375 0.5361328125 0.03125 0.037109375
0 0.7578125 0.892578125 0.04296875 0.044921875
0 0.697265625 0.9306640625 0.037109375 0.048828125
0 0.6328125 0.9228515625 0.029296875 0.033203125
0 0.78125 0.7255859375 0.03125 0.037109375
0 0.7568359375 0.8203125 0.02734375 0.029296875
0 0.78125 0.8193359375 0.037109375 0.03515625