1 0.3662109375 0.388671875 0.046875 0.0546875
1 0.3779296875 0.48828125 0.056640625 0.107421875
1 0.4306640625 0.4853515625 0.0546875 0.103515625
1 0.478515625 0.439453125 0.0234375 0.021484375
1 0.4814453125 0.4638671875 0.046875 0.025390625
1 0.46875 0.505859375 0.0234375 0.04296875
1 0.50390625 0.5087890625 0.0234375 0.052734375
1 0.5361328125 0.4951171875 0.048828125 0.04296875
1 0.51953125 0.4208984375 0.03125 0.068359375
1 0.48828125 0.4111328125 0.0234375 0.037109375
1 0.5771484375 0.427734375 0.044921875 0.123046875
1 0.5087890625 0.349609375 0.0390625 0.0234375
1 0.45703125 0.4208984375 0.017578125 0.017578125
1 0.4638671875 0.3388671875 0.037109375 0.025390625