1 0.3466796875 0.4453125 0.0107421875 0.0244140625
1 0.3564453125 0.5390625 0.017578125 0.1279296875
1 0.3857421875 0.5009765625 0.03515625 0.0458984375
1 0.38671875 0.5576171875 0.0400390625 0.0458984375
1 0.43359375 0.5009765625 0.037109375 0.0625
1 0.4365234375 0.5634765625 0.0361328125 0.044921875
1 0.4794921875 0.494140625 0.0400390625 0.041015625
1 0.482421875 0.5556640625 0.0361328125 0.0517578125
1 0.5224609375 0.482421875 0.0205078125 0.041015625
1 0.52734375 0.5341796875 0.01953125 0.0205078125
1 0.4365234375 0.4091796875 0.0439453125 0.0556640625