1 0.6611328125 0.4814453125 0.015625 0.02734375
1 0.6328125 0.5810546875 0.041015625 0.115234375
1 0.6103515625 0.5322265625 0.04296875 0.044921875
1 0.5966796875 0.5869140625 0.0390625 0.046875
1 0.5634765625 0.517578125 0.052734375 0.06640625
1 0.546875 0.58203125 0.044921875 0.052734375
1 0.51953125 0.5068359375 0.041015625 0.041015625
1 0.50390625 0.564453125 0.041015625 0.056640625
1 0.4794921875 0.4853515625 0.029296875 0.052734375
1 0.4619140625 0.5361328125 0.025390625 0.02734375
1 0.576171875 0.4296875 0.0546875 0.0703125