1 0.6474609375 0.427734375 0.0546875 0.05859375
1 0.62109375 0.509765625 0.0703125 0.1171875
1 0.5791015625 0.4609375 0.052734375 0.041015625
1 0.5654296875 0.51953125 0.060546875 0.080078125
1 0.552734375 0.4287109375 0.0234375 0.04296875
1 0.529296875 0.453125 0.021484375 0.017578125
1 0.529296875 0.4765625 0.0390625 0.025390625
1 0.52734375 0.5205078125 0.025390625 0.046875
1 0.521484375 0.4208984375 0.0234375 0.044921875
1 0.498046875 0.4970703125 0.033203125 0.072265625
1 0.4892578125 0.4306640625 0.037109375 0.060546875
1 0.4716796875 0.4990234375 0.03515625 0.05078125
1 0.447265625 0.494140625 0.025390625 0.048828125
1 0.435546875 0.42578125 0.06640625 0.119140625
1 0.515625 0.345703125 0.04296875 0.0546875
1 0.5576171875 0.3544921875 0.0390625 0.029296875
1 0.5927734375 0.37109375 0.03125 0.033203125