1 0.3603515625 0.408203125 0.01953125 0.03125
1 0.3564453125 0.4755859375 0.01953125 0.0234375
1 0.3466796875 0.533203125 0.02734375 0.06640625
1 0.384765625 0.482421875 0.037109375 0.037109375
1 0.376953125 0.5283203125 0.037109375 0.048828125
1 0.4365234375 0.478515625 0.0546875 0.064453125
1 0.4267578125 0.5439453125 0.05078125 0.0546875
1 0.482421875 0.48828125 0.04296875 0.044921875
1 0.4716796875 0.546875 0.046875 0.0625
1 0.525390625 0.4814453125 0.0390625 0.05078125
1 0.5126953125 0.5390625 0.03125 0.041015625