0 0.1416015625 0.0966796875 0.0546875 0.0546875
0 0.1796875 0.462890625 0.025390625 0.033203125
0 0.2353515625 0.2978515625 0.04296875 0.0390625
0 0.228515625 0.1494140625 0.033203125 0.04296875
0 0.29296875 0.1201171875 0.03515625 0.0390625
0 0.5849609375 0.4150390625 0.033203125 0.046875
0 0.58984375 0.7626953125 0.041015625 0.044921875
0 0.63671875 0.7705078125 0.0546875 0.044921875
0 0.7109375 0.693359375 0.046875 0.048828125
0 0.734375 0.7646484375 0.041015625 0.048828125
0 0.853515625 0.740234375 0.04296875 0.05078125
0 0.84765625 0.6337890625 0.044921875 0.0546875
0 0.7646484375 0.58984375 0.0390625 0.0390625
0 0.7939453125 0.5595703125 0.052734375 0.0390625
0 0.4775390625 0.12109375 0.037109375 0.041015625
0 0.5126953125 0.1806640625 0.04296875 0.05078125
0 0.46484375 0.03515625 0.033203125 0.041015625
0 0.52734375 0.5419921875 0.0390625 0.0390625
0 0.736328125 0.3701171875 0.044921875 0.033203125
0 0.107421875 0.44140625 0.03515625 0.037109375
0 0.2939453125 0.421875 0.0390625 0.04296875
0 0.365234375 0.09765625 0.0390625 0.0390625
0 0.1640625 0.6474609375 0.0390625 0.03515625
0 0.2099609375 0.7294921875 0.04296875 0.03515625
0 0.1796875 0.73046875 0.037109375 0.03125
0 0.19140625 0.4951171875 0.037109375 0.025390625
0 0.4169921875 0.6787109375 0.037109375 0.03515625
0 0.142578125 0.833984375 0.0390625 0.044921875