0 0.4638671875 0.708984375 0.02734375 0.021484375
0 0.4345703125 0.68359375 0.01953125 0.021484375
0 0.5751953125 0.681640625 0.0234375 0.017578125
0 0.6376953125 0.677734375 0.033203125 0.02734375
0 0.6376953125 0.6337890625 0.0234375 0.021484375
0 0.4140625 0.609375 0.01953125 0.01953125
0 0.3974609375 0.6474609375 0.02734375 0.0234375
0 0.3125 0.62109375 0.0234375 0.01953125
0 0.2646484375 0.6103515625 0.021484375 0.0234375
0 0.326171875 0.58203125 0.0234375 0.021484375
0 0.46875 0.587890625 0.025390625 0.0234375
0 0.4453125 0.564453125 0.021484375 0.017578125
0 0.3935546875 0.6220703125 0.01953125 0.01953125
0 0.5068359375 0.6279296875 0.0234375 0.021484375
0 0.5126953125 0.650390625 0.025390625 0.0234375
0 0.51953125 0.6689453125 0.01953125 0.015625
0 0.5478515625 0.6494140625 0.01953125 0.017578125
0 0.6103515625 0.58984375 0.01953125 0.01953125
0 0.63671875 0.6181640625 0.01953125 0.013671875
0 0.6259765625 0.537109375 0.017578125 0.01953125
0 0.564453125 0.55859375 0.0234375 0.01953125
0 0.4619140625 0.52734375 0.01953125 0.013671875
0 0.6552734375 0.521484375 0.0234375 0.025390625
0 0.3681640625 0.6826171875 0.02734375 0.0234375