1 0.373046875 0.4033203125 0.0419921875 0.0517578125
1 0.380859375 0.4931640625 0.0439453125 0.099609375
1 0.435546875 0.4560546875 0.0390625 0.03515625
1 0.4326171875 0.5146484375 0.0419921875 0.0693359375
1 0.46484375 0.4267578125 0.017578125 0.044921875
1 0.4970703125 0.43359375 0.01953125 0.0361328125
1 0.4833984375 0.4619140625 0.0244140625 0.01171875
1 0.4833984375 0.484375 0.0439453125 0.025390625
1 0.470703125 0.5244140625 0.0166015625 0.041015625
1 0.5283203125 0.5224609375 0.0595703125 0.041015625
1 0.5263671875 0.4443359375 0.025390625 0.0634765625
1 0.580078125 0.4599609375 0.0361328125 0.1279296875
1 0.5244140625 0.35546875 0.0341796875 0.0537109375
1 0.4814453125 0.357421875 0.0400390625 0.0498046875
1 0.439453125 0.3544921875 0.0205078125 0.0537109375
1 0.396484375 0.333984375 0.0224609375 0.0263671875