1 0.3564453125 0.41796875 0.021484375 0.03515625
1 0.3525390625 0.515625 0.044921875 0.1328125
1 0.38671875 0.48046875 0.037109375 0.044921875
1 0.3818359375 0.53125 0.0390625 0.04296875
1 0.43359375 0.484375 0.052734375 0.064453125
1 0.4267578125 0.552734375 0.052734375 0.0625
1 0.482421875 0.48828125 0.046875 0.044921875
1 0.47265625 0.5478515625 0.044921875 0.064453125
1 0.5244140625 0.4814453125 0.03125 0.037109375
1 0.5146484375 0.541015625 0.02734375 0.05078125
1 0.4580078125 0.4033203125 0.0625 0.0546875