1 0.6435546875 0.4189453125 0.015625 0.03125
1 0.650390625 0.517578125 0.0390625 0.12109375
1 0.61328125 0.4873046875 0.041015625 0.05078125
1 0.6220703125 0.53515625 0.0390625 0.044921875
1 0.564453125 0.4873046875 0.056640625 0.07421875
1 0.57421875 0.5517578125 0.05078125 0.056640625
1 0.51953125 0.4951171875 0.041015625 0.0546875
1 0.52734375 0.5517578125 0.044921875 0.06640625
1 0.4765625 0.48828125 0.03125 0.041015625
1 0.478515625 0.5380859375 0.025390625 0.0390625
1 0.5458984375 0.40234375 0.05078125 0.06640625