0 0.515625 0.8603515625 0.041015625 0.033203125
0 0.68359375 0.4482421875 0.0390625 0.03515625
0 0.72265625 0.4755859375 0.044921875 0.033203125
0 0.6748046875 0.5390625 0.041015625 0.037109375
0 0.6513671875 0.583984375 0.044921875 0.044921875
0 0.654296875 0.62890625 0.041015625 0.037109375
0 0.4482421875 0.5673828125 0.046875 0.0390625
0 0.4013671875 0.6494140625 0.0390625 0.044921875
0 0.3564453125 0.662109375 0.03515625 0.037109375
0 0.3193359375 0.66015625 0.0390625 0.046875
0 0.4169921875 0.7548828125 0.0390625 0.037109375
0 0.3994140625 0.7568359375 0.041015625 0.041015625
0 0.4345703125 0.7236328125 0.041015625 0.029296875
0 0.4033203125 0.7197265625 0.037109375 0.03125
0 0.287109375 0.9013671875 0.052734375 0.03125
0 0.4638671875 0.8720703125 0.04296875 0.033203125
0 0.6640625 0.9189453125 0.046875 0.033203125
0 0.6650390625 0.890625 0.046875 0.033203125
0 0.5322265625 0.9775390625 0.0390625 0.037109375
0 0.6474609375 0.728515625 0.046875 0.029296875
0 0.6513671875 0.6904296875 0.046875 0.025390625
0 0.33984375 0.3525390625 0.060546875 0.04296875
0 0.3427734375 0.4189453125 0.044921875 0.0390625
0 0.197265625 0.33203125 0.064453125 0.052734375
0 0.1875 0.2607421875 0.048828125 0.048828125
0 0.2021484375 0.119140625 0.046875 0.033203125
0 0.318359375 0.1552734375 0.044921875 0.037109375
0 0.5283203125 0.2021484375 0.05078125 0.0390625
0 0.6435546875 0.2373046875 0.048828125 0.025390625
0 0.73046875 0.2001953125 0.05078125 0.041015625
0 0.6298828125 0.1044921875 0.0390625 0.0390625
0 0.4140625 0.0380859375 0.06640625 0.048828125
0 0.3681640625 0.55078125 0.037109375 0.0234375
0 0.3779296875 0.5205078125 0.037109375 0.025390625
0 0.373046875 0.5869140625 0.0390625 0.03125
0 0.81640625 0.5205078125 0.046875 0.033203125
0 0.8544921875 0.1865234375 0.041015625 0.041015625
0 0.4560546875 0.400390625 0.048828125 0.033203125
0 0.169921875 0.486328125 0.037109375 0.03515625
0 0.3251953125 0.2373046875 0.0390625 0.041015625
0 0.4033203125 0.251953125 0.04296875 0.029296875
0 0.427734375 0.28515625 0.044921875 0.037109375