1 0.396484375 0.375 0.048828125 0.05078125
1 0.3857421875 0.466796875 0.0625 0.109375
1 0.4462890625 0.435546875 0.046875 0.041015625
1 0.43359375 0.4912109375 0.05859375 0.080078125
1 0.482421875 0.4140625 0.025390625 0.0390625
1 0.4931640625 0.4443359375 0.01953125 0.015625
1 0.4814453125 0.4677734375 0.03125 0.021484375
1 0.4658203125 0.5078125 0.025390625 0.044921875
1 0.51171875 0.4208984375 0.021484375 0.0390625
1 0.501953125 0.4970703125 0.02734375 0.0703125
1 0.537109375 0.4404296875 0.033203125 0.064453125
1 0.52734375 0.5107421875 0.03515625 0.0546875
1 0.55078125 0.513671875 0.0234375 0.052734375
1 0.5859375 0.470703125 0.060546875 0.138671875
1 0.5478515625 0.3583984375 0.037109375 0.041015625
1 0.50390625 0.3466796875 0.041015625 0.033203125
1 0.466796875 0.3466796875 0.02734375 0.037109375