1 0.3525390625 0.4375 0.013671875 0.03125
1 0.3486328125 0.53515625 0.03515625 0.1171875
1 0.384765625 0.50390625 0.041015625 0.046875
1 0.380859375 0.55078125 0.037109375 0.05078125
1 0.43359375 0.501953125 0.046875 0.0546875
1 0.4267578125 0.5712890625 0.048828125 0.05078125
1 0.4794921875 0.51171875 0.037109375 0.0390625
1 0.474609375 0.5625 0.0390625 0.05859375
1 0.5224609375 0.5 0.02734375 0.029296875
1 0.5224609375 0.55078125 0.017578125 0.025390625
1 0.4443359375 0.412109375 0.056640625 0.07421875