0 0.609375 0.8232421875 0.02734375 0.02734375
0 0.8056640625 0.69140625 0.037109375 0.0390625
0 0.8037109375 0.630859375 0.03515625 0.02734375
0 0.5595703125 0.552734375 0.0390625 0.03125
0 0.5126953125 0.6279296875 0.0390625 0.03515625
0 0.5234375 0.7109375 0.046875 0.037109375
0 0.4462890625 0.6982421875 0.044921875 0.03125
0 0.4501953125 0.6201171875 0.048828125 0.037109375
0 0.4453125 0.552734375 0.041015625 0.033203125
0 0.4365234375 0.58984375 0.04296875 0.03515625
0 0.3837890625 0.5732421875 0.0390625 0.04296875
0 0.5458984375 0.4931640625 0.0390625 0.0390625
0 0.556640625 0.4638671875 0.03515625 0.03125
0 0.2197265625 0.6220703125 0.037109375 0.0390625