1 0.365234375 0.4482421875 0.052734375 0.05859375
1 0.384765625 0.53515625 0.064453125 0.115234375
1 0.4306640625 0.48828125 0.04296875 0.037109375
1 0.4384765625 0.5498046875 0.056640625 0.08203125
1 0.45703125 0.455078125 0.021484375 0.046875
1 0.4814453125 0.484375 0.017578125 0.015625
1 0.490234375 0.4560546875 0.02734375 0.046875
1 0.4775390625 0.51171875 0.03515625 0.021484375
1 0.4794921875 0.5498046875 0.02734375 0.044921875
1 0.5078125 0.529296875 0.02734375 0.072265625
1 0.5185546875 0.4599609375 0.03125 0.064453125
1 0.54296875 0.52734375 0.056640625 0.0625
1 0.5751953125 0.4599609375 0.0546875 0.123046875
1 0.5029296875 0.3740234375 0.044921875 0.060546875
1 0.4599609375 0.376953125 0.048828125 0.06640625
1 0.4189453125 0.3876953125 0.03515625 0.060546875