1 0.3818359375 0.38671875 0.046875 0.0546875
1 0.3818359375 0.484375 0.05078125 0.1015625
1 0.4365234375 0.4453125 0.037109375 0.03125
1 0.431640625 0.501953125 0.05078125 0.078125
1 0.4697265625 0.4228515625 0.013671875 0.037109375
1 0.48828125 0.4501953125 0.017578125 0.01953125
1 0.5048828125 0.4208984375 0.015625 0.0390625
1 0.486328125 0.4755859375 0.046875 0.021484375
1 0.4677734375 0.515625 0.01953125 0.037109375
1 0.501953125 0.5185546875 0.01953125 0.046875
1 0.5322265625 0.435546875 0.0234375 0.064453125
1 0.537109375 0.51171875 0.048828125 0.05078125
1 0.5830078125 0.4541015625 0.041015625 0.119140625
1 0.5361328125 0.345703125 0.033203125 0.0546875
1 0.4921875 0.3486328125 0.037109375 0.037109375
1 0.4501953125 0.3447265625 0.02734375 0.05078125