1 0.6064453125 0.3759765625 0.04296875 0.04296875
1 0.6171875 0.4716796875 0.060546875 0.10546875
1 0.5556640625 0.44140625 0.041015625 0.037109375
1 0.568359375 0.49609375 0.05859375 0.08203125
1 0.5068359375 0.4501953125 0.015625 0.013671875
1 0.517578125 0.474609375 0.029296875 0.0234375
1 0.5341796875 0.5126953125 0.021484375 0.048828125
1 0.5205078125 0.416015625 0.0234375 0.04296875
1 0.4892578125 0.4287109375 0.025390625 0.04296875
1 0.498046875 0.5029296875 0.02734375 0.072265625
1 0.4638671875 0.4423828125 0.033203125 0.064453125
1 0.4736328125 0.51171875 0.033203125 0.0546875
1 0.4501953125 0.5185546875 0.0234375 0.04296875
1 0.4111328125 0.462890625 0.05078125 0.115234375
1 0.4521484375 0.3564453125 0.037109375 0.056640625
1 0.494140625 0.3515625 0.046875 0.044921875
1 0.53515625 0.3427734375 0.033203125 0.052734375