0 0.4384765625 0.703125 0.029296875 0.0234375
0 0.4130859375 0.673828125 0.021484375 0.0234375
0 0.552734375 0.689453125 0.0234375 0.01953125
0 0.6142578125 0.693359375 0.03515625 0.03125
0 0.6201171875 0.6494140625 0.025390625 0.025390625
0 0.4013671875 0.59765625 0.021484375 0.021484375
0 0.380859375 0.634765625 0.029296875 0.025390625
0 0.2998046875 0.59765625 0.025390625 0.0234375
0 0.2529296875 0.5810546875 0.025390625 0.025390625
0 0.3173828125 0.5595703125 0.025390625 0.025390625
0 0.4580078125 0.5830078125 0.02734375 0.025390625
0 0.4375 0.5576171875 0.0234375 0.01953125
0 0.37890625 0.6083984375 0.021484375 0.021484375
0 0.4912109375 0.6279296875 0.025390625 0.025390625
0 0.494140625 0.650390625 0.02734375 0.025390625
0 0.4990234375 0.6708984375 0.01953125 0.017578125
0 0.529296875 0.654296875 0.021484375 0.01953125
0 0.5986328125 0.6025390625 0.021484375 0.021484375
0 0.62109375 0.6337890625 0.01953125 0.015625
0 0.62109375 0.552734375 0.01953125 0.01953125
0 0.556640625 0.56640625 0.025390625 0.0234375
0 0.458984375 0.5224609375 0.021484375 0.015625
0 0.6513671875 0.5400390625 0.025390625 0.02734375
0 0.3466796875 0.6650390625 0.029296875 0.025390625