0 0.3359375 0.798828125 0.029296875 0.02734375
0 0.166015625 0.6357421875 0.037109375 0.0390625
0 0.177734375 0.576171875 0.037109375 0.029296875
0 0.431640625 0.5419921875 0.0390625 0.03125
0 0.4658203125 0.6240234375 0.0390625 0.037109375
0 0.4404296875 0.7041015625 0.046875 0.0390625
0 0.5185546875 0.7041015625 0.046875 0.033203125
0 0.5283203125 0.626953125 0.05078125 0.0390625
0 0.544921875 0.5615234375 0.04296875 0.03515625
0 0.546875 0.599609375 0.044921875 0.037109375
0 0.6015625 0.591796875 0.041015625 0.044921875
0 0.4560546875 0.4853515625 0.041015625 0.041015625
0 0.451171875 0.4541015625 0.03515625 0.03125
0 0.7548828125 0.6689453125 0.037109375 0.0390625