1 0.6416015625 0.4091796875 0.048828125 0.048828125
1 0.62109375 0.49609375 0.060546875 0.1171875
1 0.5732421875 0.4599609375 0.046875 0.03515625
1 0.5673828125 0.5087890625 0.0546875 0.0703125
1 0.525390625 0.44921875 0.0234375 0.017578125
1 0.52734375 0.4755859375 0.03125 0.01953125
1 0.5302734375 0.5166015625 0.01953125 0.046875
1 0.4990234375 0.49609375 0.0234375 0.07421875
1 0.513671875 0.423828125 0.021484375 0.0390625
1 0.546875 0.42578125 0.01953125 0.037109375
1 0.482421875 0.431640625 0.033203125 0.064453125
1 0.4716796875 0.50390625 0.033203125 0.046875
1 0.4453125 0.5029296875 0.025390625 0.046875
1 0.4267578125 0.44140625 0.052734375 0.134765625
1 0.4970703125 0.34375 0.041015625 0.0625
1 0.541015625 0.349609375 0.048828125 0.0546875
1 0.5810546875 0.3583984375 0.03125 0.0546875