1 0.359375 0.42578125 0.01953125 0.03125
1 0.34765625 0.5263671875 0.04296875 0.12109375
1 0.384765625 0.4931640625 0.044921875 0.052734375
1 0.3720703125 0.5478515625 0.046875 0.052734375
1 0.431640625 0.5 0.05078125 0.064453125
1 0.421875 0.5625 0.044921875 0.056640625
1 0.4775390625 0.5107421875 0.041015625 0.044921875
1 0.466796875 0.5654296875 0.048828125 0.056640625
1 0.5224609375 0.5048828125 0.029296875 0.04296875
1 0.5126953125 0.5625 0.02734375 0.033203125
1 0.4580078125 0.408203125 0.0625 0.072265625