0 0.052734375 0.435546875 0.02734375 0.0234375
0 0.0830078125 0.45703125 0.02734375 0.033203125
0 0.1015625 0.4775390625 0.017578125 0.01953125
0 0.15234375 0.5029296875 0.033203125 0.029296875
0 0.1767578125 0.5166015625 0.025390625 0.033203125
0 0.201171875 0.5224609375 0.0234375 0.02734375
0 0.21875 0.53125 0.013671875 0.021484375
0 0.234375 0.5390625 0.02734375 0.0234375
0 0.31640625 0.5810546875 0.0234375 0.02734375
0 0.3759765625 0.626953125 0.0390625 0.033203125
0 0.462890625 0.689453125 0.02734375 0.02734375
0 0.18359375 0.40625 0.015625 0.02734375
0 0.13671875 0.3916015625 0.02734375 0.025390625
0 0.068359375 0.3173828125 0.01953125 0.0234375
0 0.083984375 0.30078125 0.025390625 0.037109375
0 0.1513671875 0.349609375 0.0234375 0.033203125
0 0.412109375 0.548828125 0.03125 0.02734375
0 0.3759765625 0.5224609375 0.02734375 0.033203125
0 0.328125 0.482421875 0.02734375 0.03125
0 0.4326171875 0.5634765625 0.02734375 0.017578125
0 0.4541015625 0.5849609375 0.03125 0.02734375
0 0.484375 0.6015625 0.02734375 0.021484375