1 0.634765625 0.40625 0.017578125 0.029296875
1 0.6484375 0.5 0.052734375 0.130859375
1 0.61328125 0.4765625 0.04296875 0.046875
1 0.619140625 0.52734375 0.048828125 0.0546875
1 0.5634765625 0.4814453125 0.05859375 0.068359375
1 0.576171875 0.5478515625 0.05078125 0.0625
1 0.5185546875 0.490234375 0.04296875 0.046875
1 0.53125 0.548828125 0.05078125 0.068359375
1 0.4736328125 0.490234375 0.02734375 0.03515625
1 0.48046875 0.5380859375 0.025390625 0.03125
1 0.537109375 0.3974609375 0.060546875 0.068359375