1 0.3779296875 0.431640625 0.04296875 0.052734375
1 0.37890625 0.52734375 0.0546875 0.095703125
1 0.435546875 0.4931640625 0.0390625 0.03125
1 0.427734375 0.5478515625 0.048828125 0.072265625
1 0.4677734375 0.4619140625 0.01953125 0.044921875
1 0.484375 0.494140625 0.017578125 0.013671875
1 0.4775390625 0.521484375 0.03515625 0.017578125
1 0.46484375 0.5595703125 0.01953125 0.0390625
1 0.5 0.466796875 0.021484375 0.0390625
1 0.5009765625 0.5439453125 0.01953125 0.06640625
1 0.525390625 0.4833984375 0.02734375 0.05859375
1 0.5361328125 0.552734375 0.044921875 0.0546875
1 0.5830078125 0.4990234375 0.0390625 0.130859375
1 0.52734375 0.390625 0.03515625 0.0546875
1 0.4873046875 0.3837890625 0.037109375 0.052734375
1 0.44921875 0.388671875 0.025390625 0.052734375