0 0.2841796875 0.7646484375 0.033203125 0.03125
0 0.2666015625 0.802734375 0.025390625 0.02734375
0 0.3642578125 0.4501953125 0.03515625 0.041015625
0 0.3369140625 0.599609375 0.029296875 0.03515625
0 0.330078125 0.650390625 0.0390625 0.033203125
0 0.234375 0.62890625 0.03125 0.021484375
0 0.427734375 0.40625 0.0234375 0.0234375
0 0.4462890625 0.1015625 0.029296875 0.03515625
0 0.474609375 0.0927734375 0.0234375 0.03125
0 0.4609375 0.57421875 0.029296875 0.02734375
0 0.408203125 0.5771484375 0.03125 0.021484375
0 0.3994140625 0.6259765625 0.025390625 0.03515625
0 0.4228515625 0.6884765625 0.029296875 0.025390625