1 0.375 0.4189453125 0.0419921875 0.052734375
1 0.380859375 0.513671875 0.0439453125 0.099609375
1 0.4365234375 0.47265625 0.037109375 0.0419921875
1 0.431640625 0.5302734375 0.0419921875 0.0693359375
1 0.4658203125 0.4462890625 0.0166015625 0.0478515625
1 0.4853515625 0.4765625 0.01953125 0.015625
1 0.478515625 0.501953125 0.0341796875 0.017578125
1 0.470703125 0.541015625 0.013671875 0.0419921875
1 0.498046875 0.4443359375 0.0146484375 0.03515625
1 0.5009765625 0.51953125 0.01171875 0.0673828125
1 0.5283203125 0.462890625 0.0263671875 0.0654296875
1 0.5380859375 0.5322265625 0.0458984375 0.0439453125
1 0.58203125 0.4736328125 0.0341796875 0.126953125
1 0.5224609375 0.37109375 0.03125 0.052734375
1 0.4814453125 0.3681640625 0.037109375 0.0537109375
1 0.443359375 0.3681640625 0.0302734375 0.05859375