1 0.359375 0.416015625 0.015625 0.01953125
1 0.3515625 0.5107421875 0.04296875 0.125
1 0.3876953125 0.4775390625 0.0390625 0.037109375
1 0.380859375 0.533203125 0.041015625 0.0546875
1 0.435546875 0.482421875 0.05078125 0.060546875
1 0.42578125 0.55078125 0.052734375 0.05859375
1 0.4814453125 0.4892578125 0.04296875 0.037109375
1 0.4716796875 0.54296875 0.04296875 0.056640625
1 0.5244140625 0.4873046875 0.02734375 0.04296875
1 0.521484375 0.5400390625 0.021484375 0.025390625
1 0.455078125 0.400390625 0.052734375 0.056640625