1 0.3447265625 0.4443359375 0.0166015625 0.033203125
1 0.357421875 0.541015625 0.021484375 0.1318359375
1 0.384765625 0.5 0.03125 0.0400390625
1 0.388671875 0.5517578125 0.033203125 0.0380859375
1 0.431640625 0.49609375 0.0439453125 0.0576171875
1 0.4365234375 0.564453125 0.04296875 0.056640625
1 0.48046875 0.4912109375 0.041015625 0.0390625
1 0.4814453125 0.5517578125 0.03515625 0.0595703125
1 0.5205078125 0.4775390625 0.025390625 0.033203125
1 0.521484375 0.5380859375 0.0185546875 0.048828125
1 0.44140625 0.412109375 0.0546875 0.044921875