1 0.6298828125 0.3984375 0.03515625 0.03515625
1 0.6181640625 0.48828125 0.04296875 0.09765625
1 0.5654296875 0.44921875 0.041015625 0.025390625
1 0.5673828125 0.5009765625 0.046875 0.0703125
1 0.517578125 0.474609375 0.048828125 0.01953125
1 0.515625 0.4462890625 0.015625 0.015625
1 0.5302734375 0.513671875 0.017578125 0.037109375
1 0.4970703125 0.5087890625 0.015625 0.0234375
1 0.4755859375 0.435546875 0.01953125 0.064453125
1 0.47265625 0.5068359375 0.025390625 0.04296875
1 0.4482421875 0.5068359375 0.013671875 0.05078125
1 0.505859375 0.4169921875 0.015625 0.03515625
1 0.53515625 0.4326171875 0.017578125 0.013671875
1 0.4208984375 0.44921875 0.03515625 0.12109375
1 0.478515625 0.3525390625 0.03125 0.029296875
1 0.5205078125 0.341796875 0.03515625 0.013671875