1 0.6328125 0.4072265625 0.046875 0.046875
1 0.6181640625 0.5 0.052734375 0.103515625
1 0.5693359375 0.453125 0.0390625 0.037109375
1 0.568359375 0.509765625 0.048828125 0.072265625
1 0.5390625 0.421875 0.017578125 0.046875
1 0.5185546875 0.4521484375 0.01953125 0.017578125
1 0.5244140625 0.4775390625 0.03515625 0.0234375
1 0.5302734375 0.517578125 0.015625 0.04296875
1 0.5078125 0.4248046875 0.015625 0.041015625
1 0.4951171875 0.5 0.01953125 0.072265625
1 0.478515625 0.4296875 0.029296875 0.060546875
1 0.4609375 0.5029296875 0.052734375 0.056640625
1 0.4228515625 0.4453125 0.044921875 0.12109375
1 0.486328125 0.3486328125 0.03515625 0.0546875
1 0.5302734375 0.3544921875 0.044921875 0.048828125
1 0.5712890625 0.3544921875 0.029296875 0.05078125