0 0.427734375 0.6201171875 0.05078125 0.03515625
0 0.3916015625 0.56640625 0.041015625 0.025390625
0 0.466796875 0.533203125 0.04296875 0.029296875
0 0.4326171875 0.5048828125 0.037109375 0.0234375
0 0.3857421875 0.4755859375 0.0390625 0.029296875
0 0.28125 0.4814453125 0.033203125 0.021484375
0 0.2890625 0.3974609375 0.033203125 0.0234375
0 0.388671875 0.3291015625 0.060546875 0.03515625
0 0.5205078125 0.3369140625 0.046875 0.029296875
0 0.4521484375 0.4345703125 0.033203125 0.0234375
0 0.361328125 0.265625 0.037109375 0.029296875
0 0.6455078125 0.2607421875 0.041015625 0.01953125
0 0.7431640625 0.1796875 0.0390625 0.029296875
0 0.751953125 0.16015625 0.029296875 0.0234375
0 0.73828125 0.13671875 0.029296875 0.0234375
0 0.650390625 0.14453125 0.03515625 0.021484375
0 0.650390625 0.1904296875 0.03515625 0.029296875
0 0.515625 0.205078125 0.052734375 0.03125
0 0.4140625 0.2607421875 0.029296875 0.021484375
0 0.380859375 0.20703125 0.03125 0.021484375
0 0.3046875 0.2265625 0.03515625 0.021484375
0 0.2587890625 0.201171875 0.0390625 0.029296875
0 0.3115234375 0.185546875 0.041015625 0.0234375
0 0.3447265625 0.1650390625 0.029296875 0.021484375
0 0.3427734375 0.142578125 0.02734375 0.017578125
0 0.302734375 0.126953125 0.03515625 0.01953125
0 0.2158203125 0.1181640625 0.03515625 0.021484375
0 0.1943359375 0.1416015625 0.03515625 0.021484375
0 0.2841796875 0.298828125 0.03515625 0.021484375