1 0.642578125 0.4375 0.044921875 0.056640625
1 0.61328125 0.5263671875 0.072265625 0.1171875
1 0.5732421875 0.47265625 0.044921875 0.041015625
1 0.560546875 0.53125 0.060546875 0.087890625
1 0.5244140625 0.462890625 0.0234375 0.0234375
1 0.5185546875 0.4912109375 0.048828125 0.033203125
1 0.525390625 0.53125 0.029296875 0.046875
1 0.4658203125 0.5146484375 0.078125 0.056640625
1 0.5166015625 0.4306640625 0.025390625 0.04296875
1 0.4873046875 0.44140625 0.037109375 0.072265625
1 0.4306640625 0.4375 0.060546875 0.119140625
1 0.5087890625 0.3525390625 0.044921875 0.060546875
1 0.548828125 0.361328125 0.048828125 0.064453125
1 0.591796875 0.373046875 0.046875 0.068359375
1 0.63671875 0.3603515625 0.0234375 0.025390625
1 0.5458984375 0.4541015625 0.01953125 0.03125