0 0.6162109375 0.125 0.05859375 0.04296875
0 0.37109375 0.1787109375 0.048828125 0.037109375
0 0.41796875 0.2197265625 0.05078125 0.04296875
0 0.6435546875 0.181640625 0.03515625 0.033203125
0 0.68359375 0.1513671875 0.0546875 0.048828125
0 0.7412109375 0.1982421875 0.0546875 0.056640625
0 0.7548828125 0.15234375 0.056640625 0.046875
0 0.8115234375 0.02734375 0.048828125 0.041015625
0 0.8134765625 0.556640625 0.056640625 0.052734375
0 0.9716796875 0.5068359375 0.056640625 0.052734375
0 0.5693359375 0.6962890625 0.060546875 0.060546875
0 0.5458984375 0.568359375 0.056640625 0.04296875
0 0.62109375 0.5458984375 0.0546875 0.04296875
0 0.814453125 0.7548828125 0.052734375 0.0546875
0 0.880859375 0.74609375 0.0546875 0.048828125
0 0.9833984375 0.69921875 0.033203125 0.078125
0 0.9228515625 0.7783203125 0.068359375 0.060546875
0 0.7958984375 0.8837890625 0.072265625 0.068359375
0 0.884765625 0.8935546875 0.087890625 0.0859375
0 0.869140625 0.8310546875 0.05078125 0.044921875
0 0.98828125 0.8623046875 0.0234375 0.041015625
0 0.6240234375 0.8232421875 0.064453125 0.056640625
0 0.62890625 0.87890625 0.06640625 0.056640625
0 0.4541015625 0.9423828125 0.056640625 0.052734375
0 0.38671875 0.9189453125 0.056640625 0.048828125
0 0.390625 0.96875 0.0859375 0.0625
0 0.181640625 0.978515625 0.0703125 0.04296875
0 0.173828125 0.994140625 0.0625 0.01171875
0 0.4677734375 0.8701171875 0.0390625 0.03515625
0 0.373046875 0.5947265625 0.046875 0.041015625
0 0.8173828125 0.0927734375 0.056640625 0.068359375
0 0.8369140625 0.1484375 0.056640625 0.068359375