0 0.359375 0.841796875 0.0390625 0.03125
0 0.388671875 0.7783203125 0.03515625 0.03125
0 0.4033203125 0.705078125 0.0390625 0.033203125
0 0.4169921875 0.666015625 0.037109375 0.0234375
0 0.45703125 0.6416015625 0.03515625 0.03125
0 0.4619140625 0.669921875 0.04296875 0.03125
0 0.4580078125 0.701171875 0.044921875 0.03125
0 0.4619140625 0.7333984375 0.03125 0.025390625
0 0.5400390625 0.7060546875 0.048828125 0.033203125
0 0.533203125 0.67578125 0.05078125 0.033203125
0 0.5673828125 0.8125 0.05078125 0.033203125
0 0.462890625 0.7958984375 0.03515625 0.03125
0 0.41796875 0.77734375 0.03125 0.025390625
0 0.4169921875 0.833984375 0.041015625 0.02734375
0 0.40625 0.8896484375 0.0390625 0.03515625
0 0.4658203125 0.892578125 0.052734375 0.029296875
0 0.458984375 0.859375 0.033203125 0.0234375
0 0.4599609375 0.828125 0.046875 0.029296875
0 0.5283203125 0.84765625 0.041015625 0.029296875
0 0.52734375 0.880859375 0.037109375 0.02734375
0 0.544921875 0.8994140625 0.05078125 0.029296875
0 0.5361328125 0.9228515625 0.0390625 0.029296875
0 0.6591796875 0.9228515625 0.03515625 0.0234375
0 0.65234375 0.8779296875 0.044921875 0.029296875
0 0.6484375 0.8447265625 0.056640625 0.037109375
0 0.650390625 0.810546875 0.056640625 0.033203125
0 0.5947265625 0.7373046875 0.033203125 0.021484375
0 0.58984375 0.7822265625 0.044921875 0.033203125
0 0.521484375 0.7763671875 0.044921875 0.029296875
0 0.595703125 0.736328125 0.03515625 0.02734375
0 0.6494140625 0.767578125 0.033203125 0.029296875
0 0.6103515625 0.787109375 0.03125 0.0234375
0 0.6533203125 0.73046875 0.0390625 0.03125
0 0.6572265625 0.697265625 0.033203125 0.029296875