1 0.373046875 0.390625 0.0439453125 0.04296875
1 0.380859375 0.4833984375 0.048828125 0.1083984375
1 0.4345703125 0.4462890625 0.0400390625 0.0263671875
1 0.431640625 0.5029296875 0.0478515625 0.0625
1 0.4638671875 0.419921875 0.0185546875 0.041015625
1 0.484375 0.4501953125 0.017578125 0.0166015625
1 0.4755859375 0.4736328125 0.0322265625 0.0185546875
1 0.4697265625 0.5146484375 0.015625 0.0419921875
1 0.5029296875 0.49609375 0.0166015625 0.07421875
1 0.4970703125 0.41796875 0.0166015625 0.03515625
1 0.52734375 0.4326171875 0.0224609375 0.0625
1 0.5283203125 0.5048828125 0.0263671875 0.0537109375
1 0.552734375 0.501953125 0.01953125 0.0576171875
1 0.58203125 0.453125 0.033203125 0.12890625
1 0.5234375 0.353515625 0.029296875 0.0322265625
1 0.482421875 0.349609375 0.0400390625 0.0380859375
1 0.44140625 0.3486328125 0.02734375 0.0439453125