0 0.9140625 0.5068359375 0.033203125 0.064453125
0 0.947265625 0.6201171875 0.03515625 0.072265625
0 0.9931640625 0.6923828125 0.013671875 0.072265625
0 0.7646484375 0.724609375 0.0390625 0.068359375
0 0.8935546875 0.80078125 0.037109375 0.0625
0 0.6162109375 0.640625 0.0390625 0.0703125
0 0.6083984375 0.6826171875 0.041015625 0.0703125
0 0.556640625 0.6728515625 0.044921875 0.080078125
0 0.5146484375 0.6435546875 0.041015625 0.083984375
0 0.4775390625 0.560546875 0.041015625 0.076171875
0 0.4560546875 0.478515625 0.033203125 0.064453125
0 0.4501953125 0.53125 0.03515625 0.0703125
0 0.498046875 0.7216796875 0.037109375 0.068359375
0 0.5595703125 0.8359375 0.04296875 0.07421875
0 0.5263671875 0.708984375 0.037109375 0.068359375