0 0.7392578125 0.1015625 0.03515625 0.029296875
0 0.58203125 0.0771484375 0.05078125 0.029296875
0 0.3427734375 0.1376953125 0.048828125 0.0390625
0 0.4677734375 0.185546875 0.064453125 0.04296875
0 0.634765625 0.173828125 0.05859375 0.033203125
0 0.7861328125 0.189453125 0.05859375 0.033203125
0 0.7412109375 0.275390625 0.0546875 0.037109375
0 0.83203125 0.291015625 0.05859375 0.0390625
0 0.8134765625 0.373046875 0.0546875 0.03125
0 0.80078125 0.3994140625 0.0390625 0.02734375
0 0.8544921875 0.3916015625 0.048828125 0.0390625
0 0.76171875 0.4765625 0.046875 0.037109375
0 0.625 0.3935546875 0.07421875 0.037109375
0 0.642578125 0.275390625 0.05078125 0.0390625
0 0.5341796875 0.306640625 0.0703125 0.056640625
0 0.470703125 0.322265625 0.0625 0.052734375
0 0.283203125 0.2744140625 0.05078125 0.0390625
0 0.1943359375 0.236328125 0.0546875 0.04296875
0 0.2001953125 0.3173828125 0.05859375 0.046875
0 0.201171875 0.4560546875 0.06640625 0.03515625
0 0.2998046875 0.5146484375 0.0546875 0.048828125
0 0.33984375 0.3818359375 0.0546875 0.033203125
0 0.4462890625 0.453125 0.056640625 0.0390625
0 0.412109375 0.56640625 0.052734375 0.04296875
0 0.5380859375 0.5244140625 0.0703125 0.037109375
0 0.7119140625 0.6142578125 0.064453125 0.041015625
0 0.7744140625 0.599609375 0.048828125 0.03125
0 0.8798828125 0.5859375 0.07421875 0.03125
0 0.93359375 0.611328125 0.05859375 0.037109375
0 0.8310546875 0.70703125 0.041015625 0.037109375
0 0.7568359375 0.7314453125 0.046875 0.04296875
0 0.533203125 0.7509765625 0.064453125 0.037109375
0 0.23046875 0.68359375 0.064453125 0.03515625
0 0.171875 0.6142578125 0.0390625 0.033203125
0 0.1484375 0.6484375 0.04296875 0.037109375
0 0.111328125 0.5859375 0.0390625 0.03515625
0 0.0849609375 0.4638671875 0.0390625 0.037109375
0 0.0810546875 0.3251953125 0.03515625 0.037109375
0 0.1796875 0.3671875 0.0390625 0.041015625
0 0.2041015625 0.1376953125 0.05859375 0.04296875
0 0.5234375 0.8369140625 0.048828125 0.05078125
0 0.396484375 0.833984375 0.04296875 0.03515625
0 0.3671875 0.74609375 0.0546875 0.041015625
0 0.287109375 0.8046875 0.05859375 0.02734375
0 0.158203125 0.796875 0.03515625 0.03515625
0 0.2119140625 0.732421875 0.04296875 0.037109375
0 0.611328125 0.951171875 0.0625 0.04296875
0 0.65625 0.84375 0.05078125 0.037109375
0 0.71484375 0.8427734375 0.0625 0.048828125
0 0.7958984375 0.9208984375 0.060546875 0.041015625
0 0.3828125 0.91796875 0.05078125 0.029296875
0 0.298828125 0.890625 0.04296875 0.0390625
0 0.4091796875 0.951171875 0.052734375 0.033203125
0 0.8134765625 0.8427734375 0.0390625 0.03515625