1 0.611328125 0.404296875 0.046875 0.052734375
1 0.6201171875 0.5 0.060546875 0.103515625
1 0.572265625 0.5078125 0.05859375 0.11328125
1 0.52734375 0.443359375 0.021484375 0.04296875
1 0.5126953125 0.4775390625 0.0234375 0.01953125
1 0.5224609375 0.5 0.033203125 0.021484375
1 0.537109375 0.53515625 0.0234375 0.046875
1 0.494140625 0.443359375 0.025390625 0.041015625
1 0.501953125 0.529296875 0.0234375 0.072265625
1 0.46875 0.4658203125 0.02734375 0.0625
1 0.466796875 0.541015625 0.05078125 0.05078125
1 0.4140625 0.484375 0.0546875 0.12890625
1 0.458984375 0.3779296875 0.0390625 0.05859375
1 0.5 0.373046875 0.044921875 0.052734375
1 0.54296875 0.36328125 0.03125 0.052734375