1 0.357421875 0.4208984375 0.015625 0.0234375
1 0.3515625 0.5146484375 0.0390625 0.126953125
1 0.38671875 0.4794921875 0.04296875 0.044921875
1 0.3818359375 0.53515625 0.041015625 0.05078125
1 0.435546875 0.482421875 0.048828125 0.060546875
1 0.427734375 0.552734375 0.05078125 0.056640625
1 0.482421875 0.4892578125 0.044921875 0.048828125
1 0.4755859375 0.5517578125 0.044921875 0.0625
1 0.5263671875 0.482421875 0.029296875 0.03515625
1 0.51953125 0.533203125 0.0234375 0.033203125
1 0.453125 0.3955078125 0.052734375 0.068359375