1 0.38671875 0.4111328125 0.048828125 0.052734375
1 0.37890625 0.5048828125 0.064453125 0.115234375
1 0.4375 0.4775390625 0.04296875 0.0390625
1 0.4267578125 0.5341796875 0.056640625 0.08203125
1 0.4755859375 0.4501953125 0.021484375 0.046875
1 0.4892578125 0.4873046875 0.017578125 0.013671875
1 0.4736328125 0.5107421875 0.03125 0.0234375
1 0.462890625 0.5478515625 0.0234375 0.037109375
1 0.50390625 0.4560546875 0.021484375 0.03515625
1 0.4951171875 0.5361328125 0.03125 0.0703125
1 0.53125 0.47265625 0.02734375 0.064453125
1 0.5322265625 0.548828125 0.056640625 0.05859375
1 0.5830078125 0.4970703125 0.05078125 0.125
1 0.54296875 0.3896484375 0.044921875 0.0703125
1 0.498046875 0.37890625 0.046875 0.068359375
1 0.4580078125 0.37109375 0.03515625 0.060546875