1 0.6376953125 0.423828125 0.017578125 0.029296875
1 0.6533203125 0.5185546875 0.046875 0.119140625
1 0.6171875 0.486328125 0.046875 0.05078125
1 0.6259765625 0.541015625 0.041015625 0.05078125
1 0.568359375 0.4931640625 0.0546875 0.06640625
1 0.5771484375 0.560546875 0.052734375 0.0546875
1 0.5224609375 0.50390625 0.044921875 0.05078125
1 0.5322265625 0.55859375 0.044921875 0.052734375
1 0.4765625 0.5009765625 0.029296875 0.0390625
1 0.4873046875 0.5546875 0.0234375 0.029296875
1 0.541015625 0.4072265625 0.060546875 0.07421875