0 0.853515625 0.4287109375 0.03125 0.041015625
0 0.4208984375 0.3271484375 0.033203125 0.037109375
0 0.4404296875 0.2841796875 0.03125 0.04296875
0 0.5107421875 0.3212890625 0.03515625 0.0390625
0 0.55859375 0.337890625 0.04296875 0.04296875
0 0.603515625 0.3271484375 0.03515625 0.0390625
0 0.57421875 0.541015625 0.037109375 0.044921875
0 0.6630859375 0.5732421875 0.04296875 0.037109375
0 0.6826171875 0.6162109375 0.03515625 0.033203125
0 0.685546875 0.6533203125 0.044921875 0.037109375
0 0.7646484375 0.5419921875 0.03515625 0.037109375
0 0.76953125 0.5595703125 0.0390625 0.0390625
0 0.7314453125 0.5302734375 0.02734375 0.041015625
0 0.732421875 0.5615234375 0.029296875 0.03515625
0 0.9306640625 0.6474609375 0.029296875 0.05078125
0 0.873046875 0.4775390625 0.03125 0.04296875
0 0.8876953125 0.2724609375 0.03125 0.044921875
0 0.859375 0.275390625 0.03125 0.044921875
0 0.966796875 0.3935546875 0.03515625 0.037109375
0 0.703125 0.318359375 0.02734375 0.044921875
0 0.6650390625 0.3203125 0.0234375 0.044921875
0 0.3798828125 0.681640625 0.0390625 0.05859375
0 0.4443359375 0.66796875 0.037109375 0.04296875
0 0.380859375 0.8251953125 0.05078125 0.0625
0 0.3125 0.8466796875 0.046875 0.046875
0 0.169921875 0.853515625 0.03125 0.044921875
0 0.1875 0.7333984375 0.03515625 0.04296875
0 0.2021484375 0.5185546875 0.037109375 0.048828125
0 0.2177734375 0.3994140625 0.0234375 0.048828125
0 0.16796875 0.3193359375 0.0390625 0.048828125
0 0.0888671875 0.43359375 0.037109375 0.037109375
0 0.0576171875 0.6572265625 0.044921875 0.064453125
0 0.5712890625 0.6220703125 0.021484375 0.037109375
0 0.5390625 0.6171875 0.0234375 0.03515625
0 0.60546875 0.611328125 0.029296875 0.037109375
0 0.470703125 0.1845703125 0.03125 0.044921875
0 0.134765625 0.19921875 0.0390625 0.0390625
0 0.408203125 0.55859375 0.03125 0.048828125
0 0.5380859375 0.828125 0.033203125 0.03515625
0 0.267578125 0.7138671875 0.0390625 0.037109375
0 0.2705078125 0.6337890625 0.02734375 0.04296875
0 0.298828125 0.60546875 0.03515625 0.04296875