0 0.5068359375 0.4521484375 0.04296875 0.048828125
0 0.4697265625 0.5947265625 0.037109375 0.044921875
0 0.3583984375 0.5712890625 0.044921875 0.052734375
0 0.39453125 0.4345703125 0.041015625 0.052734375
0 0.392578125 0.8720703125 0.037109375 0.0390625
0 0.4130859375 0.9814453125 0.03515625 0.02734375
0 0.560546875 0.1533203125 0.04296875 0.04296875
0 0.5556640625 0.20703125 0.03125 0.037109375
0 0.6025390625 0.1591796875 0.041015625 0.04296875
0 0.49609375 0.146484375 0.033203125 0.0390625
0 0.447265625 0.1396484375 0.03515625 0.03515625
0 0.5283203125 0.05859375 0.037109375 0.0390625
0 0.7001953125 0.185546875 0.03515625 0.041015625
0 0.671875 0.18359375 0.033203125 0.03515625