1 0.369140625 0.4384765625 0.04296875 0.048828125
1 0.384765625 0.53515625 0.05078125 0.107421875
1 0.431640625 0.4873046875 0.046875 0.037109375
1 0.4345703125 0.5517578125 0.0546875 0.07421875
1 0.462890625 0.4560546875 0.017578125 0.044921875
1 0.484375 0.4873046875 0.01953125 0.01953125
1 0.494140625 0.4609375 0.015625 0.033203125
1 0.4775390625 0.513671875 0.037109375 0.01953125
1 0.47265625 0.5556640625 0.017578125 0.04296875
1 0.505859375 0.5400390625 0.01953125 0.080078125
1 0.5234375 0.474609375 0.0234375 0.060546875
1 0.5400390625 0.5419921875 0.048828125 0.05859375
1 0.5791015625 0.4794921875 0.044921875 0.119140625
1 0.513671875 0.3818359375 0.033203125 0.0625
1 0.470703125 0.37890625 0.044921875 0.0625
1 0.4326171875 0.3876953125 0.033203125 0.0546875