1 0.6201171875 0.3798828125 0.044921875 0.048828125
1 0.619140625 0.474609375 0.0546875 0.103515625
1 0.5634765625 0.439453125 0.044921875 0.033203125
1 0.568359375 0.490234375 0.046875 0.068359375
1 0.51953125 0.4677734375 0.037109375 0.021484375
1 0.5322265625 0.5068359375 0.01953125 0.044921875
1 0.513671875 0.4384765625 0.017578125 0.01171875
1 0.4970703125 0.4150390625 0.017578125 0.03515625
1 0.4970703125 0.4951171875 0.015625 0.072265625
1 0.4697265625 0.4296875 0.029296875 0.064453125
1 0.47265625 0.5029296875 0.02734375 0.046875
1 0.447265625 0.50390625 0.015625 0.052734375
1 0.4169921875 0.4423828125 0.03515625 0.123046875
1 0.4697265625 0.357421875 0.033203125 0.021484375
1 0.53125 0.4072265625 0.021484375 0.044921875