1 0.3740234375 0.4208984375 0.044921875 0.05078125
1 0.380859375 0.5087890625 0.048828125 0.103515625
1 0.4345703125 0.46875 0.041015625 0.033203125
1 0.43359375 0.525390625 0.046875 0.06640625
1 0.3916015625 0.3427734375 0.015625 0.025390625
1 0.435546875 0.36328125 0.03125 0.068359375
1 0.4775390625 0.361328125 0.0390625 0.048828125
1 0.5185546875 0.3642578125 0.03515625 0.060546875
1 0.46484375 0.4375 0.021484375 0.04296875
1 0.484375 0.4716796875 0.013671875 0.015625
1 0.484375 0.4951171875 0.04296875 0.029296875
1 0.4697265625 0.5361328125 0.015625 0.04296875
1 0.5302734375 0.5263671875 0.068359375 0.033203125
1 0.5234375 0.4501953125 0.025390625 0.064453125
1 0.4951171875 0.4384765625 0.015625 0.033203125
1 0.58203125 0.4638671875 0.037109375 0.126953125