0 0.5205078125 0.2724609375 0.025390625 0.021484375
0 0.5107421875 0.251953125 0.0234375 0.01953125
0 0.4892578125 0.2705078125 0.025390625 0.021484375
0 0.650390625 0.23828125 0.017578125 0.015625
0 0.6953125 0.2529296875 0.03125 0.02734375
0 0.6962890625 0.2333984375 0.021484375 0.01953125
0 0.78125 0.2021484375 0.0234375 0.01953125
0 0.7880859375 0.216796875 0.021484375 0.021484375
0 0.8017578125 0.2685546875 0.025390625 0.025390625
0 0.7822265625 0.2685546875 0.021484375 0.01953125
0 0.7451171875 0.2109375 0.017578125 0.015625
0 0.6796875 0.2822265625 0.0234375 0.01953125
0 0.6669921875 0.3056640625 0.037109375 0.02734375
0 0.3203125 0.552734375 0.03125 0.0234375
0 0.3505859375 0.54296875 0.021484375 0.015625
0 0.3330078125 0.521484375 0.021484375 0.01953125
0 0.3251953125 0.5087890625 0.02734375 0.01953125
0 0.2978515625 0.5234375 0.0234375 0.017578125
0 0.2431640625 0.552734375 0.015625 0.015625
0 0.294921875 0.5078125 0.01953125 0.013671875
0 0.279296875 0.5009765625 0.01953125 0.015625
0 0.2734375 0.48046875 0.0234375 0.01953125
0 0.296875 0.4755859375 0.021484375 0.01953125
0 0.3154296875 0.4873046875 0.0234375 0.01953125
0 0.3203125 0.4716796875 0.01953125 0.021484375
0 0.203125 0.515625 0.015625 0.015625
0 0.208984375 0.58984375 0.013671875 0.013671875
0 0.23046875 0.5771484375 0.02734375 0.01953125
0 0.20703125 0.5546875 0.01953125 0.021484375
0 0.22265625 0.529296875 0.03125 0.0234375
0 0.185546875 0.529296875 0.021484375 0.017578125
0 0.5654296875 0.2626953125 0.02734375 0.025390625
0 0.546875 0.2529296875 0.025390625 0.02734375
0 0.505859375 0.23046875 0.025390625 0.021484375