0 0.3974609375 0.0439453125 0.029296875 0.025390625
0 0.4375 0.04296875 0.02734375 0.02734375
0 0.4140625 0.0263671875 0.0234375 0.02734375
0 0.46484375 0.0478515625 0.0390625 0.037109375
0 0.4736328125 0.0859375 0.021484375 0.03125
0 0.4228515625 0.0771484375 0.03515625 0.03125
0 0.421875 0.1513671875 0.025390625 0.029296875
0 0.4296875 0.1806640625 0.025390625 0.029296875
0 0.3740234375 0.185546875 0.03125 0.025390625
0 0.3779296875 0.24609375 0.029296875 0.029296875
0 0.3876953125 0.3095703125 0.017578125 0.015625
0 0.3955078125 0.3447265625 0.021484375 0.0234375
0 0.4443359375 0.310546875 0.029296875 0.02734375
0 0.435546875 0.2431640625 0.021484375 0.0234375
0 0.4794921875 0.19140625 0.0234375 0.03515625
0 0.513671875 0.19921875 0.025390625 0.037109375
0 0.5224609375 0.2841796875 0.025390625 0.029296875
0 0.4873046875 0.2998046875 0.0234375 0.02734375
0 0.5302734375 0.357421875 0.025390625 0.029296875
0 0.4970703125 0.388671875 0.029296875 0.025390625
0 0.462890625 0.3974609375 0.03125 0.025390625
0 0.4541015625 0.3603515625 0.025390625 0.03125
0 0.392578125 0.408203125 0.0234375 0.033203125
0 0.4013671875 0.4365234375 0.0234375 0.021484375
0 0.408203125 0.4765625 0.017578125 0.02734375
0 0.373046875 0.4853515625 0.025390625 0.029296875
0 0.396484375 0.5361328125 0.021484375 0.0234375
0 0.4208984375 0.5146484375 0.025390625 0.029296875
0 0.447265625 0.5732421875 0.021484375 0.0234375
0 0.4580078125 0.541015625 0.02734375 0.025390625
0 0.4677734375 0.5078125 0.0234375 0.03125
0 0.486328125 0.5224609375 0.0234375 0.02734375
0 0.50390625 0.53515625 0.025390625 0.029296875
0 0.5361328125 0.5126953125 0.025390625 0.03125
0 0.509765625 0.4765625 0.021484375 0.025390625
0 0.4912109375 0.439453125 0.021484375 0.021484375
0 0.46484375 0.447265625 0.025390625 0.029296875
0 0.44140625 0.44921875 0.03125 0.03515625
0 0.564453125 0.4150390625 0.025390625 0.029296875
0 0.603515625 0.427734375 0.025390625 0.029296875
0 0.55859375 0.3212890625 0.025390625 0.03125
0 0.599609375 0.341796875 0.0234375 0.03125
0 0.6357421875 0.3203125 0.03125 0.029296875
0 0.650390625 0.3837890625 0.03515625 0.044921875
0 0.6259765625 0.220703125 0.029296875 0.029296875
0 0.58984375 0.2490234375 0.037109375 0.037109375
0 0.55078125 0.1943359375 0.025390625 0.029296875
0 0.5732421875 0.1279296875 0.025390625 0.03125
0 0.609375 0.1220703125 0.025390625 0.03125
0 0.42578125 0.58984375 0.021484375 0.021484375
0 0.4296875 0.6474609375 0.0234375 0.021484375
0 0.43359375 0.6943359375 0.01953125 0.021484375
0 0.4365234375 0.7177734375 0.025390625 0.025390625
0 0.4365234375 0.7666015625 0.01953125 0.0234375
0 0.46484375 0.716796875 0.025390625 0.033203125
0 0.484375 0.7177734375 0.01953125 0.0234375
0 0.498046875 0.7041015625 0.015625 0.0234375
0 0.462890625 0.66796875 0.01953125 0.0234375
0 0.4638671875 0.6435546875 0.025390625 0.025390625
0 0.4677734375 0.6240234375 0.01953125 0.03125
0 0.4814453125 0.6533203125 0.021484375 0.0234375
0 0.4990234375 0.63671875 0.015625 0.0234375
0 0.509765625 0.6591796875 0.021484375 0.025390625
0 0.5234375 0.65625 0.017578125 0.025390625
0 0.51171875 0.73828125 0.025390625 0.03125
0 0.525390625 0.7216796875 0.025390625 0.029296875
0 0.5126953125 0.7861328125 0.02734375 0.025390625
0 0.5126953125 0.59765625 0.021484375 0.021484375
0 0.52734375 0.6044921875 0.021484375 0.021484375
0 0.544921875 0.58984375 0.021484375 0.0234375