1 0.6318359375 0.40625 0.048828125 0.044921875
1 0.619140625 0.498046875 0.052734375 0.1015625
1 0.5693359375 0.4541015625 0.04296875 0.03515625
1 0.5673828125 0.5068359375 0.05078125 0.078125
1 0.5205078125 0.4501953125 0.021484375 0.013671875
1 0.52734375 0.4755859375 0.033203125 0.0234375
1 0.5302734375 0.515625 0.01953125 0.046875
1 0.498046875 0.5 0.01953125 0.072265625
1 0.5078125 0.4208984375 0.021484375 0.046875
1 0.541015625 0.421875 0.021484375 0.0390625
1 0.4755859375 0.462890625 0.037109375 0.125
1 0.4462890625 0.5048828125 0.017578125 0.04296875
1 0.4248046875 0.4453125 0.044921875 0.1328125
1 0.4892578125 0.349609375 0.03125 0.037109375
1 0.5302734375 0.353515625 0.0390625 0.03515625
1 0.5703125 0.361328125 0.02734375 0.03125