0 0.830078125 0.5546875 0.052734375 0.056640625
0 0.779296875 0.703125 0.03515625 0.072265625
0 0.6806640625 0.6328125 0.037109375 0.078125
1 0.7626953125 0.5576171875 0.07421875 0.052734375
0 0.708984375 0.58203125 0.01953125 0.03515625
0 0.666015625 0.552734375 0.01953125 0.03125
0 0.6328125 0.5595703125 0.029296875 0.05078125
0 0.6357421875 0.6552734375 0.017578125 0.01953125
0 0.1962890625 0.4873046875 0.013671875 0.03515625
0 0.205078125 0.4404296875 0.025390625 0.037109375
0 0.3095703125 0.4541015625 0.103515625 0.0859375
0 0.21875 0.5576171875 0.0234375 0.037109375
0 0.1572265625 0.5009765625 0.013671875 0.029296875
0 0.169921875 0.46484375 0.013671875 0.02734375
0 0.173828125 0.416015625 0.01953125 0.025390625
0 0.138671875 0.453125 0.015625 0.03125