0 0.8203125 0.6162109375 0.0390625 0.048828125
0 0.8828125 0.6162109375 0.033203125 0.03515625
0 0.919921875 0.60546875 0.044921875 0.048828125
0 0.83203125 0.484375 0.037109375 0.041015625
0 0.7216796875 0.58203125 0.037109375 0.05078125
0 0.6865234375 0.568359375 0.033203125 0.048828125
0 0.65625 0.5625 0.044921875 0.068359375
0 0.6201171875 0.5556640625 0.037109375 0.0546875
0 0.5888671875 0.544921875 0.044921875 0.0546875
0 0.552734375 0.4931640625 0.037109375 0.048828125
0 0.52734375 0.4833984375 0.04296875 0.046875
0 0.8310546875 0.3427734375 0.041015625 0.048828125
0 0.8720703125 0.345703125 0.033203125 0.04296875
0 0.8310546875 0.75 0.033203125 0.048828125