0 0.443359375 0.4599609375 0.046875 0.04296875
0 0.21484375 0.46875 0.0390625 0.0390625
0 0.1884765625 0.4990234375 0.0390625 0.037109375
0 0.1123046875 0.5146484375 0.029296875 0.02734375
0 0.216796875 0.625 0.033203125 0.0390625
0 0.3876953125 0.541015625 0.044921875 0.044921875
0 0.564453125 0.6064453125 0.041015625 0.037109375
0 0.3955078125 0.583984375 0.04296875 0.0390625
0 0.4033203125 0.6220703125 0.03125 0.037109375
0 0.375 0.62890625 0.033203125 0.033203125
0 0.443359375 0.5283203125 0.041015625 0.044921875
0 0.40625 0.6826171875 0.048828125 0.0390625