0 0.6123046875 0.666015625 0.046875 0.037109375
0 0.5849609375 0.6171875 0.044921875 0.05078125
0 0.517578125 0.52734375 0.02734375 0.021484375
0 0.5458984375 0.6005859375 0.02734375 0.029296875
0 0.5224609375 0.701171875 0.03515625 0.021484375
0 0.357421875 0.6904296875 0.0234375 0.0234375
0 0.35546875 0.669921875 0.02734375 0.03125
0 0.529296875 0.787109375 0.052734375 0.037109375
0 0.4990234375 0.7626953125 0.0390625 0.021484375
0 0.453125 0.7763671875 0.03125 0.03515625
0 0.462890625 0.837890625 0.03515625 0.029296875
0 0.3251953125 0.7919921875 0.01953125 0.029296875
0 0.302734375 0.7900390625 0.03125 0.025390625
0 0.4619140625 0.916015625 0.03515625 0.03515625
0 0.384765625 0.82421875 0.02734375 0.02734375
0 0.4326171875 0.8291015625 0.025390625 0.029296875
0 0.5810546875 0.875 0.037109375 0.025390625
0 0.5712890625 0.908203125 0.01953125 0.0234375
0 0.544921875 0.861328125 0.02734375 0.029296875
0 0.623046875 0.931640625 0.03515625 0.037109375
0 0.6357421875 0.974609375 0.03125 0.03125
0 0.6787109375 0.7861328125 0.037109375 0.033203125
0 0.666015625 0.7001953125 0.044921875 0.037109375
0 0.630859375 0.5556640625 0.03515625 0.04296875
0 0.4228515625 0.853515625 0.041015625 0.04296875