0 0.603515625 0.59375 0.052734375 0.0390625
0 0.6240234375 0.53125 0.04296875 0.029296875
0 0.541015625 0.521484375 0.044921875 0.033203125
0 0.5654296875 0.4853515625 0.0390625 0.02734375
0 0.6025390625 0.443359375 0.041015625 0.03125
0 0.7041015625 0.4189453125 0.03515625 0.0234375
0 0.671875 0.33984375 0.03515625 0.025390625
0 0.556640625 0.3037109375 0.0625 0.0390625
0 0.4326171875 0.349609375 0.048828125 0.033203125
0 0.5263671875 0.4228515625 0.03515625 0.025390625
0 0.5634765625 0.2353515625 0.0390625 0.033203125
0 0.291015625 0.3134765625 0.041015625 0.0234375
0 0.173828125 0.2646484375 0.041015625 0.033203125
0 0.16015625 0.2490234375 0.029296875 0.025390625
0 0.166015625 0.22265625 0.029296875 0.025390625
0 0.251953125 0.2041015625 0.03515625 0.0234375
0 0.265625 0.248046875 0.037109375 0.03125
0 0.3984375 0.22265625 0.0546875 0.03515625
0 0.5126953125 0.24609375 0.03125 0.0234375
0 0.5283203125 0.185546875 0.033203125 0.0234375
0 0.607421875 0.181640625 0.037109375 0.025390625
0 0.6435546875 0.1435546875 0.041015625 0.03125
0 0.587890625 0.14453125 0.041015625 0.025390625
0 0.5498046875 0.1337890625 0.03125 0.0234375
0 0.5458984375 0.1123046875 0.02734375 0.01953125
0 0.580078125 0.0859375 0.03515625 0.021484375
0 0.66015625 0.0517578125 0.03515625 0.0234375
0 0.6875 0.0673828125 0.037109375 0.025390625
0 0.6474609375 0.244140625 0.03515625 0.0234375