1 0.66015625 0.484375 0.01953125 0.0234375
1 0.630859375 0.5712890625 0.05078125 0.12890625
1 0.6103515625 0.52734375 0.044921875 0.05078125
1 0.595703125 0.578125 0.044921875 0.05078125
1 0.56640625 0.51171875 0.052734375 0.064453125
1 0.548828125 0.568359375 0.048828125 0.052734375
1 0.5205078125 0.4990234375 0.044921875 0.048828125
1 0.5068359375 0.55078125 0.046875 0.0625
1 0.4853515625 0.4765625 0.03125 0.037109375
1 0.4658203125 0.5283203125 0.02734375 0.03125
1 0.583984375 0.4296875 0.05078125 0.0546875