0 0.43359375 0.8642578125 0.037109375 0.02734375
0 0.44921875 0.7958984375 0.03125 0.02734375
0 0.4482421875 0.720703125 0.03515625 0.029296875
0 0.453125 0.6796875 0.03515625 0.01953125
0 0.4873046875 0.6474609375 0.03125 0.02734375
0 0.498046875 0.673828125 0.0390625 0.02734375
0 0.5 0.705078125 0.041015625 0.02734375
0 0.5107421875 0.736328125 0.029296875 0.021484375
0 0.58203125 0.693359375 0.044921875 0.02734375
0 0.5693359375 0.6650390625 0.046875 0.02734375
0 0.6298828125 0.7919921875 0.046875 0.02734375
0 0.525390625 0.796875 0.03125 0.02734375
0 0.4775390625 0.7880859375 0.029296875 0.021484375
0 0.48828125 0.8447265625 0.037109375 0.0234375
0 0.4892578125 0.9013671875 0.03515625 0.03125
0 0.5478515625 0.8916015625 0.05078125 0.0234375
0 0.53515625 0.8603515625 0.03125 0.01953125
0 0.529296875 0.8291015625 0.044921875 0.0234375
0 0.599609375 0.8349609375 0.037109375 0.025390625
0 0.60546875 0.8662109375 0.03515625 0.0234375
0 0.626953125 0.8818359375 0.046875 0.0234375
0 0.6240234375 0.90625 0.037109375 0.025390625
0 0.744140625 0.880859375 0.033203125 0.01953125
0 0.7275390625 0.837890625 0.04296875 0.0234375
0 0.716796875 0.8056640625 0.052734375 0.029296875
0 0.7119140625 0.7724609375 0.052734375 0.02734375
0 0.642578125 0.7119140625 0.03125 0.017578125
0 0.646484375 0.7578125 0.04296875 0.02734375
0 0.5791015625 0.765625 0.041015625 0.025390625
0 0.642578125 0.7109375 0.03125 0.0234375
0 0.701171875 0.73046875 0.029296875 0.02734375
0 0.6669921875 0.7578125 0.029296875 0.01953125
0 0.6982421875 0.693359375 0.037109375 0.02734375
0 0.6953125 0.66015625 0.029296875 0.025390625