1 0.375 0.427734375 0.041015625 0.046875
1 0.3828125 0.525390625 0.044921875 0.10546875
1 0.4326171875 0.4814453125 0.044921875 0.03515625
1 0.4296875 0.5458984375 0.05078125 0.072265625
1 0.466796875 0.4521484375 0.013671875 0.044921875
1 0.4853515625 0.486328125 0.017578125 0.017578125
1 0.498046875 0.4609375 0.013671875 0.033203125
1 0.4765625 0.51171875 0.03515625 0.017578125
1 0.4677734375 0.552734375 0.015625 0.04296875
1 0.501953125 0.5400390625 0.015625 0.080078125
1 0.525390625 0.4765625 0.021484375 0.060546875
1 0.5361328125 0.5458984375 0.046875 0.056640625
1 0.580078125 0.486328125 0.0390625 0.1171875
1 0.5234375 0.3828125 0.03125 0.0625
1 0.4814453125 0.376953125 0.04296875 0.060546875
1 0.4423828125 0.3818359375 0.029296875 0.052734375