0 0.513671875 0.28125 0.021484375 0.015625
0 0.4755859375 0.3125 0.015625 0.015625
0 0.494140625 0.3251953125 0.01953125 0.01953125
0 0.4599609375 0.353515625 0.025390625 0.015625
0 0.4794921875 0.392578125 0.01953125 0.01953125
0 0.453125 0.396484375 0.01953125 0.013671875
0 0.447265625 0.4306640625 0.01953125 0.013671875
0 0.4267578125 0.416015625 0.013671875 0.015625
0 0.42578125 0.38671875 0.021484375 0.021484375
0 0.4580078125 0.3251953125 0.021484375 0.01953125
0 0.544921875 0.25 0.01953125 0.021484375
0 0.673828125 0.30078125 0.01953125 0.021484375