4 0.330145984375 0.67618326953125 0.29603737109375 0.839359361328125 0.340865162109375 0.849708671875 0.3764697578125 0.69162936328125 0.330145984375 0.67618326953125
4 0.15818818359375 0.622229458984375 0.12173778125 0.780113498046875 0.165025470703125 0.793274853515625 0.2036661484375 0.637480283203125 0.15818818359375 0.622229458984375
4 0.4451722890625 0.278280078125 0.490347224609375 0.28712573046875 0.524563232421875 0.135061052734375 0.478043830078125 0.124321201171875 0.4451722890625 0.278280078125
4 0.262458744140625 0.2091726875 0.30813233984375 0.219717267578125 0.34061261328125 0.075170876953125 0.295134650390625 0.0599200546875 0.262458744140625 0.2091726875
4 0.5764814140625 0.39253671875 0.666440021484375 0.419640509765625 0.680325888671875 0.35949420703125 0.593902025390625 0.336374083984375 0.5764814140625 0.39253671875
4 0.571772875 0.4167905078125 0.55847390625 0.46281808203125 0.64723955859375 0.491230259765625 0.65834825390625 0.44311321875 0.571772875 0.4167905078125
4 0.65571329296875 0.09565211328125 0.641372884765625 0.146190658203125 0.730984345703125 0.174798107421875 0.742547580078125 0.136288822265625 0.65571329296875 0.09565211328125
4 0.70259319921875 0.193584337890625 0.67333128515625 0.247013193359375 0.711544130859375 0.259002927734375 0.7264273203125 0.202254482421875 0.70259319921875 0.193584337890625
4 0.577568720703125 0.592346873046875 0.565071439453125 0.646478544921875 0.614279779296875 0.661006791015625 0.6289673359375 0.608964587890625 0.577568720703125 0.592346873046875
4 0.588924716796875 0.6820777578125 0.54417936328125 0.717677755859375 0.601498630859375 0.735662357421875 0.610915708984375 0.687154779296875 0.588924716796875 0.6820777578125
4 0.468904255859375 0.9125286796875 0.457145388671875 0.95574420703125 0.547602654296875 0.98454692578125 0.5626814765625 0.923092240234375 0.468904255859375 0.9125286796875
4 0.473070015625 0.894484791015625 0.563224255859375 0.916882337890625 0.571511658203125 0.888703388671875 0.479167142578125 0.864216369140625 0.473070015625 0.894484791015625