1 0.375 0.3955078125 0.04296875 0.0439453125
1 0.380859375 0.4892578125 0.0478515625 0.10546875
1 0.435546875 0.451171875 0.0400390625 0.0322265625
1 0.4326171875 0.5087890625 0.044921875 0.072265625
1 0.4677734375 0.419921875 0.0146484375 0.04296875
1 0.484375 0.451171875 0.0146484375 0.0185546875
1 0.4755859375 0.4765625 0.0302734375 0.0234375
1 0.46875 0.5166015625 0.013671875 0.0390625
1 0.5009765625 0.4248046875 0.0166015625 0.0458984375
1 0.5029296875 0.50390625 0.01953125 0.0703125
1 0.5283203125 0.4375 0.0244140625 0.0595703125
1 0.529296875 0.5126953125 0.0283203125 0.046875
1 0.55078125 0.51171875 0.017578125 0.044921875
1 0.5810546875 0.4482421875 0.037109375 0.1181640625
1 0.5234375 0.349609375 0.0341796875 0.0498046875
1 0.4814453125 0.3515625 0.0361328125 0.041015625
1 0.435546875 0.345703125 0.0283203125 0.046875