1 0.619140625 0.40625 0.046875 0.0546875
1 0.6201171875 0.49609375 0.052734375 0.09765625
1 0.5625 0.4609375 0.037109375 0.03125
1 0.5673828125 0.5234375 0.052734375 0.080078125
1 0.5302734375 0.4296875 0.013671875 0.044921875
1 0.498046875 0.439453125 0.017578125 0.037109375
1 0.5166015625 0.4658203125 0.01953125 0.017578125
1 0.5244140625 0.4921875 0.029296875 0.01953125
1 0.533203125 0.529296875 0.017578125 0.037109375
1 0.4990234375 0.521484375 0.017578125 0.08203125
1 0.4716796875 0.455078125 0.025390625 0.064453125
1 0.462890625 0.5263671875 0.05078125 0.046875
1 0.416015625 0.4677734375 0.041015625 0.12109375
1 0.4697265625 0.36328125 0.037109375 0.056640625
1 0.5107421875 0.357421875 0.037109375 0.052734375
1 0.5537109375 0.3603515625 0.025390625 0.048828125