1 0.396484375 0.3955078125 0.048828125 0.0546875
1 0.3798828125 0.4892578125 0.068359375 0.10546875
1 0.427734375 0.5009765625 0.06640625 0.115234375
1 0.4775390625 0.4404296875 0.025390625 0.04296875
1 0.4892578125 0.4765625 0.025390625 0.021484375
1 0.4775390625 0.498046875 0.03515625 0.0234375
1 0.4599609375 0.5322265625 0.025390625 0.046875
1 0.5107421875 0.4443359375 0.02734375 0.041015625
1 0.4951171875 0.529296875 0.029296875 0.072265625
1 0.5341796875 0.46875 0.033203125 0.0625
1 0.5302734375 0.5439453125 0.0546875 0.0546875
1 0.5869140625 0.4921875 0.064453125 0.130859375
1 0.5517578125 0.3818359375 0.04296875 0.060546875
1 0.5107421875 0.373046875 0.048828125 0.056640625
1 0.4697265625 0.359375 0.03515625 0.0546875