1 0.3740234375 0.3974609375 0.04296875 0.0439453125
1 0.380859375 0.4814453125 0.0439453125 0.09765625
1 0.4306640625 0.447265625 0.0498046875 0.03125
1 0.431640625 0.5029296875 0.0478515625 0.0673828125
1 0.484375 0.44921875 0.0185546875 0.0185546875
1 0.4755859375 0.4736328125 0.0283203125 0.0146484375
1 0.4697265625 0.5107421875 0.01171875 0.0390625
1 0.4990234375 0.421875 0.013671875 0.0361328125
1 0.5029296875 0.494140625 0.01953125 0.0634765625
1 0.5244140625 0.431640625 0.0244140625 0.0634765625
1 0.529296875 0.5029296875 0.0234375 0.060546875
1 0.552734375 0.50390625 0.0205078125 0.0546875
1 0.578125 0.4423828125 0.0302734375 0.111328125
1 0.587890625 0.5126953125 0.0126953125 0.009765625
1 0.5244140625 0.349609375 0.029296875 0.0419921875
1 0.48046875 0.341796875 0.0341796875 0.0185546875
1 0.44140625 0.3525390625 0.025390625 0.033203125
1 0.466796875 0.416015625 0.01953125 0.0419921875