1 0.373046875 0.392578125 0.0419921875 0.044921875
1 0.380859375 0.486328125 0.0439453125 0.0966796875
1 0.4345703125 0.4443359375 0.0419921875 0.029296875
1 0.4306640625 0.5009765625 0.048828125 0.068359375
1 0.4833984375 0.4462890625 0.01953125 0.021484375
1 0.4775390625 0.4736328125 0.03125 0.0224609375
1 0.4697265625 0.5126953125 0.017578125 0.033203125
1 0.46484375 0.4189453125 0.0146484375 0.0419921875
1 0.4990234375 0.4189453125 0.0166015625 0.0439453125
1 0.5048828125 0.4951171875 0.0146484375 0.0693359375
1 0.5263671875 0.43359375 0.0244140625 0.0615234375
1 0.52734375 0.5029296875 0.025390625 0.0400390625
1 0.552734375 0.5048828125 0.0185546875 0.044921875
1 0.580078125 0.4453125 0.0341796875 0.1142578125
1 0.521484375 0.353515625 0.03125 0.02734375
1 0.4833984375 0.3505859375 0.029296875 0.0341796875
1 0.4423828125 0.3544921875 0.0224609375 0.01953125
1 0.5205078125 0.326171875 0.0185546875 0.0087890625
1 0.5908203125 0.51171875 0.017578125 0.0107421875