1 0.3779296875 0.50390625 0.091796875 0.1796875
1 0.4287109375 0.482421875 0.048828125 0.046875
1 0.4404296875 0.544921875 0.0625 0.083984375
1 0.4521484375 0.4501953125 0.02734375 0.044921875
1 0.4794921875 0.4755859375 0.021484375 0.013671875
1 0.484375 0.443359375 0.0234375 0.041015625
1 0.4775390625 0.501953125 0.033203125 0.03125
1 0.4794921875 0.546875 0.025390625 0.041015625
1 0.509765625 0.5244140625 0.03125 0.078125
1 0.515625 0.44921875 0.033203125 0.0625
1 0.544921875 0.5166015625 0.05859375 0.064453125
1 0.5703125 0.4521484375 0.064453125 0.12109375
1 0.490234375 0.3671875 0.044921875 0.0546875
1 0.447265625 0.375 0.048828125 0.05859375
1 0.4091796875 0.384765625 0.0390625 0.05859375