1 0.626953125 0.3994140625 0.041015625 0.046875
1 0.6201171875 0.490234375 0.05078125 0.1015625
1 0.5673828125 0.451171875 0.041015625 0.03515625
1 0.5693359375 0.5078125 0.05078125 0.072265625
1 0.53515625 0.4189453125 0.017578125 0.037109375
1 0.517578125 0.451171875 0.021484375 0.015625
1 0.5224609375 0.4775390625 0.029296875 0.021484375
1 0.5302734375 0.5185546875 0.015625 0.037109375
1 0.501953125 0.4228515625 0.015625 0.0390625
1 0.49609375 0.5009765625 0.017578125 0.072265625
1 0.474609375 0.439453125 0.02734375 0.064453125
1 0.470703125 0.5078125 0.025390625 0.052734375
1 0.44921875 0.5087890625 0.017578125 0.0546875
1 0.4208984375 0.4462890625 0.0390625 0.115234375
1 0.478515625 0.3486328125 0.033203125 0.0546875
1 0.5224609375 0.3564453125 0.04296875 0.03515625
1 0.5625 0.3525390625 0.025390625 0.044921875