0 0.67578125 0.3779296875 0.048828125 0.048828125
0 0.7578125 0.408203125 0.0625 0.0625
0 0.8154296875 0.4013671875 0.064453125 0.0625
0 0.8779296875 0.3291015625 0.048828125 0.0546875
0 0.9228515625 0.2900390625 0.05078125 0.041015625
0 0.6875 0.3056640625 0.048828125 0.048828125
0 0.802734375 0.5205078125 0.046875 0.048828125
0 0.8408203125 0.525390625 0.052734375 0.056640625
0 0.9072265625 0.5341796875 0.064453125 0.05078125
0 0.880859375 0.4755859375 0.044921875 0.041015625
0 0.9638671875 0.5654296875 0.05078125 0.04296875
0 0.89453125 0.5966796875 0.056640625 0.052734375
0 0.55078125 0.40625 0.0390625 0.044921875