1 0.3779296875 0.4013671875 0.048828125 0.0458984375
1 0.3798828125 0.4931640625 0.048828125 0.103515625
1 0.4345703125 0.455078125 0.041015625 0.029296875
1 0.431640625 0.51171875 0.0458984375 0.072265625
1 0.4658203125 0.4248046875 0.0205078125 0.044921875
1 0.4990234375 0.4326171875 0.0166015625 0.0537109375
1 0.5263671875 0.44140625 0.0244140625 0.064453125
1 0.5390625 0.5107421875 0.046875 0.05078125
1 0.5810546875 0.45703125 0.0380859375 0.1123046875
1 0.5029296875 0.50390625 0.0185546875 0.0732421875
1 0.4794921875 0.482421875 0.037109375 0.0185546875
1 0.4697265625 0.5205078125 0.015625 0.0400390625
1 0.5244140625 0.3544921875 0.033203125 0.0546875
1 0.478515625 0.349609375 0.044921875 0.04296875
1 0.4384765625 0.3544921875 0.0244140625 0.052734375
1 0.3994140625 0.3310546875 0.0302734375 0.0185546875