1 0.3515625 0.4169921875 0.046875 0.05078125
1 0.37890625 0.50390625 0.064453125 0.10546875
1 0.423828125 0.455078125 0.044921875 0.03515625
1 0.431640625 0.5087890625 0.0546875 0.068359375
1 0.470703125 0.470703125 0.0390625 0.0234375
1 0.4697265625 0.513671875 0.025390625 0.048828125
1 0.48046875 0.421875 0.029296875 0.06640625
1 0.501953125 0.490234375 0.03125 0.060546875
1 0.5107421875 0.4248046875 0.029296875 0.0546875
1 0.5361328125 0.4921875 0.052734375 0.048828125
1 0.564453125 0.4267578125 0.060546875 0.12109375
1 0.4912109375 0.3564453125 0.029296875 0.017578125
1 0.447265625 0.421875 0.025390625 0.046875