0 0.2314453125 0.55078125 0.025390625 0.033203125
0 0.2060546875 0.37890625 0.01953125 0.03125
0 0.291015625 0.5703125 0.0234375 0.029296875
0 0.3134765625 0.56640625 0.0234375 0.0234375
0 0.3193359375 0.5439453125 0.025390625 0.03125
0 0.2958984375 0.4482421875 0.021484375 0.021484375
0 0.349609375 0.4345703125 0.017578125 0.02734375
0 0.3671875 0.474609375 0.021484375 0.029296875
0 0.3828125 0.47265625 0.015625 0.025390625
0 0.4306640625 0.4345703125 0.01953125 0.0234375
0 0.490234375 0.4853515625 0.01953125 0.025390625
0 0.513671875 0.529296875 0.01953125 0.03125
0 0.5361328125 0.44140625 0.0234375 0.02734375
0 0.5693359375 0.48828125 0.01953125 0.025390625
0 0.5908203125 0.4833984375 0.0234375 0.029296875
0 0.6201171875 0.42578125 0.0234375 0.025390625
0 0.65625 0.3759765625 0.017578125 0.02734375