0 0.3564453125 0.94140625 0.0390625 0.033203125
0 0.515625 0.9306640625 0.052734375 0.03515625
0 0.734375 0.8173828125 0.052734375 0.044921875
0 0.6025390625 0.798828125 0.068359375 0.048828125
0 0.4423828125 0.8486328125 0.060546875 0.041015625
0 0.291015625 0.8671875 0.060546875 0.041015625
0 0.3154296875 0.7734375 0.05859375 0.04296875
0 0.2236328125 0.77734375 0.0625 0.046875
0 0.22265625 0.6943359375 0.056640625 0.037109375
0 0.2294921875 0.666015625 0.041015625 0.03125
0 0.1787109375 0.685546875 0.052734375 0.04296875
0 0.2509765625 0.58203125 0.05078125 0.041015625
0 0.40234375 0.6318359375 0.078125 0.044921875
0 0.4111328125 0.7509765625 0.0546875 0.044921875
0 0.509765625 0.6962890625 0.076171875 0.064453125
0 0.568359375 0.666015625 0.068359375 0.05859375
0 0.76171875 0.6708984375 0.0546875 0.044921875
0 0.857421875 0.6875 0.05859375 0.048828125
0 0.8330078125 0.611328125 0.0625 0.052734375
0 0.80078125 0.4755859375 0.0703125 0.04296875
0 0.69140625 0.4404296875 0.060546875 0.0546875
0 0.6826171875 0.5791015625 0.056640625 0.0390625
0 0.5625 0.533203125 0.060546875 0.046875
0 0.5703125 0.4150390625 0.056640625 0.048828125
0 0.4580078125 0.484375 0.07421875 0.044921875
0 0.267578125 0.4365234375 0.068359375 0.046875
0 0.2099609375 0.46484375 0.05078125 0.03515625
0 0.1103515625 0.5009765625 0.076171875 0.041015625
0 0.052734375 0.48828125 0.0625 0.04296875
0 0.130859375 0.373046875 0.044921875 0.041015625
0 0.197265625 0.33203125 0.05078125 0.048828125
0 0.4111328125 0.2626953125 0.068359375 0.044921875
0 0.7216796875 0.2607421875 0.06640625 0.041015625
0 0.7939453125 0.3154296875 0.041015625 0.037109375
0 0.8095703125 0.275390625 0.046875 0.041015625
0 0.859375 0.328125 0.04296875 0.041015625
0 0.912109375 0.4423828125 0.04296875 0.04296875
0 0.947265625 0.576171875 0.0390625 0.041015625
0 0.8427734375 0.5576171875 0.04296875 0.044921875
0 0.8701171875 0.787109375 0.0625 0.05078125
0 0.4013671875 0.177734375 0.0546875 0.056640625
0 0.525390625 0.1513671875 0.046875 0.0390625
0 0.57421875 0.23046875 0.05859375 0.046875
0 0.638671875 0.1552734375 0.060546875 0.03515625
0 0.7666015625 0.1337890625 0.0390625 0.0390625
0 0.728515625 0.208984375 0.046875 0.041015625
0 0.2900390625 0.0859375 0.06640625 0.048828125
0 0.2705078125 0.2001953125 0.0546875 0.04296875
0 0.2138671875 0.2138671875 0.06640625 0.0546875
0 0.1171875 0.15625 0.064453125 0.046875
0 0.51953125 0.06640625 0.052734375 0.03515625
0 0.6083984375 0.07421875 0.046875 0.04296875
0 0.4873046875 0.0400390625 0.056640625 0.0390625
0 0.1171875 0.236328125 0.04296875 0.0390625