0 0.591796875 0.8583984375 0.037109375 0.02734375
0 0.5712890625 0.7919921875 0.03125 0.02734375
0 0.5673828125 0.716796875 0.03515625 0.029296875
0 0.55859375 0.67578125 0.03515625 0.01953125
0 0.5224609375 0.6455078125 0.03125 0.02734375
0 0.513671875 0.673828125 0.0390625 0.02734375
0 0.513671875 0.705078125 0.041015625 0.02734375
0 0.5048828125 0.736328125 0.029296875 0.021484375
0 0.431640625 0.69921875 0.044921875 0.02734375
0 0.4423828125 0.6689453125 0.046875 0.02734375
0 0.390625 0.7998046875 0.046875 0.02734375
0 0.49609375 0.7978515625 0.03125 0.02734375
0 0.5419921875 0.7861328125 0.029296875 0.021484375
0 0.53515625 0.8427734375 0.037109375 0.0234375
0 0.5380859375 0.8994140625 0.03515625 0.03125
0 0.4794921875 0.8935546875 0.05078125 0.0234375
0 0.490234375 0.8623046875 0.03125 0.01953125
0 0.494140625 0.830078125 0.044921875 0.0234375
0 0.423828125 0.8408203125 0.037109375 0.025390625
0 0.419921875 0.873046875 0.03515625 0.0234375
0 0.400390625 0.8896484375 0.046875 0.0234375
0 0.4052734375 0.9140625 0.037109375 0.025390625
0 0.283203125 0.896484375 0.033203125 0.01953125
0 0.2958984375 0.8525390625 0.04296875 0.0234375
0 0.3046875 0.8203125 0.052734375 0.029296875
0 0.3076171875 0.7861328125 0.052734375 0.02734375
0 0.373046875 0.7216796875 0.03125 0.017578125
0 0.37109375 0.767578125 0.04296875 0.02734375
0 0.4404296875 0.7705078125 0.041015625 0.025390625
0 0.373046875 0.720703125 0.03125 0.0234375
0 0.3154296875 0.744140625 0.029296875 0.02734375
0 0.3515625 0.7685546875 0.029296875 0.01953125
0 0.3154296875 0.70703125 0.037109375 0.02734375
0 0.31640625 0.673828125 0.029296875 0.025390625