1 0.615234375 0.3671875 0.05078125 0.048828125
1 0.619140625 0.46484375 0.048828125 0.099609375
1 0.5673828125 0.46875 0.052734375 0.12109375
1 0.5283203125 0.3935546875 0.021484375 0.04296875
1 0.5205078125 0.48046875 0.03515625 0.0703125
1 0.5126953125 0.4287109375 0.01953125 0.013671875
1 0.4970703125 0.451171875 0.021484375 0.13671875
1 0.4697265625 0.41796875 0.03125 0.064453125
1 0.4736328125 0.48828125 0.02734375 0.046875
1 0.4482421875 0.4931640625 0.017578125 0.03515625
1 0.4169921875 0.4267578125 0.037109375 0.111328125
1 0.4697265625 0.34765625 0.033203125 0.017578125