0 0.5 0.5009765625 0.033203125 0.037109375
0 0.4638671875 0.5263671875 0.02734375 0.021484375
0 0.4482421875 0.544921875 0.037109375 0.025390625
0 0.470703125 0.568359375 0.03125 0.029296875
0 0.3623046875 0.5400390625 0.03125 0.025390625
0 0.404296875 0.54296875 0.0234375 0.0234375
0 0.4111328125 0.560546875 0.01953125 0.017578125
0 0.447265625 0.45703125 0.03125 0.0234375
0 0.525390625 0.46875 0.03515625 0.017578125
0 0.5185546875 0.4560546875 0.02734375 0.021484375
0 0.515625 0.4404296875 0.0234375 0.0234375
0 0.5 0.419921875 0.03125 0.021484375
0 0.390625 0.4287109375 0.02734375 0.02734375
0 0.4169921875 0.45703125 0.025390625 0.021484375
0 0.220703125 0.5380859375 0.029296875 0.021484375
0 0.228515625 0.505859375 0.029296875 0.01953125
0 0.2392578125 0.490234375 0.025390625 0.021484375
0 0.265625 0.4951171875 0.017578125 0.01953125
0 0.2666015625 0.5087890625 0.021484375 0.01953125
0 0.2119140625 0.47265625 0.025390625 0.0234375
0 0.2705078125 0.453125 0.01953125 0.017578125
0 0.3359375 0.44140625 0.033203125 0.021484375
0 0.330078125 0.4208984375 0.02734375 0.02734375
0 0.451171875 0.400390625 0.033203125 0.025390625
0 0.484375 0.43359375 0.021484375 0.0234375
0 0.513671875 0.4052734375 0.03125 0.025390625
0 0.5283203125 0.3798828125 0.025390625 0.017578125
0 0.5478515625 0.3701171875 0.02734375 0.025390625
0 0.5732421875 0.380859375 0.02734375 0.025390625
0 0.568359375 0.40234375 0.02734375 0.0234375
0 0.57421875 0.3681640625 0.02734375 0.021484375
0 0.4833984375 0.341796875 0.025390625 0.02734375
0 0.4599609375 0.3525390625 0.029296875 0.021484375
0 0.4775390625 0.3671875 0.0234375 0.015625
0 0.48828125 0.3779296875 0.025390625 0.015625
0 0.43359375 0.4365234375 0.037109375 0.0234375
0 0.2412109375 0.591796875 0.03125 0.0234375
0 0.1494140625 0.509765625 0.01953125 0.017578125
0 0.1875 0.478515625 0.025390625 0.017578125
0 0.205078125 0.44921875 0.03125 0.029296875
0 0.20703125 0.4365234375 0.02734375 0.021484375
0 0.48828125 0.298828125 0.025390625 0.0234375
0 0.5224609375 0.2998046875 0.0234375 0.01171875
0 0.546875 0.291015625 0.02734375 0.021484375
0 0.564453125 0.3056640625 0.0234375 0.0234375
0 0.525390625 0.3369140625 0.029296875 0.017578125
0 0.5029296875 0.34375 0.02734375 0.013671875
0 0.529296875 0.3486328125 0.025390625 0.015625
0 0.458984375 0.49609375 0.044921875 0.033203125
4 0.341796875 0.7138671875 0.07421875 0.03515625
4 0.6962890625 0.6650390625 0.095703125 0.041015625