0 0.4482421875 0.287109375 0.0234375 0.01953125
0 0.4912109375 0.310546875 0.017578125 0.017578125
0 0.4755859375 0.3271484375 0.021484375 0.021484375
0 0.5146484375 0.3486328125 0.02734375 0.01953125
0 0.501953125 0.390625 0.021484375 0.021484375
0 0.5283203125 0.3896484375 0.021484375 0.017578125
0 0.5400390625 0.4228515625 0.021484375 0.017578125
0 0.556640625 0.404296875 0.015625 0.017578125
0 0.5537109375 0.375 0.0234375 0.0234375
0 0.5107421875 0.3203125 0.025390625 0.021484375
0 0.412109375 0.26171875 0.021484375 0.025390625
0 0.294921875 0.333984375 0.021484375 0.025390625