1 0.337890625 0.4736328125 0.021484375 0.033203125
1 0.3671875 0.564453125 0.044921875 0.1328125
1 0.38671875 0.5234375 0.044921875 0.056640625
1 0.400390625 0.578125 0.041015625 0.048828125
1 0.4326171875 0.5078125 0.052734375 0.068359375
1 0.451171875 0.5751953125 0.044921875 0.05078125
1 0.478515625 0.50390625 0.044921875 0.04296875
1 0.4921875 0.5576171875 0.046875 0.060546875
1 0.5185546875 0.474609375 0.029296875 0.0390625
1 0.533203125 0.5283203125 0.021484375 0.03515625
1 0.419921875 0.42578125 0.060546875 0.068359375