1 0.37109375 0.4033203125 0.046875 0.046875
1 0.3798828125 0.49609375 0.05078125 0.1015625
1 0.431640625 0.4560546875 0.04296875 0.0390625
1 0.4326171875 0.5126953125 0.05078125 0.06640625
1 0.4619140625 0.4208984375 0.021484375 0.044921875
1 0.4794921875 0.453125 0.013671875 0.015625
1 0.4814453125 0.478515625 0.04296875 0.021484375
1 0.4697265625 0.517578125 0.017578125 0.033203125
1 0.494140625 0.42578125 0.01953125 0.0390625
1 0.50390625 0.5087890625 0.015625 0.03125
1 0.5234375 0.431640625 0.025390625 0.060546875
1 0.52734375 0.5068359375 0.029296875 0.04296875
1 0.552734375 0.5068359375 0.01953125 0.046875
1 0.5791015625 0.4453125 0.0390625 0.123046875
1 0.517578125 0.3466796875 0.0390625 0.056640625
1 0.4736328125 0.3486328125 0.044921875 0.052734375
1 0.431640625 0.3544921875 0.025390625 0.04296875