1 0.6435546875 0.4404296875 0.05078125 0.0546875
1 0.6162109375 0.5263671875 0.0703125 0.10546875
1 0.5732421875 0.4794921875 0.044921875 0.041015625
1 0.5625 0.5302734375 0.05859375 0.078125
1 0.5517578125 0.443359375 0.029296875 0.044921875
1 0.52734375 0.466796875 0.0234375 0.01953125
1 0.517578125 0.490234375 0.048828125 0.03125
1 0.5224609375 0.53125 0.02734375 0.046875
1 0.466796875 0.5126953125 0.07421875 0.05859375
1 0.595703125 0.3720703125 0.0390625 0.068359375
1 0.6396484375 0.3662109375 0.0234375 0.0234375
1 0.556640625 0.36328125 0.05078125 0.0625
1 0.513671875 0.35546875 0.04296875 0.060546875
1 0.521484375 0.431640625 0.03125 0.0546875
1 0.48828125 0.4375 0.037109375 0.0703125
1 0.43359375 0.439453125 0.06640625 0.130859375