0 0.3349609375 0.3056640625 0.041015625 0.04296875
0 0.4033203125 0.462890625 0.03515625 0.0390625
0 0.419921875 0.5419921875 0.048828125 0.041015625
0 0.5 0.5224609375 0.064453125 0.0546875
0 0.5888671875 0.5576171875 0.046875 0.046875
0 0.49609375 0.6416015625 0.046875 0.046875
0 0.4287109375 0.654296875 0.046875 0.041015625
0 0.40234375 0.6025390625 0.04296875 0.044921875
0 0.3466796875 0.6162109375 0.041015625 0.029296875
0 0.3046875 0.6669921875 0.037109375 0.0390625
0 0.2412109375 0.611328125 0.033203125 0.033203125
0 0.2587890625 0.6640625 0.03515625 0.029296875
0 0.2666015625 0.7021484375 0.0390625 0.03515625
0 0.27734375 0.7353515625 0.03515625 0.03125
0 0.2138671875 0.6640625 0.03515625 0.0390625
0 0.2001953125 0.748046875 0.033203125 0.033203125
0 0.2841796875 0.8134765625 0.041015625 0.041015625
0 0.2548828125 0.8271484375 0.03125 0.0390625
0 0.404296875 0.7158203125 0.03515625 0.0390625
0 0.3720703125 0.671875 0.033203125 0.03125
0 0.38671875 0.7626953125 0.033203125 0.033203125
0 0.443359375 0.74609375 0.033203125 0.03125
0 0.494140625 0.765625 0.029296875 0.029296875
0 0.474609375 0.78515625 0.046875 0.04296875
0 0.5498046875 0.7822265625 0.0390625 0.037109375
0 0.4638671875 0.8984375 0.046875 0.0390625
0 0.609375 0.6240234375 0.033203125 0.037109375
0 0.328125 0.8056640625 0.03515625 0.033203125
0 0.2021484375 0.5400390625 0.03515625 0.0390625
0 0.1796875 0.560546875 0.033203125 0.033203125
0 0.1650390625 0.5283203125 0.0390625 0.03515625
0 0.6728515625 0.3291015625 0.048828125 0.0390625
0 0.5830078125 0.0791015625 0.03515625 0.03125
0 0.1767578125 0.1376953125 0.041015625 0.03125
0 0.134765625 0.2265625 0.0390625 0.037109375
0 0.0556640625 0.2080078125 0.04296875 0.04296875
0 0.7802734375 0.2919921875 0.05078125 0.044921875