1 0.33984375 0.46875 0.021484375 0.041015625
1 0.3671875 0.568359375 0.0390625 0.119140625
1 0.3876953125 0.5224609375 0.0390625 0.0546875
1 0.3984375 0.5791015625 0.04296875 0.05859375
1 0.4345703125 0.5107421875 0.05078125 0.060546875
1 0.44921875 0.583984375 0.048828125 0.0625
1 0.482421875 0.50390625 0.04296875 0.048828125
1 0.490234375 0.5615234375 0.046875 0.0703125
1 0.51953125 0.4873046875 0.029296875 0.0390625
1 0.5322265625 0.5361328125 0.01953125 0.0234375
1 0.423828125 0.421875 0.0546875 0.068359375