0 0.810546875 0.4931640625 0.017578125 0.025390625
0 0.7578125 0.48828125 0.017578125 0.01953125
0 0.71484375 0.52734375 0.015625 0.01953125
0 0.662109375 0.5185546875 0.01171875 0.015625
0 0.669921875 0.4892578125 0.013671875 0.01953125
0 0.615234375 0.49609375 0.015625 0.021484375
0 0.564453125 0.5126953125 0.013671875 0.01953125
0 0.4912109375 0.5341796875 0.013671875 0.013671875
0 0.443359375 0.49609375 0.015625 0.021484375
0 0.8681640625 0.54296875 0.013671875 0.01953125
0 0.82421875 0.57421875 0.01171875 0.013671875
0 0.7705078125 0.5703125 0.013671875 0.017578125
0 0.703125 0.4521484375 0.013671875 0.013671875
0 0.65234375 0.4443359375 0.01953125 0.01953125
0 0.51953125 0.494140625 0.013671875 0.021484375
0 0.5107421875 0.447265625 0.013671875 0.013671875
0 0.5556640625 0.4794921875 0.013671875 0.015625
0 0.6748046875 0.5537109375 0.013671875 0.015625
0 0.255859375 0.501953125 0.017578125 0.017578125
0 0.28515625 0.48046875 0.009765625 0.015625
0 0.31640625 0.4853515625 0.017578125 0.017578125
0 0.28125 0.423828125 0.013671875 0.013671875
0 0.236328125 0.44140625 0.013671875 0.017578125
0 0.21875 0.5029296875 0.013671875 0.017578125
0 0.1865234375 0.4521484375 0.013671875 0.01953125
0 0.169921875 0.5 0.015625 0.021484375
0 0.138671875 0.4580078125 0.013671875 0.013671875
0 0.8603515625 0.4501953125 0.013671875 0.015625
0 0.62890625 0.5537109375 0.013671875 0.015625
0 0.5830078125 0.5576171875 0.013671875 0.015625
0 0.349609375 0.5166015625 0.015625 0.01953125
0 0.2080078125 0.5283203125 0.013671875 0.013671875