1 0.373046875 0.3857421875 0.04296875 0.0419921875
1 0.3798828125 0.474609375 0.0498046875 0.1064453125
1 0.43359375 0.4365234375 0.0380859375 0.0302734375
1 0.4306640625 0.490234375 0.044921875 0.060546875
1 0.4814453125 0.4423828125 0.0205078125 0.013671875
1 0.4833984375 0.466796875 0.0390625 0.0234375
1 0.4677734375 0.5068359375 0.0185546875 0.0361328125
1 0.5029296875 0.5048828125 0.017578125 0.0400390625
1 0.4970703125 0.4140625 0.0146484375 0.0361328125
1 0.5263671875 0.427734375 0.0244140625 0.06640625
1 0.5380859375 0.501953125 0.04296875 0.048828125
1 0.580078125 0.439453125 0.0361328125 0.1162109375
1 0.5244140625 0.3564453125 0.02734375 0.009765625
1 0.46484375 0.408203125 0.013671875 0.0419921875