1 0.3583984375 0.435546875 0.021484375 0.02734375
1 0.349609375 0.53125 0.044921875 0.130859375
1 0.384765625 0.4970703125 0.04296875 0.0625
1 0.3779296875 0.5556640625 0.04296875 0.0625
1 0.4326171875 0.5048828125 0.052734375 0.068359375
1 0.4267578125 0.568359375 0.052734375 0.064453125
1 0.4794921875 0.51171875 0.041015625 0.048828125
1 0.470703125 0.5634765625 0.044921875 0.068359375
1 0.5224609375 0.50390625 0.029296875 0.044921875
1 0.5166015625 0.5537109375 0.0234375 0.03515625
1 0.4521484375 0.4130859375 0.05859375 0.064453125