1 0.3759765625 0.396484375 0.0380859375 0.04296875
1 0.380859375 0.4912109375 0.0439453125 0.0986328125
1 0.4326171875 0.4521484375 0.0419921875 0.0390625
1 0.431640625 0.5107421875 0.04296875 0.068359375
1 0.466796875 0.4228515625 0.01953125 0.041015625
1 0.4853515625 0.451171875 0.0146484375 0.017578125
1 0.4775390625 0.4765625 0.03125 0.01953125
1 0.4697265625 0.5166015625 0.017578125 0.037109375
1 0.498046875 0.4228515625 0.017578125 0.0380859375
1 0.5009765625 0.498046875 0.01171875 0.068359375
1 0.5283203125 0.435546875 0.02734375 0.064453125
1 0.5302734375 0.505859375 0.0244140625 0.0498046875
1 0.5517578125 0.509765625 0.0166015625 0.0478515625
1 0.580078125 0.44921875 0.03515625 0.1142578125
1 0.5234375 0.349609375 0.0361328125 0.0546875
1 0.4814453125 0.353515625 0.0400390625 0.037109375
1 0.4384765625 0.3466796875 0.0283203125 0.046875