1 0.64453125 0.4541015625 0.017578125 0.02734375
1 0.650390625 0.5478515625 0.03515625 0.130859375
1 0.6171875 0.51171875 0.044921875 0.05078125
1 0.6162109375 0.5673828125 0.04296875 0.05859375
1 0.56640625 0.513671875 0.052734375 0.060546875
1 0.5732421875 0.5830078125 0.046875 0.0546875
1 0.521484375 0.515625 0.0390625 0.048828125
1 0.525390625 0.576171875 0.04296875 0.0625
1 0.478515625 0.509765625 0.03125 0.048828125
1 0.4794921875 0.56640625 0.013671875 0.03125
1 0.5556640625 0.4306640625 0.05078125 0.072265625