3 0.6826171875 0.8515625 0.205078125 0.19921875
3 0.470703125 0.802734375 0.24609375 0.2265625
3 0.2861328125 0.779296875 0.16015625 0.212890625
3 0.140625 0.7001953125 0.1875 0.20703125
3 0.0830078125 0.53125 0.166015625 0.1484375
3 0.2685546875 0.5693359375 0.236328125 0.205078125
3 0.49609375 0.6064453125 0.23828125 0.1875
3 0.4775390625 0.4296875 0.193359375 0.16015625
3 0.634765625 0.2353515625 0.1171875 0.162109375
3 0.474609375 0.2021484375 0.234375 0.14453125
3 0.2880859375 0.2265625 0.16796875 0.185546875
3 0.177734375 0.3623046875 0.13671875 0.15625
3 0.3251953125 0.4033203125 0.1171875 0.146484375