0 0.4462890625 0.6640625 0.025390625 0.025390625
0 0.4208984375 0.6865234375 0.0234375 0.0234375
0 0.427734375 0.65234375 0.025390625 0.025390625
0 0.4697265625 0.6357421875 0.02734375 0.02734375
0 0.4716796875 0.671875 0.0234375 0.0234375
0 0.525390625 0.66796875 0.037109375 0.03125
0 0.4912109375 0.607421875 0.02734375 0.029296875
0 0.5048828125 0.5810546875 0.025390625 0.025390625
0 0.5 0.5224609375 0.025390625 0.03125
0 0.52734375 0.4990234375 0.033203125 0.03125
0 0.572265625 0.447265625 0.025390625 0.03125
0 0.56640625 0.4765625 0.025390625 0.025390625
0 0.5517578125 0.4443359375 0.017578125 0.017578125
0 0.4765625 0.5693359375 0.0234375 0.025390625