1 0.384765625 0.462890625 0.0703125 0.171875
1 0.4384765625 0.4609375 0.044921875 0.037109375
1 0.4296875 0.51953125 0.052734375 0.078125
1 0.4736328125 0.4375 0.0234375 0.046875
1 0.486328125 0.474609375 0.017578125 0.017578125
1 0.478515625 0.4970703125 0.03125 0.0234375
1 0.4638671875 0.533203125 0.017578125 0.037109375
1 0.501953125 0.521484375 0.025390625 0.0703125
1 0.50390625 0.4404296875 0.021484375 0.04296875
1 0.5380859375 0.49609375 0.0625 0.1328125
1 0.5849609375 0.4775390625 0.044921875 0.119140625
1 0.5380859375 0.3720703125 0.03515625 0.05859375
1 0.4970703125 0.3662109375 0.044921875 0.05859375
1 0.45703125 0.3583984375 0.033203125 0.05078125