0 0.1494140625 0.416015625 0.033203125 0.041015625
0 0.5859375 0.330078125 0.03515625 0.0390625
0 0.56640625 0.2861328125 0.033203125 0.044921875
0 0.4951171875 0.3212890625 0.037109375 0.0390625
0 0.4462890625 0.3359375 0.044921875 0.044921875
0 0.40234375 0.32421875 0.037109375 0.0390625
0 0.423828125 0.5380859375 0.037109375 0.046875
0 0.333984375 0.5673828125 0.04296875 0.037109375
0 0.3134765625 0.6103515625 0.037109375 0.033203125
0 0.30859375 0.6474609375 0.046875 0.037109375
0 0.234375 0.5322265625 0.037109375 0.0390625
0 0.228515625 0.5498046875 0.041015625 0.041015625
0 0.267578125 0.521484375 0.029296875 0.041015625
0 0.265625 0.552734375 0.03125 0.037109375
0 0.064453125 0.6328125 0.03125 0.052734375
0 0.1279296875 0.46484375 0.03125 0.04296875
0 0.1201171875 0.2587890625 0.033203125 0.046875
0 0.1484375 0.263671875 0.03125 0.046875
0 0.037109375 0.376953125 0.037109375 0.0390625
0 0.3037109375 0.3115234375 0.029296875 0.046875
0 0.341796875 0.314453125 0.025390625 0.044921875
0 0.6142578125 0.685546875 0.041015625 0.060546875
0 0.5498046875 0.669921875 0.037109375 0.04296875
0 0.607421875 0.8291015625 0.052734375 0.0625
0 0.6748046875 0.8525390625 0.046875 0.046875
0 0.8173828125 0.865234375 0.03125 0.046875
0 0.8037109375 0.744140625 0.037109375 0.04296875
0 0.7978515625 0.529296875 0.0390625 0.048828125
0 0.78515625 0.4091796875 0.025390625 0.048828125
0 0.837890625 0.3310546875 0.041015625 0.05078125
0 0.9130859375 0.4482421875 0.0390625 0.0390625
0 0.9365234375 0.6728515625 0.046875 0.06640625
0 0.4248046875 0.6201171875 0.0234375 0.037109375
0 0.4560546875 0.6162109375 0.0234375 0.03515625
0 0.390625 0.6083984375 0.03125 0.0390625
0 0.5400390625 0.185546875 0.03125 0.046875
0 0.875 0.2119140625 0.041015625 0.041015625
0 0.58984375 0.5615234375 0.033203125 0.048828125
0 0.451171875 0.8271484375 0.033203125 0.037109375
0 0.724609375 0.7216796875 0.041015625 0.0390625
0 0.724609375 0.642578125 0.029296875 0.04296875
0 0.697265625 0.6123046875 0.037109375 0.04296875