1 0.3408203125 0.4931640625 0.015625 0.029296875
1 0.373046875 0.58984375 0.041015625 0.109375
1 0.3916015625 0.541015625 0.04296875 0.044921875
1 0.4072265625 0.591796875 0.041015625 0.048828125
1 0.4375 0.51953125 0.0546875 0.068359375
1 0.453125 0.5830078125 0.048828125 0.052734375
1 0.4814453125 0.51171875 0.046875 0.044921875
1 0.49609375 0.5673828125 0.044921875 0.06640625
1 0.5224609375 0.4892578125 0.029296875 0.033203125
1 0.5390625 0.541015625 0.015625 0.025390625
1 0.4208984375 0.4345703125 0.056640625 0.07421875