1 0.65625 0.4873046875 0.017578125 0.03125
1 0.630859375 0.5791015625 0.041015625 0.125
1 0.611328125 0.5341796875 0.044921875 0.05078125
1 0.5966796875 0.5908203125 0.044921875 0.048828125
1 0.5615234375 0.5205078125 0.052734375 0.060546875
1 0.5478515625 0.58203125 0.041015625 0.046875
1 0.5166015625 0.51171875 0.041015625 0.048828125
1 0.5068359375 0.568359375 0.044921875 0.05859375
1 0.4775390625 0.4873046875 0.029296875 0.033203125
1 0.46484375 0.5390625 0.01953125 0.0390625
1 0.5771484375 0.435546875 0.060546875 0.072265625