1 0.3837890625 0.400390625 0.044921875 0.056640625
1 0.3828125 0.4921875 0.05078125 0.09765625
1 0.4365234375 0.455078125 0.041015625 0.03125
1 0.4296875 0.5146484375 0.052734375 0.068359375
1 0.4736328125 0.427734375 0.017578125 0.041015625
1 0.50390625 0.435546875 0.021484375 0.041015625
1 0.4873046875 0.46484375 0.01953125 0.015625
1 0.4833984375 0.4873046875 0.04296875 0.025390625
1 0.4677734375 0.5234375 0.01953125 0.04296875
1 0.498046875 0.5263671875 0.01953125 0.041015625
1 0.5322265625 0.44921875 0.029296875 0.072265625
1 0.5361328125 0.525390625 0.052734375 0.048828125
1 0.5830078125 0.4697265625 0.0390625 0.119140625
1 0.5361328125 0.3642578125 0.04296875 0.0625
1 0.4931640625 0.361328125 0.037109375 0.046875
1 0.455078125 0.353515625 0.029296875 0.052734375
1 0.4111328125 0.3291015625 0.029296875 0.015625