0 0.3349609375 0.5478515625 0.025390625 0.025390625
0 0.310546875 0.572265625 0.021484375 0.021484375
0 0.345703125 0.56640625 0.025390625 0.025390625
0 0.36328125 0.5263671875 0.02734375 0.025390625
0 0.3271484375 0.5224609375 0.021484375 0.021484375
0 0.3330078125 0.46875 0.03125 0.03515625
0 0.392578125 0.5048828125 0.029296875 0.025390625
0 0.419921875 0.4921875 0.025390625 0.025390625
0 0.4775390625 0.4990234375 0.03125 0.0234375
0 0.501953125 0.47265625 0.03125 0.033203125
0 0.5546875 0.4296875 0.03125 0.0234375
0 0.5263671875 0.4345703125 0.025390625 0.025390625
0 0.5576171875 0.4501953125 0.017578125 0.017578125
0 0.4296875 0.5205078125 0.025390625 0.0234375