0 0.0498046875 0.306640625 0.0166015625 0.0283203125
0 0.0439453125 0.2255859375 0.0185546875 0.02734375
0 0.05859375 0.373046875 0.0185546875 0.048828125
0 0.0595703125 0.4560546875 0.0166015625 0.0400390625
0 0.0654296875 0.5 0.0185546875 0.041015625
0 0.0986328125 0.4697265625 0.0166015625 0.015625
0 0.0947265625 0.34375 0.0185546875 0.02734375
0 0.091796875 0.306640625 0.0234375 0.0185546875
0 0.1044921875 0.259765625 0.01953125 0.0478515625
0 0.1953125 0.1181640625 0.0166015625 0.02734375
0 0.23046875 0.357421875 0.013671875 0.025390625
0 0.2392578125 0.546875 0.0185546875 0.02734375
0 0.2421875 0.59375 0.015625 0.0224609375
0 0.2412109375 0.6435546875 0.0107421875 0.017578125
0 0.2490234375 0.673828125 0.017578125 0.041015625
0 0.1083984375 0.603515625 0.0166015625 0.04296875
0 0.1044921875 0.5224609375 0.017578125 0.041015625
0 0.1064453125 0.5654296875 0.0185546875 0.0234375
0 0.0986328125 0.431640625 0.01953125 0.04296875
0 0.1982421875 0.18359375 0.013671875 0.0283203125
0 0.16796875 0.1025390625 0.0107421875 0.033203125
0 0.1748046875 0.1923828125 0.0234375 0.0400390625
0 0.498046875 0.3525390625 0.0283203125 0.3310546875