0 0.806640625 0.5498046875 0.021484375 0.02734375
0 0.75390625 0.546875 0.01953125 0.021484375
0 0.7158203125 0.5029296875 0.017578125 0.021484375
0 0.6630859375 0.50390625 0.013671875 0.017578125
0 0.6669921875 0.5341796875 0.015625 0.01953125
0 0.61328125 0.51953125 0.01953125 0.0234375
0 0.5654296875 0.49609375 0.015625 0.01953125
0 0.49609375 0.46484375 0.015625 0.015625
0 0.443359375 0.49609375 0.01953125 0.0234375
0 0.8701171875 0.5078125 0.015625 0.01953125
0 0.83203125 0.4716796875 0.01171875 0.013671875
0 0.7783203125 0.4677734375 0.015625 0.01953125
0 0.6943359375 0.5751953125 0.013671875 0.013671875
0 0.6435546875 0.576171875 0.021484375 0.021484375
0 0.5185546875 0.5087890625 0.017578125 0.0234375
0 0.5029296875 0.5537109375 0.013671875 0.013671875
0 0.5517578125 0.5283203125 0.015625 0.017578125
0 0.6806640625 0.4716796875 0.015625 0.017578125
0 0.2587890625 0.4638671875 0.01953125 0.01953125
0 0.2841796875 0.4892578125 0.01171875 0.017578125
0 0.3154296875 0.48828125 0.01953125 0.01953125
0 0.2724609375 0.544921875 0.013671875 0.013671875
0 0.23046875 0.521484375 0.015625 0.01953125
0 0.2216796875 0.4580078125 0.015625 0.01953125
0 0.1826171875 0.50390625 0.015625 0.01953125
0 0.1728515625 0.4541015625 0.01953125 0.0234375
0 0.13671875 0.4912109375 0.013671875 0.013671875
0 0.849609375 0.599609375 0.015625 0.017578125
0 0.634765625 0.46484375 0.015625 0.017578125
0 0.58984375 0.455078125 0.015625 0.017578125
0 0.353515625 0.462890625 0.017578125 0.021484375
0 0.21484375 0.431640625 0.013671875 0.013671875