1 0.626953125 0.421875 0.044921875 0.048828125
1 0.6171875 0.5126953125 0.052734375 0.10546875
1 0.5654296875 0.4736328125 0.041015625 0.037109375
1 0.5673828125 0.529296875 0.046875 0.076171875
1 0.537109375 0.443359375 0.021484375 0.046875
1 0.5048828125 0.439453125 0.021484375 0.044921875
1 0.5166015625 0.4736328125 0.01953125 0.017578125
1 0.5166015625 0.4970703125 0.044921875 0.02734375
1 0.529296875 0.5390625 0.01953125 0.044921875
1 0.4951171875 0.5361328125 0.013671875 0.048828125
1 0.4638671875 0.486328125 0.052734375 0.1328125
1 0.4189453125 0.4677734375 0.044921875 0.123046875
1 0.484375 0.365234375 0.0390625 0.05859375
1 0.52734375 0.3662109375 0.04296875 0.0546875
1 0.568359375 0.3681640625 0.02734375 0.052734375