1 0.3935546875 0.3994140625 0.052734375 0.052734375
1 0.3798828125 0.494140625 0.06640625 0.111328125
1 0.44140625 0.466796875 0.046875 0.044921875
1 0.423828125 0.525390625 0.05859375 0.080078125
1 0.4765625 0.4443359375 0.0234375 0.046875
1 0.4873046875 0.4794921875 0.021484375 0.01953125
1 0.5068359375 0.45703125 0.021484375 0.04296875
1 0.474609375 0.5029296875 0.03515625 0.021484375
1 0.458984375 0.541015625 0.025390625 0.044921875
1 0.49609375 0.53125 0.02734375 0.06640625
1 0.5341796875 0.4765625 0.037109375 0.05859375
1 0.529296875 0.544921875 0.056640625 0.064453125
1 0.5810546875 0.4970703125 0.0546875 0.123046875
1 0.5498046875 0.384765625 0.046875 0.07421875
1 0.5078125 0.3720703125 0.0546875 0.0625
1 0.46484375 0.3642578125 0.04296875 0.05859375