4 0.53125 0.236328125 0.109375 0.09375
4 0.6630859375 0.255859375 0.099609375 0.095703125
4 0.599609375 0.47265625 0.083984375 0.080078125
4 0.619140625 0.375 0.10546875 0.10546875
4 0.5078125 0.357421875 0.10546875 0.091796875
4 0.4755859375 0.458984375 0.10546875 0.087890625
4 0.4462890625 0.5615234375 0.115234375 0.09375
4 0.56640625 0.5703125 0.123046875 0.09375
4 0.5439453125 0.6884765625 0.103515625 0.0859375
4 0.4306640625 0.669921875 0.08203125 0.08203125
4 0.41015625 0.7568359375 0.1015625 0.072265625
4 0.513671875 0.7783203125 0.111328125 0.083984375
4 0.498046875 0.8671875 0.0859375 0.072265625
4 0.3828125 0.8525390625 0.09375 0.08203125