0 0.5 0.4990234375 0.033203125 0.037109375
0 0.4638671875 0.4736328125 0.02734375 0.021484375
0 0.44921875 0.4541015625 0.037109375 0.025390625
0 0.47265625 0.4306640625 0.03125 0.029296875
0 0.36328125 0.45703125 0.03125 0.025390625
0 0.404296875 0.455078125 0.0234375 0.0234375
0 0.412109375 0.4384765625 0.021484375 0.017578125
0 0.447265625 0.5419921875 0.03125 0.0234375
0 0.525390625 0.5322265625 0.03515625 0.017578125
0 0.517578125 0.5439453125 0.029296875 0.021484375
0 0.5146484375 0.560546875 0.0234375 0.0234375
0 0.4990234375 0.580078125 0.03125 0.021484375
0 0.3896484375 0.5693359375 0.029296875 0.029296875
0 0.416015625 0.541015625 0.025390625 0.021484375
0 0.220703125 0.45703125 0.029296875 0.021484375
0 0.228515625 0.4892578125 0.029296875 0.01953125
0 0.2392578125 0.5048828125 0.025390625 0.021484375
0 0.265625 0.5009765625 0.017578125 0.021484375
0 0.267578125 0.4873046875 0.021484375 0.01953125
0 0.2119140625 0.5224609375 0.025390625 0.0234375
0 0.2705078125 0.54296875 0.021484375 0.017578125
0 0.3349609375 0.5556640625 0.033203125 0.0234375
0 0.328125 0.576171875 0.029296875 0.029296875
0 0.44921875 0.5986328125 0.033203125 0.025390625
0 0.482421875 0.5654296875 0.021484375 0.0234375
0 0.5126953125 0.595703125 0.03125 0.025390625
0 0.5263671875 0.62109375 0.025390625 0.01953125
0 0.5458984375 0.630859375 0.02734375 0.025390625
0 0.5712890625 0.6201171875 0.02734375 0.025390625
0 0.5673828125 0.599609375 0.02734375 0.0234375
0 0.572265625 0.6337890625 0.02734375 0.021484375
0 0.48046875 0.658203125 0.02734375 0.029296875
0 0.4580078125 0.646484375 0.03125 0.021484375
0 0.4755859375 0.6328125 0.0234375 0.015625
0 0.4853515625 0.6220703125 0.025390625 0.015625
0 0.431640625 0.5625 0.037109375 0.0234375
0 0.2431640625 0.4033203125 0.03125 0.0234375
0 0.1494140625 0.484375 0.021484375 0.017578125
0 0.1875 0.5166015625 0.025390625 0.01953125
0 0.205078125 0.544921875 0.033203125 0.029296875
0 0.2060546875 0.55859375 0.02734375 0.021484375
0 0.484375 0.701171875 0.025390625 0.025390625
0 0.51953125 0.701171875 0.0234375 0.01171875
0 0.54296875 0.7099609375 0.029296875 0.021484375
0 0.5615234375 0.6953125 0.0234375 0.0234375
0 0.5224609375 0.6640625 0.029296875 0.017578125
0 0.5 0.65625 0.02734375 0.013671875
0 0.52734375 0.6513671875 0.025390625 0.015625
0 0.458984375 0.5029296875 0.044921875 0.033203125