1 0.6533203125 0.4423828125 0.015625 0.0234375
1 0.642578125 0.5380859375 0.015625 0.1328125
1 0.615234375 0.5 0.03515625 0.041015625
1 0.6103515625 0.5595703125 0.03515625 0.056640625
1 0.5654296875 0.49609375 0.046875 0.05859375
1 0.5634765625 0.5634765625 0.04296875 0.05078125
1 0.521484375 0.4921875 0.037109375 0.046875
1 0.517578125 0.552734375 0.03515625 0.056640625
1 0.4794921875 0.4794921875 0.03125 0.0390625
1 0.4775390625 0.5361328125 0.01953125 0.0390625
1 0.5634765625 0.408203125 0.04296875 0.05859375