0 0.55859375 0.7060546875 0.052734375 0.052734375
0 0.5029296875 0.7734375 0.068359375 0.068359375
0 0.4912109375 0.8310546875 0.068359375 0.0703125
0 0.5390625 0.9130859375 0.05859375 0.0546875
0 0.5615234375 0.9677734375 0.046875 0.0546875
0 0.623046875 0.7412109375 0.052734375 0.052734375
0 0.3828125 0.779296875 0.052734375 0.05078125
0 0.365234375 0.8134765625 0.0625 0.056640625
0 0.3359375 0.8740234375 0.056640625 0.068359375
0 0.3994140625 0.8671875 0.044921875 0.048828125
0 0.287109375 0.9169921875 0.048828125 0.0546875
0 0.2802734375 0.8408203125 0.056640625 0.060546875
0 0.572265625 0.5791015625 0.046875 0.04296875