1 0.3759765625 0.4111328125 0.0380859375 0.0458984375
1 0.3818359375 0.505859375 0.0458984375 0.103515625
1 0.4345703125 0.466796875 0.0390625 0.0302734375
1 0.431640625 0.5263671875 0.0478515625 0.072265625
1 0.4658203125 0.4384765625 0.0146484375 0.0439453125
1 0.484375 0.470703125 0.0205078125 0.0126953125
1 0.4970703125 0.44140625 0.0146484375 0.037109375
1 0.4765625 0.494140625 0.02734375 0.0185546875
1 0.46875 0.53515625 0.017578125 0.041015625
1 0.5048828125 0.5185546875 0.0166015625 0.0703125
1 0.5263671875 0.451171875 0.025390625 0.0625
1 0.5380859375 0.5234375 0.04296875 0.0478515625
1 0.580078125 0.4638671875 0.0302734375 0.119140625
1 0.5234375 0.361328125 0.0302734375 0.0546875
1 0.4794921875 0.36328125 0.0380859375 0.0498046875
1 0.439453125 0.361328125 0.025390625 0.0546875