1 0.34375 0.46484375 0.009765625 0.029296875
1 0.361328125 0.55859375 0.02734375 0.125
1 0.38671875 0.5224609375 0.04296875 0.046875
1 0.39453125 0.5732421875 0.0390625 0.05078125
1 0.435546875 0.5146484375 0.046875 0.0625
1 0.443359375 0.5771484375 0.044921875 0.048828125
1 0.478515625 0.505859375 0.0390625 0.041015625
1 0.48828125 0.5615234375 0.0390625 0.05078125
1 0.5234375 0.48828125 0.0234375 0.037109375
1 0.5302734375 0.5380859375 0.017578125 0.033203125
1 0.431640625 0.4248046875 0.046875 0.068359375