0 0.521484375 0.193359375 0.033203125 0.033203125
0 0.6435546875 0.2021484375 0.037109375 0.037109375
0 0.5283203125 0.2470703125 0.037109375 0.041015625
0 0.6025390625 0.2470703125 0.037109375 0.037109375
0 0.4697265625 0.0458984375 0.044921875 0.044921875
0 0.3515625 0.076171875 0.05078125 0.048828125
0 0.373046875 0.173828125 0.044921875 0.041015625
0 0.3505859375 0.2294921875 0.037109375 0.041015625
0 0.458984375 0.2509765625 0.03515625 0.03515625
0 0.470703125 0.279296875 0.033203125 0.04296875
0 0.236328125 0.3759765625 0.048828125 0.044921875
0 0.1953125 0.283203125 0.041015625 0.044921875
0 0.08984375 0.095703125 0.04296875 0.05859375
0 0.32421875 0.1826171875 0.041015625 0.03515625
0 0.498046875 0.205078125 0.041015625 0.044921875
0 0.7490234375 0.8359375 0.037109375 0.0390625
0 0.71875 0.83984375 0.033203125 0.02734375
0 0.689453125 0.8310546875 0.03125 0.02734375
0 0.6689453125 0.82421875 0.029296875 0.033203125
0 0.5576171875 0.765625 0.03515625 0.037109375
0 0.5244140625 0.75390625 0.044921875 0.041015625
0 0.501953125 0.8203125 0.033203125 0.0390625
0 0.4921875 0.78515625 0.029296875 0.033203125
0 0.341796875 0.7763671875 0.03515625 0.03515625
0 0.3564453125 0.822265625 0.029296875 0.0390625
0 0.30859375 0.7919921875 0.03125 0.03125
0 0.2900390625 0.7724609375 0.0234375 0.03125
0 0.2724609375 0.75390625 0.03515625 0.037109375
0 0.2734375 0.7197265625 0.02734375 0.03515625
0 0.2861328125 0.94921875 0.03125 0.03515625
0 0.3232421875 0.96484375 0.029296875 0.03125
0 0.58984375 0.845703125 0.037109375 0.037109375
0 0.7802734375 0.693359375 0.025390625 0.037109375
0 0.4228515625 0.216796875 0.029296875 0.0390625