1 0.3857421875 0.416015625 0.046875 0.064453125
1 0.380859375 0.5146484375 0.05859375 0.103515625
1 0.4375 0.4775390625 0.0390625 0.0390625
1 0.427734375 0.53515625 0.05078125 0.076171875
1 0.470703125 0.44921875 0.0234375 0.048828125
1 0.486328125 0.48828125 0.01953125 0.01953125
1 0.4755859375 0.5126953125 0.03515625 0.02734375
1 0.462890625 0.55078125 0.021484375 0.041015625
1 0.5029296875 0.4580078125 0.021484375 0.037109375
1 0.49609375 0.5361328125 0.025390625 0.06640625
1 0.529296875 0.4716796875 0.025390625 0.0625
1 0.5322265625 0.5458984375 0.048828125 0.0625
1 0.58203125 0.4912109375 0.052734375 0.126953125
1 0.5361328125 0.3876953125 0.03515625 0.060546875
1 0.49609375 0.37890625 0.041015625 0.052734375
1 0.4541015625 0.3720703125 0.03125 0.0546875