1 0.6533203125 0.4462890625 0.01171875 0.025390625
1 0.6435546875 0.541015625 0.01953125 0.126953125
1 0.6162109375 0.5 0.0390625 0.046875
1 0.6103515625 0.5556640625 0.037109375 0.046875
1 0.56640625 0.4951171875 0.044921875 0.060546875
1 0.5615234375 0.564453125 0.04296875 0.056640625
1 0.5205078125 0.4931640625 0.037109375 0.0390625
1 0.515625 0.5556640625 0.041015625 0.060546875
1 0.474609375 0.478515625 0.0234375 0.03125
1 0.4716796875 0.529296875 0.017578125 0.03125
1 0.56640625 0.412109375 0.041015625 0.056640625