1 0.6572265625 0.45703125 0.01953125 0.02734375
1 0.640625 0.5654296875 0.0234375 0.107421875
1 0.6142578125 0.515625 0.0390625 0.041015625
1 0.609375 0.56640625 0.03125 0.0390625
1 0.5654296875 0.5078125 0.04296875 0.05859375
1 0.5634765625 0.5703125 0.044921875 0.048828125
1 0.5224609375 0.4990234375 0.0390625 0.0390625
1 0.5166015625 0.560546875 0.0390625 0.056640625
1 0.4794921875 0.486328125 0.029296875 0.04296875
1 0.470703125 0.53515625 0.021484375 0.03125
1 0.5654296875 0.4189453125 0.048828125 0.052734375