1 0.6591796875 0.4658203125 0.01953125 0.0234375
1 0.6376953125 0.5556640625 0.037109375 0.12890625
1 0.6142578125 0.515625 0.0390625 0.046875
1 0.603515625 0.568359375 0.03515625 0.046875
1 0.5654296875 0.5078125 0.05078125 0.06640625
1 0.5546875 0.5712890625 0.046875 0.0546875
1 0.521484375 0.4990234375 0.04296875 0.046875
1 0.51171875 0.5546875 0.0390625 0.060546875
1 0.4775390625 0.4814453125 0.0234375 0.041015625
1 0.4697265625 0.529296875 0.017578125 0.02734375
1 0.5712890625 0.419921875 0.048828125 0.056640625