1 0.6044921875 0.3896484375 0.048828125 0.05859375
1 0.6162109375 0.4775390625 0.060546875 0.1015625
1 0.55859375 0.453125 0.041015625 0.033203125
1 0.5703125 0.505859375 0.0546875 0.076171875
1 0.5078125 0.4638671875 0.0234375 0.017578125
1 0.5126953125 0.490234375 0.04296875 0.021484375
1 0.533203125 0.521484375 0.025390625 0.044921875
1 0.4775390625 0.5302734375 0.076171875 0.05078125
1 0.4912109375 0.439453125 0.021484375 0.044921875
1 0.4638671875 0.451171875 0.03515625 0.068359375
1 0.51953125 0.4248046875 0.025390625 0.046875
1 0.5361328125 0.3466796875 0.03125 0.056640625
1 0.4931640625 0.3603515625 0.04296875 0.060546875
1 0.4521484375 0.3671875 0.041015625 0.056640625
1 0.4140625 0.47265625 0.056640625 0.126953125