0 0.310546875 0.783203125 0.03125 0.029296875
0 0.1552734375 0.6064453125 0.041015625 0.041015625
0 0.1728515625 0.5478515625 0.0390625 0.03125
0 0.4287109375 0.5361328125 0.041015625 0.03515625
0 0.455078125 0.6201171875 0.041015625 0.0390625
0 0.4228515625 0.6982421875 0.048828125 0.041015625
0 0.5009765625 0.705078125 0.048828125 0.037109375
0 0.5166015625 0.62890625 0.052734375 0.04296875
0 0.5390625 0.5654296875 0.044921875 0.0390625
0 0.5380859375 0.6025390625 0.046875 0.041015625
0 0.5927734375 0.6005859375 0.044921875 0.046875
0 0.4580078125 0.4814453125 0.04296875 0.04296875
0 0.455078125 0.4501953125 0.037109375 0.033203125
0 0.7392578125 0.6904296875 0.041015625 0.041015625