0 0.5322265625 0.64453125 0.021484375 0.025390625
0 0.6015625 0.58203125 0.01953125 0.015625
0 0.556640625 0.57421875 0.025390625 0.0234375
0 0.544921875 0.828125 0.015625 0.021484375
0 0.5341796875 0.83984375 0.015625 0.0234375
0 0.4990234375 0.69921875 0.01953125 0.015625
0 0.5390625 0.6982421875 0.015625 0.01953125
0 0.6103515625 0.2177734375 0.017578125 0.017578125
0 0.5908203125 0.2353515625 0.015625 0.015625
0 0.611328125 0.15625 0.017578125 0.017578125
0 0.5673828125 0.1865234375 0.015625 0.025390625
0 0.5615234375 0.2236328125 0.017578125 0.017578125