1 0.6455078125 0.4228515625 0.015625 0.02734375
1 0.6474609375 0.53125 0.03125 0.109375
1 0.61328125 0.48828125 0.0390625 0.044921875
1 0.6181640625 0.5439453125 0.0390625 0.048828125
1 0.564453125 0.484375 0.046875 0.0625
1 0.5693359375 0.5595703125 0.048828125 0.060546875
1 0.51953125 0.4931640625 0.044921875 0.04296875
1 0.5244140625 0.5517578125 0.04296875 0.064453125
1 0.4755859375 0.486328125 0.025390625 0.046875
1 0.478515625 0.5390625 0.01953125 0.03125
1 0.5498046875 0.4052734375 0.05078125 0.0703125