1 0.375 0.42578125 0.03515625 0.0546875
1 0.3828125 0.51953125 0.044921875 0.09765625
1 0.4345703125 0.4794921875 0.041015625 0.03125
1 0.4306640625 0.5390625 0.04296875 0.06640625
1 0.466796875 0.4521484375 0.013671875 0.03515625
1 0.4853515625 0.486328125 0.013671875 0.017578125
1 0.4765625 0.5107421875 0.029296875 0.021484375
1 0.4677734375 0.548828125 0.017578125 0.037109375
1 0.4990234375 0.458984375 0.013671875 0.046875
1 0.5 0.53125 0.015625 0.0625
1 0.5283203125 0.4716796875 0.0234375 0.064453125
1 0.5400390625 0.54296875 0.046875 0.048828125
1 0.5791015625 0.482421875 0.03515625 0.119140625
1 0.525390625 0.3818359375 0.037109375 0.052734375
1 0.4833984375 0.37890625 0.041015625 0.046875
1 0.4384765625 0.3740234375 0.033203125 0.0546875