0 0.607421875 0.7021484375 0.025390625 0.021484375
0 0.6064453125 0.7236328125 0.0234375 0.01953125
0 0.580078125 0.7158203125 0.025390625 0.0234375
0 0.740234375 0.6826171875 0.017578125 0.015625
0 0.7763671875 0.650390625 0.03125 0.029296875
0 0.7841796875 0.6689453125 0.021484375 0.01953125
0 0.875 0.6640625 0.0234375 0.01953125
0 0.8759765625 0.6474609375 0.021484375 0.021484375
0 0.869140625 0.595703125 0.025390625 0.025390625
0 0.8505859375 0.6025390625 0.021484375 0.01953125
0 0.8388671875 0.6708984375 0.017578125 0.015625
0 0.75 0.630859375 0.0234375 0.01953125
0 0.7294921875 0.6142578125 0.037109375 0.02734375
0 0.3134765625 0.521484375 0.03125 0.0234375
0 0.345703125 0.5185546875 0.021484375 0.015625
0 0.337890625 0.5458984375 0.021484375 0.01953125
0 0.3359375 0.5595703125 0.02734375 0.021484375
0 0.3046875 0.5576171875 0.0234375 0.017578125
0 0.2421875 0.5517578125 0.015625 0.015625
0 0.3076171875 0.5732421875 0.01953125 0.013671875
0 0.296875 0.5849609375 0.01953125 0.015625
0 0.298828125 0.6064453125 0.0234375 0.01953125
0 0.3232421875 0.6015625 0.021484375 0.01953125
0 0.3349609375 0.583984375 0.0234375 0.01953125
0 0.345703125 0.5966796875 0.01953125 0.021484375
0 0.2197265625 0.6015625 0.015625 0.015625
0 0.197265625 0.53125 0.015625 0.013671875
0 0.2216796875 0.5341796875 0.02734375 0.021484375
0 0.208984375 0.5634765625 0.01953125 0.021484375
0 0.2333984375 0.58203125 0.03125 0.0234375
0 0.19921875 0.595703125 0.021484375 0.017578125
0 0.6533203125 0.693359375 0.02734375 0.025390625
0 0.6396484375 0.708984375 0.025390625 0.02734375
0 0.611328125 0.74609375 0.025390625 0.0234375