1 0.3671875 0.41796875 0.046875 0.052734375
1 0.3798828125 0.5068359375 0.060546875 0.11328125
1 0.431640625 0.4677734375 0.04296875 0.041015625
1 0.4365234375 0.52734375 0.05078125 0.080078125
1 0.458984375 0.4375 0.025390625 0.046875
1 0.490234375 0.439453125 0.0234375 0.048828125
1 0.4775390625 0.4638671875 0.013671875 0.013671875
1 0.482421875 0.490234375 0.044921875 0.02734375
1 0.47265625 0.533203125 0.017578125 0.046875
1 0.53125 0.5263671875 0.068359375 0.046875
1 0.5205078125 0.4462890625 0.025390625 0.0625
1 0.576171875 0.451171875 0.05078125 0.126953125
1 0.509765625 0.357421875 0.0390625 0.056640625
1 0.4658203125 0.357421875 0.04296875 0.0625
1 0.4248046875 0.36328125 0.03515625 0.0625