0 0.47265625 0.193359375 0.03125 0.033203125
0 0.3515625 0.205078125 0.037109375 0.037109375
0 0.466796875 0.2470703125 0.037109375 0.0390625
0 0.392578125 0.248046875 0.037109375 0.037109375
0 0.5224609375 0.044921875 0.044921875 0.044921875
0 0.6416015625 0.0732421875 0.05078125 0.048828125
0 0.62109375 0.171875 0.044921875 0.041015625
0 0.64453125 0.2275390625 0.037109375 0.0390625
0 0.5361328125 0.25 0.033203125 0.033203125
0 0.525390625 0.2783203125 0.03125 0.04296875
0 0.7607421875 0.3720703125 0.046875 0.044921875
0 0.80078125 0.2783203125 0.0390625 0.044921875
0 0.90234375 0.087890625 0.041015625 0.05859375
0 0.669921875 0.1796875 0.0390625 0.03515625
0 0.49609375 0.205078125 0.041015625 0.044921875
0 0.2568359375 0.8408203125 0.037109375 0.0390625
0 0.2880859375 0.8427734375 0.033203125 0.025390625
0 0.3154296875 0.833984375 0.03125 0.02734375
0 0.3369140625 0.8271484375 0.02734375 0.033203125
0 0.447265625 0.7666015625 0.033203125 0.037109375
0 0.4794921875 0.75390625 0.044921875 0.041015625
0 0.5029296875 0.8203125 0.033203125 0.0390625
0 0.513671875 0.78515625 0.02734375 0.033203125
0 0.6630859375 0.7734375 0.033203125 0.033203125
0 0.6494140625 0.8203125 0.029296875 0.0390625
0 0.6962890625 0.7890625 0.03125 0.03125
0 0.71484375 0.7685546875 0.0234375 0.029296875
0 0.732421875 0.75 0.033203125 0.037109375
0 0.73046875 0.7158203125 0.025390625 0.03515625
0 0.7216796875 0.9462890625 0.03125 0.03515625
0 0.685546875 0.9609375 0.029296875 0.03125
0 0.4169921875 0.84765625 0.037109375 0.03515625
0 0.22265625 0.6982421875 0.0234375 0.03515625
0 0.572265625 0.21484375 0.029296875 0.0390625