0 0.8310546875 0.494140625 0.037109375 0.02734375
0 0.798828125 0.4208984375 0.0234375 0.013671875
0 0.6005859375 0.4677734375 0.021484375 0.021484375
0 0.5771484375 0.46484375 0.017578125 0.01953125
0 0.5576171875 0.4638671875 0.021484375 0.013671875
0 0.54296875 0.466796875 0.0234375 0.017578125
0 0.568359375 0.55078125 0.021484375 0.021484375
0 0.55859375 0.6396484375 0.021484375 0.021484375
0 0.544921875 0.7177734375 0.021484375 0.01953125
0 0.486328125 0.71484375 0.017578125 0.015625
0 0.5244140625 0.763671875 0.021484375 0.015625
0 0.5322265625 0.7900390625 0.021484375 0.021484375
0 0.53125 0.861328125 0.021484375 0.021484375
0 0.517578125 0.837890625 0.0234375 0.01953125
0 0.369140625 0.7734375 0.021484375 0.021484375
0 0.3671875 0.4443359375 0.01953125 0.01953125
0 0.6591796875 0.5908203125 0.0234375 0.01953125
0 0.3544921875 0.7255859375 0.015625 0.015625