0 0.28515625 0.45703125 0.01953125 0.0234375
0 0.32421875 0.427734375 0.01953125 0.01953125
0 0.33203125 0.44921875 0.0234375 0.0234375
0 0.369140625 0.4228515625 0.021484375 0.029296875
0 0.4013671875 0.4521484375 0.0234375 0.0234375
0 0.412109375 0.427734375 0.017578125 0.021484375
0 0.4462890625 0.431640625 0.017578125 0.021484375
0 0.4375 0.408203125 0.017578125 0.017578125
0 0.4091796875 0.3984375 0.025390625 0.025390625
0 0.341796875 0.4140625 0.0234375 0.025390625
0 0.24609375 0.4794921875 0.025390625 0.0234375
0 0.2626953125 0.6162109375 0.025390625 0.0234375