0 0.333984375 0.408203125 0.044921875 0.044921875
0 0.658203125 0.2978515625 0.03125 0.03515625
0 0.6083984375 0.2529296875 0.033203125 0.025390625
0 0.77734375 0.3359375 0.05078125 0.048828125
0 0.7294921875 0.3818359375 0.064453125 0.0546875
0 0.876953125 0.33984375 0.041015625 0.033203125
0 0.873046875 0.40234375 0.029296875 0.0390625
0 0.8447265625 0.3994140625 0.033203125 0.041015625
0 0.212890625 0.416015625 0.064453125 0.068359375
0 0.318359375 0.4775390625 0.029296875 0.021484375
0 0.341796875 0.443359375 0.041015625 0.02734375
0 0.216796875 0.46484375 0.033203125 0.02734375
0 0.58203125 0.2802734375 0.021484375 0.03125
0 0.6103515625 0.2958984375 0.021484375 0.03515625
0 0.29296875 0.416015625 0.046875 0.0625