0 0.4248046875 0.685546875 0.052734375 0.046875
0 0.44140625 0.6318359375 0.0546875 0.05859375
0 0.48828125 0.5302734375 0.03125 0.02734375
0 0.4755859375 0.6083984375 0.033203125 0.03515625
0 0.51953125 0.701171875 0.037109375 0.02734375
0 0.6787109375 0.65625 0.02734375 0.02734375
0 0.6767578125 0.6357421875 0.033203125 0.03515625
0 0.53125 0.787109375 0.05859375 0.046875
0 0.5556640625 0.7568359375 0.04296875 0.029296875
0 0.603515625 0.7607421875 0.037109375 0.0390625
0 0.6064453125 0.8232421875 0.0390625 0.03515625
0 0.7314453125 0.7490234375 0.0234375 0.033203125
0 0.7529296875 0.7431640625 0.03515625 0.03125
0 0.6240234375 0.8994140625 0.041015625 0.041015625
0 0.6796875 0.79296875 0.033203125 0.033203125
0 0.634765625 0.8076171875 0.03125 0.033203125
0 0.4990234375 0.8837890625 0.041015625 0.033203125
0 0.515625 0.9140625 0.025390625 0.02734375
0 0.53125 0.8623046875 0.03125 0.033203125
0 0.4697265625 0.9482421875 0.041015625 0.04296875
0 0.4658203125 0.986328125 0.037109375 0.02734375
0 0.384765625 0.8173828125 0.04296875 0.041015625
0 0.37890625 0.73046875 0.05078125 0.044921875
0 0.3837890625 0.58203125 0.044921875 0.05078125
0 0.6494140625 0.830078125 0.048828125 0.05078125