0 0.275390625 0.310546875 0.029296875 0.029296875
0 0.390625 0.2109375 0.037109375 0.025390625
0 0.384765625 0.611328125 0.037109375 0.03125
0 0.2880859375 0.634765625 0.03125 0.025390625
0 0.259765625 0.599609375 0.041015625 0.025390625
0 0.2353515625 0.6513671875 0.01953125 0.0234375
0 0.21875 0.681640625 0.03125 0.02734375
0 0.14453125 0.8212890625 0.03515625 0.03125
0 0.376953125 0.822265625 0.037109375 0.03125
0 0.3046875 0.8369140625 0.03125 0.029296875
0 0.4453125 0.8505859375 0.041015625 0.029296875
0 0.4580078125 0.73046875 0.03125 0.03125
0 0.408203125 0.705078125 0.029296875 0.02734375
0 0.28515625 0.697265625 0.029296875 0.029296875
0 0.796875 0.6083984375 0.029296875 0.025390625
0 0.7529296875 0.6279296875 0.029296875 0.01953125
0 0.720703125 0.638671875 0.029296875 0.025390625
0 0.609375 0.6171875 0.033203125 0.03125
0 0.546875 0.7197265625 0.02734375 0.03125
0 0.490234375 0.720703125 0.03125 0.025390625
0 0.830078125 0.833984375 0.037109375 0.037109375
0 0.8798828125 0.7822265625 0.044921875 0.029296875
0 0.8857421875 0.7177734375 0.029296875 0.0234375
0 0.662109375 0.822265625 0.03125 0.025390625
0 0.759765625 0.8173828125 0.025390625 0.021484375
0 0.75390625 0.841796875 0.029296875 0.03125