1 0.3447265625 0.4619140625 0.009765625 0.02734375
1 0.357421875 0.556640625 0.021484375 0.11328125
1 0.384765625 0.5234375 0.037109375 0.0390625
1 0.392578125 0.572265625 0.037109375 0.04296875
1 0.43359375 0.5078125 0.044921875 0.05859375
1 0.4384765625 0.576171875 0.0390625 0.05078125
1 0.4814453125 0.5068359375 0.037109375 0.0390625
1 0.482421875 0.5634765625 0.037109375 0.046875
1 0.5244140625 0.4951171875 0.021484375 0.021484375
1 0.5263671875 0.5439453125 0.017578125 0.02734375
1 0.4345703125 0.4189453125 0.048828125 0.076171875