0 0.517578125 0.3671875 0.01953125 0.01953125
0 0.544921875 0.40234375 0.013671875 0.021484375
0 0.544921875 0.4296875 0.013671875 0.021484375
0 0.5751953125 0.369140625 0.013671875 0.017578125
0 0.5576171875 0.3525390625 0.015625 0.021484375
0 0.5986328125 0.3564453125 0.015625 0.025390625
0 0.5908203125 0.4267578125 0.015625 0.01953125
0 0.599609375 0.5 0.015625 0.017578125
0 0.599609375 0.58203125 0.013671875 0.021484375
0 0.52734375 0.61328125 0.015625 0.01171875
0 0.5107421875 0.349609375 0.013671875 0.015625
0 0.5087890625 0.287109375 0.013671875 0.013671875
0 0.5322265625 0.2744140625 0.013671875 0.015625
0 0.4775390625 0.427734375 0.01953125 0.017578125
0 0.45703125 0.5625 0.021484375 0.017578125
0 0.4765625 0.3662109375 0.015625 0.021484375
0 0.4892578125 0.400390625 0.013671875 0.015625