0 0.845703125 0.3984375 0.03515625 0.04296875
0 0.40625 0.3349609375 0.03515625 0.041015625
0 0.421875 0.2900390625 0.03515625 0.044921875
0 0.4951171875 0.3212890625 0.0390625 0.041015625
0 0.544921875 0.3330078125 0.046875 0.046875
0 0.587890625 0.3193359375 0.0390625 0.041015625
0 0.578125 0.5341796875 0.0390625 0.048828125
0 0.6689453125 0.55859375 0.044921875 0.0390625
0 0.69140625 0.6005859375 0.0390625 0.03515625
0 0.6982421875 0.63671875 0.048828125 0.0390625
0 0.7666015625 0.5185546875 0.0390625 0.041015625
0 0.7734375 0.53515625 0.041015625 0.041015625
0 0.7333984375 0.509765625 0.03125 0.04296875
0 0.736328125 0.541015625 0.033203125 0.037109375
0 0.94140625 0.609375 0.033203125 0.052734375
0 0.8701171875 0.4453125 0.033203125 0.044921875
0 0.8671875 0.2392578125 0.03515625 0.046875
0 0.8388671875 0.2451171875 0.033203125 0.046875
0 0.9560546875 0.353515625 0.0390625 0.041015625
0 0.6865234375 0.3017578125 0.03125 0.046875
0 0.6484375 0.306640625 0.02734375 0.046875
0 0.3955078125 0.69140625 0.044921875 0.060546875
0 0.458984375 0.6728515625 0.0390625 0.044921875
0 0.41015625 0.833984375 0.0546875 0.06640625
0 0.34375 0.861328125 0.048828125 0.048828125
0 0.2021484375 0.880859375 0.033203125 0.046875
0 0.208984375 0.759765625 0.0390625 0.044921875
0 0.2041015625 0.544921875 0.041015625 0.05078125
0 0.2099609375 0.4248046875 0.02734375 0.048828125
0 0.1533203125 0.3486328125 0.04296875 0.05078125
0 0.0849609375 0.4697265625 0.041015625 0.041015625
0 0.0732421875 0.6953125 0.05078125 0.068359375
0 0.5810546875 0.6162109375 0.025390625 0.0390625
0 0.5498046875 0.61328125 0.025390625 0.037109375
0 0.615234375 0.6025390625 0.033203125 0.0390625
0 0.443359375 0.1884765625 0.033203125 0.046875
0 0.1103515625 0.232421875 0.041015625 0.041015625
0 0.4140625 0.56640625 0.03515625 0.05078125
0 0.56640625 0.82421875 0.03515625 0.0390625
0 0.287109375 0.7333984375 0.041015625 0.041015625
0 0.283203125 0.6533203125 0.03125 0.044921875
0 0.3095703125 0.6220703125 0.0390625 0.044921875