1 0.34765625 0.4384765625 0.013671875 0.02734375
1 0.3564453125 0.5458984375 0.01953125 0.107421875
1 0.3857421875 0.5 0.03515625 0.041015625
1 0.38671875 0.5556640625 0.033203125 0.044921875
1 0.4345703125 0.4912109375 0.04296875 0.05859375
1 0.4375 0.56640625 0.04296875 0.056640625
1 0.4794921875 0.49609375 0.041015625 0.0390625
1 0.4814453125 0.5546875 0.037109375 0.060546875
1 0.5224609375 0.4833984375 0.01953125 0.044921875
1 0.525390625 0.5361328125 0.017578125 0.029296875
1 0.44140625 0.4111328125 0.044921875 0.06640625