1 0.349609375 0.44921875 0.017578125 0.033203125
1 0.3564453125 0.5361328125 0.0166015625 0.119140625
1 0.38671875 0.50390625 0.0380859375 0.0380859375
1 0.3876953125 0.5556640625 0.03515625 0.0419921875
1 0.4326171875 0.4990234375 0.04296875 0.0576171875
1 0.435546875 0.5615234375 0.04296875 0.0517578125
1 0.4794921875 0.49609375 0.0361328125 0.0380859375
1 0.48046875 0.5517578125 0.03515625 0.046875
1 0.5244140625 0.482421875 0.0224609375 0.0439453125
1 0.52734375 0.5361328125 0.013671875 0.0302734375
1 0.4365234375 0.41015625 0.044921875 0.0498046875