0 0.224609375 0.509765625 0.048828125 0.0625
0 0.0673828125 0.58984375 0.05078125 0.05859375
0 0.1240234375 0.4775390625 0.052734375 0.0625
0 0.0712890625 0.421875 0.041015625 0.041015625
0 0.0703125 0.373046875 0.04296875 0.048828125
0 0.1572265625 0.357421875 0.046875 0.060546875
0 0.0703125 0.2998046875 0.056640625 0.05859375
0 0.267578125 0.55859375 0.048828125 0.0625
0 0.4267578125 0.642578125 0.041015625 0.0390625
0 0.4404296875 0.6162109375 0.03515625 0.041015625
0 0.4658203125 0.4482421875 0.037109375 0.05078125
0 0.5556640625 0.7177734375 0.041015625 0.048828125
0 0.646484375 0.7138671875 0.052734375 0.056640625
0 0.6142578125 0.5810546875 0.0546875 0.05078125
0 0.59765625 0.4814453125 0.0625 0.05078125
0 0.5419921875 0.4697265625 0.041015625 0.0390625
0 0.5185546875 0.5205078125 0.0390625 0.037109375
0 0.7685546875 0.4208984375 0.0546875 0.05078125
0 0.6923828125 0.525390625 0.033203125 0.044921875
0 0.6572265625 0.484375 0.048828125 0.046875
0 0.701171875 0.470703125 0.03515625 0.041015625
0 0.7216796875 0.484375 0.0390625 0.037109375
0 0.9267578125 0.396484375 0.046875 0.052734375
0 0.8193359375 0.3330078125 0.0390625 0.046875
0 0.951171875 0.3603515625 0.041015625 0.056640625
0 0.986328125 0.4541015625 0.02734375 0.056640625
0 0.96484375 0.5751953125 0.0390625 0.05078125
0 0.955078125 0.6201171875 0.048828125 0.0625
0 0.8876953125 0.6435546875 0.0546875 0.05859375
0 0.8623046875 0.7119140625 0.044921875 0.0546875
0 0.8134765625 0.724609375 0.0546875 0.0625
0 0.5947265625 0.8662109375 0.046875 0.05859375
0 0.80078125 0.5625 0.048828125 0.0625
0 0.8701171875 0.5419921875 0.04296875 0.052734375
0 0.8115234375 0.48828125 0.037109375 0.052734375
0 0.744140625 0.8974609375 0.03125 0.025390625
0 0.6953125 0.8291015625 0.03515625 0.03515625
0 0.71875 0.8115234375 0.025390625 0.033203125
0 0.9248046875 0.73828125 0.033203125 0.03515625
0 0.421875 0.7880859375 0.033203125 0.037109375
0 0.4814453125 0.779296875 0.037109375 0.044921875
0 0.4873046875 0.7373046875 0.0390625 0.0390625