0 0.4892578125 0.546875 0.04296875 0.05078125
0 0.505859375 0.400390625 0.0390625 0.046875
0 0.3935546875 0.3828125 0.044921875 0.052734375
0 0.3779296875 0.5234375 0.04296875 0.052734375
0 0.533203125 0.1142578125 0.037109375 0.0390625
0 0.591796875 0.01953125 0.03515625 0.02734375
0 0.431640625 0.8447265625 0.04296875 0.04296875
0 0.447265625 0.79296875 0.03125 0.0390625
0 0.4736328125 0.85546875 0.041015625 0.04296875
0 0.369140625 0.8291015625 0.03515625 0.0390625
0 0.322265625 0.8173828125 0.03515625 0.037109375
0 0.3681640625 0.921875 0.037109375 0.041015625
0 0.57421875 0.865234375 0.03515625 0.04296875
0 0.546875 0.857421875 0.033203125 0.03515625