0 0.3037109375 0.28125 0.03125 0.03125
0 0.431640625 0.1982421875 0.0390625 0.029296875
0 0.3701171875 0.5947265625 0.0390625 0.03515625
0 0.271484375 0.603515625 0.033203125 0.029296875
0 0.248046875 0.5654296875 0.04296875 0.029296875
0 0.216796875 0.6123046875 0.021484375 0.025390625
0 0.1962890625 0.640625 0.03515625 0.029296875
0 0.1025390625 0.76953125 0.037109375 0.03515625
0 0.3330078125 0.8017578125 0.041015625 0.03515625
0 0.259765625 0.8056640625 0.03515625 0.03125
0 0.3974609375 0.83984375 0.044921875 0.033203125
0 0.4267578125 0.72265625 0.03515625 0.03515625
0 0.3798828125 0.6904296875 0.033203125 0.029296875
0 0.2607421875 0.6650390625 0.03125 0.03125
0 0.779296875 0.6484375 0.03125 0.029296875
0 0.7333984375 0.662109375 0.03125 0.021484375
0 0.69921875 0.66796875 0.03125 0.029296875
0 0.591796875 0.630859375 0.037109375 0.03515625
0 0.515625 0.724609375 0.029296875 0.03515625
0 0.4599609375 0.7177734375 0.033203125 0.029296875
0 0.7802734375 0.876953125 0.041015625 0.041015625
0 0.8369140625 0.8330078125 0.046875 0.033203125
0 0.8515625 0.76953125 0.03125 0.02734375
0 0.615234375 0.841796875 0.033203125 0.029296875
0 0.712890625 0.8505859375 0.02734375 0.025390625
0 0.7041015625 0.873046875 0.03125 0.03515625