0 0.6083984375 0.6103515625 0.025390625 0.025390625
0 0.6123046875 0.564453125 0.021484375 0.0234375
0 0.6611328125 0.5712890625 0.017578125 0.017578125
0 0.6279296875 0.529296875 0.017578125 0.017578125
0 0.6064453125 0.5322265625 0.015625 0.015625
0 0.5673828125 0.431640625 0.017578125 0.017578125
0 0.6240234375 0.4833984375 0.015625 0.017578125
0 0.6572265625 0.5263671875 0.017578125 0.017578125
0 0.5966796875 0.5048828125 0.017578125 0.017578125
0 0.5947265625 0.4287109375 0.013671875 0.01171875
0 0.63671875 0.4482421875 0.021484375 0.01953125
0 0.654296875 0.419921875 0.021484375 0.01953125
0 0.6171875 0.40234375 0.01953125 0.017578125
0 0.5595703125 0.4140625 0.017578125 0.013671875
0 0.6279296875 0.375 0.017578125 0.015625
0 0.5732421875 0.37109375 0.017578125 0.015625
0 0.5966796875 0.544921875 0.017578125 0.017578125