0 0.5400390625 0.2841796875 0.0234375 0.01953125
0 0.568359375 0.3232421875 0.01953125 0.01953125
0 0.5478515625 0.33203125 0.021484375 0.021484375
0 0.57421875 0.3681640625 0.02734375 0.021484375
0 0.5458984375 0.400390625 0.021484375 0.021484375
0 0.5703125 0.4111328125 0.021484375 0.017578125
0 0.5673828125 0.4453125 0.021484375 0.017578125
0 0.5908203125 0.435546875 0.017578125 0.017578125
0 0.599609375 0.4072265625 0.025390625 0.025390625
0 0.5830078125 0.3408203125 0.025390625 0.0234375
0 0.5166015625 0.24609375 0.0234375 0.025390625
0 0.3798828125 0.2646484375 0.0234375 0.025390625