0 0.671875 0.3115234375 0.041015625 0.04296875
0 0.59765625 0.466796875 0.03515625 0.0390625
0 0.5791015625 0.544921875 0.05078125 0.04296875
0 0.4990234375 0.5224609375 0.064453125 0.0546875
0 0.4091796875 0.5546875 0.048828125 0.046875
0 0.4990234375 0.642578125 0.048828125 0.046875
0 0.56640625 0.65625 0.046875 0.04296875
0 0.59375 0.60546875 0.044921875 0.046875
0 0.6494140625 0.6220703125 0.041015625 0.03125
0 0.689453125 0.673828125 0.0390625 0.041015625
0 0.7548828125 0.6201171875 0.03515625 0.03515625
0 0.7353515625 0.6728515625 0.03515625 0.029296875
0 0.7255859375 0.7109375 0.0390625 0.03515625
0 0.71484375 0.7431640625 0.037109375 0.03125
0 0.7802734375 0.673828125 0.03515625 0.0390625
0 0.791015625 0.7587890625 0.03515625 0.03515625
0 0.7041015625 0.8212890625 0.041015625 0.041015625
0 0.7333984375 0.8359375 0.033203125 0.0390625
0 0.587890625 0.71875 0.037109375 0.0390625
0 0.6220703125 0.6767578125 0.033203125 0.03125
0 0.603515625 0.7666015625 0.03515625 0.03515625
0 0.5478515625 0.748046875 0.03515625 0.03125
0 0.4970703125 0.765625 0.03125 0.03125
0 0.5146484375 0.7861328125 0.048828125 0.044921875
0 0.4404296875 0.7802734375 0.0390625 0.037109375
0 0.5224609375 0.8994140625 0.046875 0.0390625
0 0.3857421875 0.6201171875 0.03515625 0.0390625
0 0.6611328125 0.8115234375 0.037109375 0.03515625
0 0.7958984375 0.55078125 0.03515625 0.0390625
0 0.818359375 0.5712890625 0.033203125 0.033203125
0 0.833984375 0.5400390625 0.0390625 0.037109375
0 0.3330078125 0.3232421875 0.05078125 0.041015625
0 0.431640625 0.076171875 0.037109375 0.03125
0 0.8359375 0.1494140625 0.041015625 0.033203125
0 0.875 0.240234375 0.041015625 0.0390625
0 0.9541015625 0.2236328125 0.044921875 0.044921875
0 0.2275390625 0.283203125 0.05078125 0.046875