0 0.5185546875 0.7109375 0.048828125 0.041015625
0 0.4423828125 0.7451171875 0.0546875 0.05078125
0 0.369140625 0.640625 0.046875 0.04296875
0 0.1533203125 0.65234375 0.046875 0.046875
0 0.1474609375 0.6171875 0.046875 0.041015625
0 0.4453125 0.607421875 0.04296875 0.037109375
0 0.4443359375 0.6494140625 0.046875 0.044921875
0 0.4052734375 0.5927734375 0.046875 0.046875
0 0.3720703125 0.5703125 0.05078125 0.048828125
0 0.32421875 0.58203125 0.041015625 0.05078125
0 0.03125 0.4375 0.046875 0.044921875
0 0.259765625 0.51171875 0.052734375 0.05078125
0 0.3203125 0.486328125 0.052734375 0.05078125
0 0.349609375 0.423828125 0.052734375 0.048828125
0 0.361328125 0.388671875 0.05859375 0.044921875
0 0.6650390625 0.30078125 0.064453125 0.041015625
0 0.9775390625 0.3623046875 0.044921875 0.052734375
0 0.8203125 0.140625 0.0546875 0.0625
0 0.552734375 0.1708984375 0.03125 0.03515625
0 0.611328125 0.19921875 0.04296875 0.04296875
0 0.4482421875 0.1572265625 0.0390625 0.04296875
0 0.4072265625 0.13671875 0.0390625 0.046875
0 0.3935546875 0.0859375 0.04296875 0.044921875
0 0.4248046875 0.076171875 0.033203125 0.033203125
0 0.2451171875 0.1279296875 0.068359375 0.056640625
0 0.2890625 0.078125 0.0546875 0.05078125
0 0.3115234375 0.017578125 0.052734375 0.03515625
0 0.0966796875 0.0224609375 0.041015625 0.044921875