1 0.599609375 0.3857421875 0.05078125 0.056640625
1 0.6171875 0.478515625 0.068359375 0.107421875
1 0.5546875 0.4541015625 0.046875 0.03515625
1 0.5732421875 0.513671875 0.06640625 0.08984375
1 0.5185546875 0.4306640625 0.02734375 0.04296875
1 0.5087890625 0.4677734375 0.021484375 0.017578125
1 0.5224609375 0.490234375 0.029296875 0.021484375
1 0.5380859375 0.52734375 0.0234375 0.04296875
1 0.48828125 0.443359375 0.02734375 0.046875
1 0.501953125 0.521484375 0.033203125 0.076171875
1 0.462890625 0.4619140625 0.037109375 0.06640625
1 0.46875 0.5361328125 0.056640625 0.060546875
1 0.4140625 0.48828125 0.06640625 0.12890625
1 0.4443359375 0.3759765625 0.046875 0.068359375
1 0.484375 0.361328125 0.05078125 0.060546875
1 0.525390625 0.35546875 0.0390625 0.064453125