1 0.5908203125 0.3525390625 0.048828125 0.048828125
1 0.59765625 0.4033203125 0.046875 0.0234375
1 0.611328125 0.4599609375 0.06640625 0.0859375
1 0.5458984375 0.423828125 0.048828125 0.037109375
1 0.5625 0.466796875 0.05859375 0.068359375
1 0.5068359375 0.4609375 0.05078125 0.037109375
1 0.5283203125 0.4951171875 0.02734375 0.044921875
1 0.4970703125 0.498046875 0.025390625 0.029296875
1 0.4794921875 0.412109375 0.029296875 0.044921875
1 0.5068359375 0.400390625 0.02734375 0.04296875
1 0.453125 0.431640625 0.0390625 0.06640625
1 0.462890625 0.5029296875 0.05859375 0.060546875
1 0.40625 0.4560546875 0.0625 0.119140625
1 0.3740234375 0.4560546875 0.04296875 0.130859375
1 0.4384765625 0.36328125 0.037109375 0.017578125
1 0.572265625 0.380859375 0.02734375 0.041015625