1 0.3505859375 0.435546875 0.017578125 0.02734375
1 0.3544921875 0.5302734375 0.02734375 0.123046875
1 0.384765625 0.5009765625 0.037109375 0.04296875
1 0.3828125 0.548828125 0.03515625 0.044921875
1 0.431640625 0.4931640625 0.046875 0.060546875
1 0.4306640625 0.556640625 0.044921875 0.05078125
1 0.48046875 0.494140625 0.041015625 0.037109375
1 0.4775390625 0.55078125 0.0390625 0.060546875
1 0.5205078125 0.4814453125 0.033203125 0.041015625
1 0.5244140625 0.533203125 0.01953125 0.03125
1 0.44140625 0.4052734375 0.05078125 0.056640625