1 0.6533203125 0.443359375 0.017578125 0.03125
1 0.64453125 0.54296875 0.01953125 0.111328125
1 0.6142578125 0.5009765625 0.0390625 0.048828125
1 0.6123046875 0.55859375 0.03515625 0.05078125
1 0.56640625 0.5 0.044921875 0.060546875
1 0.5654296875 0.5654296875 0.041015625 0.0625
1 0.5224609375 0.498046875 0.037109375 0.044921875
1 0.51953125 0.5537109375 0.037109375 0.056640625
1 0.4765625 0.482421875 0.021484375 0.046875
1 0.4716796875 0.53515625 0.017578125 0.03125
1 0.5615234375 0.4091796875 0.046875 0.0625