4 0.37041409375 0.111319736328125 0.419472388671875 0.441038041015625 0.487593232421875 0.431654958984375 0.44389161328125 0.1207750625 0.37041409375 0.111319736328125
4 0.42999084375 0.46749611328125 0.4370185625 0.526849697265625 0.5014010703125 0.513840107421875 0.4955571484375 0.46695483984375 0.42999084375 0.46749611328125
4 0.473745599609375 0.1244838671875 0.484826373046875 0.194445125 0.500116810546875 0.206085373046875 0.513819240234375 0.23766395703125 0.50993075 0.203124796875 0.473745599609375 0.1244838671875
4 0.51319776171875 0.268698826171875 0.4946482734375 0.236481736328125 0.51432240234375 0.355705197265625 0.528961029296875 0.363230078125 0.5325492109375 0.33594393359375 0.519955505859375 0.301377341796875 0.51319776171875 0.268698826171875
4 0.521469943359375 0.41082119921875 0.538319560546875 0.512211396484375 0.558262158203125 0.51327140625 0.5663379375 0.499336513671875 0.550440435546875 0.46388698828125 0.521469943359375 0.41082119921875
4 0.28829998046875 0.21713463671875 0.34086837109375 0.214433427734375 0.3302668828125 0.12752183984375 0.274177423828125 0.127968330078125 0.28829998046875 0.21713463671875
4 0.3035312578125 0.3033129375 0.35653419140625 0.30335530859375 0.3440076015625 0.239247849609375 0.2925703046875 0.22911409765625 0.3035312578125 0.3033129375
4 0.355928630859375 0.424384552734375 0.373241615234375 0.41883004296875 0.35251942578125 0.372895060546875 0.364430990234375 0.36819605078125 0.355620365234375 0.317562060546875 0.355185826171875 0.314818482421875 0.305486689453125 0.31565904296875 0.34457293359375 0.57242808203125 0.38418815625 0.54787302734375 0.35150169921875 0.4813337734375 0.367750705078125 0.459073361328125 0.355928630859375 0.424384552734375
4 0.32091437109375 0.557894609375 0.326001072265625 0.550057947265625 0.26337458203125 0.12967933203125 0.251223376953125 0.142853505859375 0.32091437109375 0.557894609375
4 0.301991005859375 0.593234412109375 0.30886061328125 0.57667815625 0.24295269921875 0.145569654296875 0.227400248046875 0.1522515234375 0.301991005859375 0.593234412109375
4 0.552510740234375 0.7166753671875 0.59944602734375 0.76830201171875 0.603176404296875 0.72693133203125 0.561695240234375 0.699752466796875 0.552510740234375 0.7166753671875