0 0.23828125 0.3662109375 0.03515625 0.03515625
0 0.328125 0.2431640625 0.041015625 0.033203125
0 0.4130859375 0.634765625 0.04296875 0.0390625
0 0.32421875 0.6787109375 0.037109375 0.03125
0 0.2880859375 0.6513671875 0.046875 0.03515625
0 0.275390625 0.70703125 0.0234375 0.02734375
0 0.2666015625 0.740234375 0.037109375 0.033203125
0 0.2255859375 0.8935546875 0.041015625 0.0390625
0 0.4521484375 0.841796875 0.04296875 0.0390625
0 0.3857421875 0.8720703125 0.037109375 0.03515625
0 0.525390625 0.853515625 0.046875 0.0390625
0 0.5107421875 0.7333984375 0.037109375 0.037109375
0 0.4560546875 0.720703125 0.03515625 0.033203125
0 0.3359375 0.740234375 0.03515625 0.03515625
0 0.8134765625 0.5380859375 0.033203125 0.03125
0 0.775390625 0.568359375 0.03125 0.025390625
0 0.74609375 0.5859375 0.03515625 0.03125
0 0.6328125 0.58984375 0.0390625 0.0390625
0 0.5947265625 0.7041015625 0.033203125 0.037109375
0 0.5400390625 0.7177734375 0.037109375 0.03125
0 0.896484375 0.7509765625 0.044921875 0.044921875
0 0.93359375 0.689453125 0.048828125 0.0390625
0 0.9248046875 0.6259765625 0.033203125 0.029296875
0 0.73046875 0.77734375 0.037109375 0.03125
0 0.82421875 0.7509765625 0.029296875 0.02734375
0 0.82421875 0.775390625 0.03515625 0.037109375