1 0.623046875 0.4833984375 0.064453125 0.173828125
1 0.5673828125 0.5126953125 0.052734375 0.109375
1 0.5380859375 0.4375 0.015625 0.044921875
1 0.517578125 0.4697265625 0.01953125 0.013671875
1 0.5234375 0.494140625 0.033203125 0.01953125
1 0.5283203125 0.5341796875 0.01953125 0.0390625
1 0.5048828125 0.44140625 0.017578125 0.041015625
1 0.4951171875 0.5185546875 0.021484375 0.07421875
1 0.4765625 0.451171875 0.025390625 0.0625
1 0.458984375 0.5224609375 0.052734375 0.0625
1 0.4208984375 0.4599609375 0.041015625 0.123046875
1 0.486328125 0.3603515625 0.03515625 0.0546875
1 0.529296875 0.36328125 0.041015625 0.0546875
1 0.568359375 0.3662109375 0.03125 0.05859375