1 0.6376953125 0.431640625 0.052734375 0.0546875
1 0.6162109375 0.5244140625 0.064453125 0.107421875
1 0.56640625 0.5166015625 0.068359375 0.1171875
1 0.544921875 0.4443359375 0.01953125 0.046875
1 0.5224609375 0.4697265625 0.021484375 0.021484375
1 0.5126953125 0.4404296875 0.0234375 0.04296875
1 0.517578125 0.4970703125 0.048828125 0.025390625
1 0.5263671875 0.5361328125 0.0234375 0.05078125
1 0.46484375 0.5224609375 0.072265625 0.0546875
1 0.48046875 0.4482421875 0.03125 0.0625
1 0.42578125 0.4541015625 0.0546875 0.123046875
1 0.5029296875 0.3603515625 0.044921875 0.060546875
1 0.5439453125 0.3671875 0.05078125 0.068359375
1 0.5830078125 0.3740234375 0.03515625 0.060546875