0 0.517578125 0.28125 0.021484375 0.015625
0 0.4794921875 0.3115234375 0.015625 0.015625
0 0.4970703125 0.3251953125 0.01953125 0.01953125
0 0.4619140625 0.353515625 0.025390625 0.015625
0 0.4814453125 0.3916015625 0.01953125 0.01953125
0 0.455078125 0.3955078125 0.01953125 0.013671875
0 0.4482421875 0.4296875 0.01953125 0.013671875
0 0.4287109375 0.4140625 0.013671875 0.015625
0 0.427734375 0.384765625 0.021484375 0.021484375
0 0.4609375 0.3251953125 0.021484375 0.01953125
0 0.5498046875 0.2509765625 0.01953125 0.021484375
0 0.6767578125 0.3037109375 0.01953125 0.021484375