0 0.44140625 0.1982421875 0.029296875 0.03125
0 0.3212890625 0.2216796875 0.03515625 0.03515625
0 0.44140625 0.251953125 0.03515625 0.037109375
0 0.3671875 0.2607421875 0.03515625 0.03515625
0 0.474609375 0.044921875 0.041015625 0.041015625
0 0.595703125 0.060546875 0.046875 0.044921875
0 0.5859375 0.16015625 0.041015625 0.037109375
0 0.615234375 0.2138671875 0.03515625 0.037109375
0 0.509765625 0.248046875 0.03125 0.03125
0 0.501953125 0.27734375 0.029296875 0.041015625
0 0.74609375 0.345703125 0.044921875 0.041015625
0 0.7763671875 0.248046875 0.037109375 0.04296875
0 0.857421875 0.048828125 0.037109375 0.0546875
0 0.6357421875 0.1640625 0.037109375 0.03125
0 0.4658203125 0.20703125 0.037109375 0.041015625
0 0.29296875 0.8642578125 0.03515625 0.037109375
0 0.32421875 0.86328125 0.03125 0.0234375
0 0.3515625 0.8515625 0.029296875 0.025390625
0 0.3720703125 0.841796875 0.025390625 0.03125
0 0.4755859375 0.7705078125 0.03125 0.03515625
0 0.5068359375 0.7548828125 0.041015625 0.037109375
0 0.537109375 0.8173828125 0.029296875 0.037109375
0 0.54296875 0.7822265625 0.025390625 0.03125
0 0.69140625 0.7548828125 0.03125 0.03125
0 0.681640625 0.802734375 0.02734375 0.037109375
0 0.7255859375 0.7666015625 0.029296875 0.029296875
0 0.7412109375 0.7451171875 0.021484375 0.029296875
0 0.7568359375 0.7236328125 0.03125 0.03515625
0 0.7509765625 0.69140625 0.0234375 0.033203125
0 0.767578125 0.919921875 0.029296875 0.033203125
0 0.732421875 0.939453125 0.02734375 0.029296875
0 0.453125 0.8544921875 0.03515625 0.033203125
0 0.2451171875 0.7265625 0.021484375 0.03515625
0 0.5419921875 0.208984375 0.02734375 0.037109375