1 0.37109375 0.4228515625 0.05078125 0.05078125
1 0.3818359375 0.5087890625 0.056640625 0.103515625
1 0.4296875 0.4638671875 0.0390625 0.037109375
1 0.4345703125 0.521484375 0.05078125 0.07421875
1 0.458984375 0.4345703125 0.0234375 0.048828125
1 0.4794921875 0.4658203125 0.017578125 0.017578125
1 0.4833984375 0.4892578125 0.046875 0.029296875
1 0.47265625 0.52734375 0.015625 0.0390625
1 0.5048828125 0.525390625 0.017578125 0.04296875
1 0.4912109375 0.4326171875 0.01953125 0.046875
1 0.521484375 0.44140625 0.03125 0.06640625
1 0.5400390625 0.513671875 0.056640625 0.0625
1 0.578125 0.4541015625 0.048828125 0.1328125
1 0.5087890625 0.3525390625 0.041015625 0.060546875
1 0.46484375 0.3603515625 0.04296875 0.060546875
1 0.423828125 0.3603515625 0.0390625 0.05859375
1 0.3798828125 0.345703125 0.0234375 0.025390625