0 0.421875 0.3662109375 0.021484375 0.021484375
0 0.40625 0.41015625 0.01953125 0.021484375
0 0.361328125 0.3916015625 0.015625 0.013671875
0 0.3828125 0.4404296875 0.015625 0.015625
0 0.404296875 0.443359375 0.013671875 0.013671875
0 0.41796875 0.5498046875 0.015625 0.015625
0 0.375 0.486328125 0.013671875 0.015625
0 0.353515625 0.4365234375 0.015625 0.015625
0 0.4072265625 0.4716796875 0.015625 0.015625
0 0.390625 0.5458984375 0.013671875 0.009765625
0 0.3544921875 0.517578125 0.01953125 0.015625
0 0.330078125 0.5400390625 0.01953125 0.015625
0 0.36328125 0.56640625 0.017578125 0.013671875
0 0.4208984375 0.568359375 0.015625 0.01171875
0 0.345703125 0.5908203125 0.015625 0.013671875
0 0.3974609375 0.6064453125 0.015625 0.013671875
0 0.4169921875 0.4326171875 0.015625 0.015625