1 0.6064453125 0.4052734375 0.052734375 0.056640625
1 0.6220703125 0.4970703125 0.068359375 0.111328125
1 0.5625 0.47265625 0.041015625 0.041015625
1 0.5771484375 0.53125 0.064453125 0.0859375
1 0.5224609375 0.455078125 0.025390625 0.046875
1 0.513671875 0.48828125 0.021484375 0.021484375
1 0.5244140625 0.5126953125 0.037109375 0.02734375
1 0.544921875 0.546875 0.025390625 0.05078125
1 0.494140625 0.462890625 0.02734375 0.044921875
1 0.505859375 0.541015625 0.029296875 0.064453125
1 0.46875 0.4814453125 0.041015625 0.0703125
1 0.4736328125 0.5517578125 0.060546875 0.064453125
1 0.416015625 0.5068359375 0.0625 0.12109375
1 0.4541015625 0.396484375 0.04296875 0.060546875
1 0.4921875 0.3740234375 0.0546875 0.068359375
1 0.533203125 0.3720703125 0.0390625 0.060546875