1 0.3447265625 0.4560546875 0.013671875 0.021484375
1 0.3583984375 0.5556640625 0.021484375 0.123046875
1 0.3857421875 0.5126953125 0.04296875 0.048828125
1 0.3935546875 0.5732421875 0.0390625 0.056640625
1 0.4345703125 0.505859375 0.044921875 0.0625
1 0.44140625 0.5732421875 0.0390625 0.0546875
1 0.478515625 0.5009765625 0.037109375 0.046875
1 0.4833984375 0.55859375 0.041015625 0.05859375
1 0.5234375 0.490234375 0.02734375 0.041015625
1 0.52734375 0.5341796875 0.0234375 0.0234375
1 0.435546875 0.419921875 0.0546875 0.064453125