1 0.64453125 0.4306640625 0.048828125 0.048828125
1 0.6162109375 0.5166015625 0.068359375 0.115234375
1 0.57421875 0.4697265625 0.04296875 0.0390625
1 0.5654296875 0.521484375 0.060546875 0.07421875
1 0.55078125 0.4326171875 0.029296875 0.052734375
1 0.5263671875 0.4599609375 0.015625 0.015625
1 0.5263671875 0.48828125 0.03515625 0.029296875
1 0.525390625 0.529296875 0.0234375 0.046875
1 0.5185546875 0.431640625 0.025390625 0.046875
1 0.4951171875 0.5078125 0.033203125 0.07421875
1 0.4873046875 0.4345703125 0.037109375 0.06640625
1 0.4677734375 0.5048828125 0.037109375 0.0546875
1 0.4423828125 0.5029296875 0.02734375 0.048828125
1 0.4326171875 0.431640625 0.056640625 0.11328125
1 0.5068359375 0.3603515625 0.0390625 0.046875
1 0.5556640625 0.35546875 0.0390625 0.025390625
1 0.591796875 0.376953125 0.02734375 0.037109375