0 0.3603515625 0.8115234375 0.033203125 0.03125
0 0.353515625 0.8525390625 0.02734375 0.029296875
0 0.3564453125 0.486328125 0.03515625 0.041015625
0 0.3681640625 0.638671875 0.03125 0.03515625
0 0.375 0.689453125 0.0390625 0.033203125
0 0.2763671875 0.693359375 0.03125 0.021484375
0 0.40625 0.4287109375 0.0234375 0.0234375
0 0.345703125 0.12890625 0.03125 0.03515625
0 0.3701171875 0.11328125 0.0234375 0.03125
0 0.4814453125 0.5810546875 0.029296875 0.02734375
0 0.4306640625 0.5986328125 0.03125 0.021484375
0 0.435546875 0.6484375 0.025390625 0.03515625
0 0.474609375 0.7021484375 0.029296875 0.025390625