0 0.4462890625 0.3544921875 0.025390625 0.025390625
0 0.423828125 0.39453125 0.021484375 0.0234375
0 0.3818359375 0.369140625 0.017578125 0.017578125
0 0.3955078125 0.4208984375 0.017578125 0.017578125
0 0.416015625 0.4267578125 0.015625 0.015625
0 0.4111328125 0.53515625 0.017578125 0.017578125
0 0.3798828125 0.46484375 0.015625 0.017578125
0 0.3671875 0.412109375 0.017578125 0.017578125
0 0.4140625 0.4560546875 0.017578125 0.017578125
0 0.384765625 0.5263671875 0.013671875 0.01171875
0 0.353515625 0.4921875 0.021484375 0.01953125
0 0.326171875 0.509765625 0.021484375 0.01953125
0 0.353515625 0.5419921875 0.01953125 0.017578125
0 0.4111328125 0.5537109375 0.017578125 0.013671875
0 0.33203125 0.5625 0.017578125 0.015625
0 0.380859375 0.587890625 0.017578125 0.015625
0 0.4306640625 0.4189453125 0.017578125 0.017578125