0 0.1923828125 0.5439453125 0.021484375 0.02734375
0 0.24609375 0.54296875 0.01953125 0.021484375
0 0.2841796875 0.4990234375 0.017578125 0.021484375
0 0.3369140625 0.5009765625 0.013671875 0.017578125
0 0.3330078125 0.53125 0.015625 0.01953125
0 0.3857421875 0.517578125 0.017578125 0.0234375
0 0.4345703125 0.4951171875 0.015625 0.01953125
0 0.5048828125 0.46484375 0.013671875 0.015625
0 0.556640625 0.4970703125 0.017578125 0.0234375
0 0.1298828125 0.501953125 0.015625 0.01953125
0 0.1689453125 0.4658203125 0.01171875 0.013671875
0 0.22265625 0.462890625 0.015625 0.01953125
0 0.3037109375 0.572265625 0.013671875 0.013671875
0 0.35546875 0.5732421875 0.021484375 0.021484375
0 0.4814453125 0.5087890625 0.015625 0.0234375
0 0.49609375 0.5537109375 0.013671875 0.013671875
0 0.447265625 0.52734375 0.015625 0.017578125
0 0.3203125 0.4677734375 0.015625 0.017578125
0 0.7421875 0.4677734375 0.01953125 0.01953125
0 0.7158203125 0.4931640625 0.01171875 0.017578125
0 0.6845703125 0.4921875 0.01953125 0.01953125
0 0.7265625 0.548828125 0.013671875 0.013671875
0 0.7685546875 0.5263671875 0.015625 0.01953125
0 0.7783203125 0.462890625 0.015625 0.01953125
0 0.8173828125 0.509765625 0.015625 0.01953125
0 0.828125 0.4599609375 0.017578125 0.0234375
0 0.86328125 0.4970703125 0.013671875 0.013671875
0 0.1484375 0.59375 0.015625 0.017578125
0 0.365234375 0.462890625 0.015625 0.017578125
0 0.41015625 0.453125 0.015625 0.017578125
0 0.6474609375 0.4658203125 0.017578125 0.021484375
0 0.7861328125 0.4365234375 0.013671875 0.013671875