1 0.5927734375 0.3681640625 0.060546875 0.056640625
1 0.6123046875 0.45703125 0.0703125 0.107421875
1 0.5517578125 0.4345703125 0.05078125 0.04296875
1 0.56640625 0.4853515625 0.056640625 0.072265625
1 0.513671875 0.412109375 0.025390625 0.041015625
1 0.5009765625 0.4443359375 0.021484375 0.01953125
1 0.5107421875 0.470703125 0.046875 0.03125
1 0.533203125 0.5078125 0.02734375 0.044921875
1 0.498046875 0.5126953125 0.025390625 0.041015625
1 0.482421875 0.421875 0.029296875 0.04296875
1 0.45703125 0.4404296875 0.0390625 0.0625
1 0.474609375 0.513671875 0.03515625 0.052734375
1 0.451171875 0.51953125 0.025390625 0.048828125
1 0.4091796875 0.4716796875 0.06640625 0.138671875
1 0.4423828125 0.3603515625 0.041015625 0.052734375
1 0.4814453125 0.3515625 0.04296875 0.048828125
1 0.51953125 0.345703125 0.025390625 0.03125