1 0.3662109375 0.408203125 0.01953125 0.0234375
1 0.3505859375 0.5009765625 0.048828125 0.12109375
1 0.3876953125 0.47265625 0.04296875 0.044921875
1 0.376953125 0.52734375 0.04296875 0.0546875
1 0.4365234375 0.4775390625 0.056640625 0.06640625
1 0.4228515625 0.544921875 0.052734375 0.0625
1 0.4814453125 0.48828125 0.048828125 0.05078125
1 0.4716796875 0.5439453125 0.048828125 0.060546875
1 0.525390625 0.48828125 0.033203125 0.033203125
1 0.5126953125 0.5419921875 0.03125 0.04296875
1 0.4580078125 0.4140625 0.046875 0.03125