0 0.470703125 0.6455078125 0.0234375 0.02734375
0 0.3994140625 0.5830078125 0.01953125 0.015625
0 0.4443359375 0.5751953125 0.02734375 0.025390625
0 0.4609375 0.8291015625 0.017578125 0.021484375
0 0.4716796875 0.8408203125 0.017578125 0.0234375
0 0.5048828125 0.69921875 0.01953125 0.015625
0 0.46484375 0.6982421875 0.015625 0.01953125
0 0.384765625 0.2197265625 0.017578125 0.017578125
0 0.4052734375 0.2373046875 0.015625 0.015625
0 0.3828125 0.158203125 0.017578125 0.017578125
0 0.4267578125 0.1875 0.017578125 0.025390625
0 0.43359375 0.224609375 0.017578125 0.017578125