1 0.3505859375 0.45703125 0.015625 0.029296875
1 0.3564453125 0.552734375 0.0234375 0.12890625
1 0.3857421875 0.5185546875 0.04296875 0.048828125
1 0.3857421875 0.5693359375 0.037109375 0.048828125
1 0.4345703125 0.5078125 0.044921875 0.0625
1 0.435546875 0.5732421875 0.037109375 0.056640625
1 0.48046875 0.5107421875 0.041015625 0.044921875
1 0.48046875 0.5712890625 0.037109375 0.056640625
1 0.5234375 0.4951171875 0.025390625 0.033203125
1 0.525390625 0.548828125 0.021484375 0.04296875
1 0.4443359375 0.4228515625 0.044921875 0.064453125