0 0.18359375 0.404296875 0.017578125 0.0234375
0 0.2197265625 0.37890625 0.017578125 0.0234375
0 0.2216796875 0.3427734375 0.01953125 0.0234375
0 0.17578125 0.486328125 0.013671875 0.017578125
0 0.2109375 0.505859375 0.017578125 0.0234375
0 0.228515625 0.638671875 0.021484375 0.0234375
0 0.169921875 0.5869140625 0.021484375 0.0234375
0 0.1708984375 0.56640625 0.025390625 0.029296875
0 0.185546875 0.537109375 0.017578125 0.017578125
0 0.1943359375 0.556640625 0.017578125 0.01953125
0 0.2060546875 0.568359375 0.0234375 0.0234375
0 0.1953125 0.5849609375 0.0234375 0.01953125
0 0.19921875 0.6015625 0.017578125 0.01953125
0 0.1875 0.62109375 0.017578125 0.0234375
0 0.1787109375 0.638671875 0.013671875 0.01171875
0 0.181640625 0.6513671875 0.013671875 0.013671875
0 0.1748046875 0.6669921875 0.02734375 0.01953125
0 0.1650390625 0.654296875 0.013671875 0.013671875
0 0.4716796875 0.6005859375 0.021484375 0.021484375
0 0.4580078125 0.591796875 0.013671875 0.017578125
0 0.474609375 0.623046875 0.015625 0.01953125
0 0.4638671875 0.67578125 0.01953125 0.029296875
0 0.46875 0.6435546875 0.01171875 0.017578125
0 0.46875 0.576171875 0.01171875 0.017578125
0 0.4814453125 0.5654296875 0.017578125 0.01953125
0 0.4677734375 0.5556640625 0.015625 0.01953125
0 0.4765625 0.546875 0.015625 0.013671875
0 0.447265625 0.5078125 0.01171875 0.015625
0 0.4501953125 0.48828125 0.013671875 0.015625
0 0.4501953125 0.466796875 0.013671875 0.01953125
0 0.4443359375 0.4130859375 0.013671875 0.017578125
0 0.447265625 0.427734375 0.01171875 0.01171875
0 0.4375 0.392578125 0.013671875 0.015625
0 0.4345703125 0.375 0.017578125 0.01953125
0 0.4462890625 0.748046875 0.013671875 0.01171875
0 0.501953125 0.7041015625 0.013671875 0.013671875
0 0.474609375 0.7236328125 0.015625 0.01953125
0 0.4521484375 0.7763671875 0.013671875 0.017578125
0 0.4638671875 0.7900390625 0.01171875 0.01171875
0 0.462890625 0.80859375 0.015625 0.01953125
0 0.5810546875 0.6923828125 0.017578125 0.013671875
0 0.6025390625 0.6923828125 0.017578125 0.01953125
0 0.5869140625 0.7060546875 0.015625 0.015625
0 0.6064453125 0.7431640625 0.015625 0.01953125
0 0.5810546875 0.7744140625 0.013671875 0.017578125
0 0.5927734375 0.7900390625 0.017578125 0.017578125
0 0.533203125 0.75390625 0.015625 0.01171875
0 0.5205078125 0.80078125 0.0234375 0.021484375
0 0.4970703125 0.7998046875 0.017578125 0.01953125
0 0.4912109375 0.81640625 0.013671875 0.017578125
0 0.53125 0.7734375 0.009765625 0.009765625
0 0.533203125 0.787109375 0.01171875 0.013671875
0 0.5380859375 0.8056640625 0.013671875 0.013671875
0 0.552734375 0.779296875 0.01171875 0.013671875