0 0.5068359375 0.453125 0.04296875 0.05078125
0 0.4677734375 0.59375 0.0390625 0.046875
0 0.357421875 0.568359375 0.044921875 0.052734375
0 0.3955078125 0.4326171875 0.04296875 0.052734375
0 0.38671875 0.8701171875 0.037109375 0.0390625
0 0.404296875 0.9794921875 0.03515625 0.02734375
0 0.56640625 0.154296875 0.04296875 0.04296875
0 0.560546875 0.2080078125 0.03125 0.0390625
0 0.6083984375 0.1611328125 0.041015625 0.04296875
0 0.501953125 0.146484375 0.03515625 0.0390625
0 0.4541015625 0.138671875 0.03515625 0.037109375
0 0.5361328125 0.0595703125 0.037109375 0.0390625
0 0.7060546875 0.1884765625 0.03515625 0.04296875
0 0.677734375 0.1865234375 0.033203125 0.03515625