1 0.615234375 0.3701171875 0.046875 0.046875
1 0.6181640625 0.4619140625 0.0546875 0.10546875
1 0.5615234375 0.427734375 0.04296875 0.025390625
1 0.5673828125 0.4765625 0.052734375 0.072265625
1 0.513671875 0.4287109375 0.03125 0.021484375
1 0.5126953125 0.4814453125 0.0546875 0.06640625
1 0.49609375 0.4072265625 0.01953125 0.0390625
1 0.4677734375 0.4208984375 0.029296875 0.0703125
1 0.4599609375 0.4951171875 0.052734375 0.0546875
1 0.4150390625 0.443359375 0.044921875 0.1328125
1 0.384765625 0.4365234375 0.01953125 0.15234375
1 0.4619140625 0.3515625 0.03515625 0.013671875
1 0.4638671875 0.3310546875 0.033203125 0.01171875
1 0.505859375 0.337890625 0.0390625 0.037109375
1 0.5478515625 0.337890625 0.0234375 0.02734375
1 0.5283203125 0.3974609375 0.017578125 0.044921875