1 0.6494140625 0.44140625 0.01953125 0.03125
1 0.6455078125 0.537109375 0.01953125 0.13671875
1 0.615234375 0.5029296875 0.037109375 0.03515625
1 0.61328125 0.5498046875 0.0390625 0.046875
1 0.5673828125 0.4951171875 0.046875 0.060546875
1 0.56640625 0.5634765625 0.04296875 0.056640625
1 0.5205078125 0.494140625 0.0390625 0.041015625
1 0.521484375 0.552734375 0.037109375 0.056640625
1 0.474609375 0.478515625 0.02734375 0.041015625
1 0.474609375 0.533203125 0.017578125 0.029296875
1 0.5595703125 0.4091796875 0.046875 0.0625