1 0.65625 0.5029296875 0.017578125 0.03515625
1 0.6259765625 0.59765625 0.041015625 0.119140625
1 0.6025390625 0.5517578125 0.048828125 0.05078125
1 0.5908203125 0.607421875 0.04296875 0.052734375
1 0.5595703125 0.5400390625 0.056640625 0.068359375
1 0.5419921875 0.603515625 0.04296875 0.0546875
1 0.5146484375 0.5263671875 0.048828125 0.064453125
1 0.5009765625 0.5908203125 0.048828125 0.0703125
1 0.4736328125 0.5029296875 0.03125 0.041015625
1 0.458984375 0.556640625 0.029296875 0.0390625
1 0.57421875 0.4521484375 0.060546875 0.078125