0 0.2333984375 0.4287109375 0.044921875 0.060546875
0 0.0986328125 0.314453125 0.048828125 0.056640625
0 0.12890625 0.4375 0.048828125 0.060546875
0 0.064453125 0.4794921875 0.041015625 0.041015625
0 0.052734375 0.5263671875 0.041015625 0.048828125
0 0.1337890625 0.5625 0.04296875 0.05859375
0 0.0361328125 0.5986328125 0.0546875 0.056640625
0 0.287109375 0.3916015625 0.044921875 0.060546875
0 0.4609375 0.3447265625 0.0390625 0.037109375
0 0.4677734375 0.3740234375 0.03515625 0.0390625
0 0.455078125 0.54296875 0.03515625 0.048828125
0 0.603515625 0.2998046875 0.0390625 0.046875
0 0.6904296875 0.32421875 0.05078125 0.052734375
0 0.62890625 0.4462890625 0.052734375 0.048828125
0 0.5908203125 0.5400390625 0.060546875 0.048828125
0 0.5341796875 0.5390625 0.0390625 0.037109375
0 0.5224609375 0.484375 0.037109375 0.03515625
0 0.744140625 0.63671875 0.052734375 0.048828125
0 0.693359375 0.5185546875 0.03125 0.044921875
0 0.6494140625 0.55078125 0.046875 0.044921875
0 0.689453125 0.5732421875 0.03515625 0.0390625
0 0.712890625 0.564453125 0.037109375 0.03515625
0 0.892578125 0.697265625 0.044921875 0.05078125
0 0.7734375 0.734375 0.037109375 0.044921875
0 0.908203125 0.7373046875 0.0390625 0.0546875
0 0.966796875 0.6533203125 0.029296875 0.0546875
0 0.9697265625 0.53125 0.037109375 0.048828125
0 0.970703125 0.4853515625 0.046875 0.060546875
0 0.91015625 0.447265625 0.05078125 0.056640625
0 0.9013671875 0.375 0.04296875 0.052734375
0 0.8564453125 0.3515625 0.05078125 0.060546875
0 0.6748046875 0.1640625 0.04296875 0.056640625
0 0.8076171875 0.505859375 0.044921875 0.060546875
0 0.8701171875 0.5419921875 0.041015625 0.052734375
0 0.80078125 0.5810546875 0.03515625 0.052734375
0 0.9619140625 0.78515625 0.03125 0.03515625
0 0.8271484375 0.16796875 0.029296875 0.0234375
0 0.7646484375 0.2236328125 0.033203125 0.033203125
0 0.783203125 0.2451171875 0.0234375 0.033203125
0 0.9677734375 0.36328125 0.03125 0.033203125
0 0.4892578125 0.2021484375 0.03125 0.03515625
0 0.544921875 0.2236328125 0.03515625 0.04296875
0 0.541015625 0.2666015625 0.037109375 0.037109375