0 0.271484375 0.314453125 0.029296875 0.029296875
0 0.3857421875 0.212890625 0.037109375 0.02734375
0 0.38671875 0.61328125 0.037109375 0.033203125
0 0.291015625 0.638671875 0.03125 0.02734375
0 0.26171875 0.6044921875 0.041015625 0.02734375
0 0.2373046875 0.6552734375 0.01953125 0.0234375
0 0.2216796875 0.6865234375 0.03125 0.02734375
0 0.1494140625 0.828125 0.03515625 0.033203125
0 0.3828125 0.82421875 0.0390625 0.033203125
0 0.310546875 0.83984375 0.03125 0.029296875
0 0.4521484375 0.8515625 0.04296875 0.03125
0 0.4619140625 0.73046875 0.033203125 0.033203125
0 0.4111328125 0.7060546875 0.029296875 0.02734375
0 0.2890625 0.701171875 0.029296875 0.029296875
0 0.798828125 0.6025390625 0.029296875 0.025390625
0 0.755859375 0.6240234375 0.029296875 0.01953125
0 0.72265625 0.634765625 0.029296875 0.02734375
0 0.611328125 0.615234375 0.03515625 0.033203125
0 0.55078125 0.71875 0.02734375 0.03125
0 0.494140625 0.720703125 0.03125 0.02734375
0 0.8359375 0.828125 0.0390625 0.037109375
0 0.884765625 0.775390625 0.044921875 0.029296875
0 0.8896484375 0.7109375 0.029296875 0.0234375
0 0.66796875 0.8193359375 0.03125 0.02734375
0 0.7646484375 0.8134765625 0.025390625 0.021484375
0 0.759765625 0.8369140625 0.029296875 0.03125