0 0.4951171875 0.671875 0.0234375 0.0234375
0 0.509765625 0.7021484375 0.01953125 0.01953125
0 0.515625 0.66796875 0.0234375 0.0234375
0 0.482421875 0.6376953125 0.0234375 0.025390625
0 0.4677734375 0.671875 0.01953125 0.01953125
0 0.4189453125 0.6494140625 0.033203125 0.029296875
0 0.4716796875 0.6044921875 0.0234375 0.02734375
0 0.4677734375 0.57421875 0.0234375 0.0234375
0 0.4921875 0.5205078125 0.021484375 0.029296875
0 0.474609375 0.4892578125 0.03125 0.02734375
0 0.4501953125 0.42578125 0.021484375 0.029296875
0 0.4462890625 0.455078125 0.0234375 0.0234375
0 0.4697265625 0.4296875 0.015625 0.017578125
0 0.498046875 0.5732421875 0.021484375 0.0234375