0 0.373046875 0.396484375 0.025390625 0.025390625
0 0.41015625 0.466796875 0.029296875 0.041015625
0 0.470703125 0.4541015625 0.03515625 0.04296875
0 0.486328125 0.3466796875 0.021484375 0.03125
0 0.46484375 0.3740234375 0.02734375 0.029296875
0 0.5205078125 0.40234375 0.029296875 0.0390625
0 0.4814453125 0.5771484375 0.033203125 0.03125
0 0.4091796875 0.630859375 0.033203125 0.02734375
0 0.5302734375 0.693359375 0.037109375 0.04296875
0 0.4609375 0.6455078125 0.033203125 0.033203125
0 0.3330078125 0.4140625 0.03125 0.03515625
0 0.283203125 0.435546875 0.033203125 0.0390625
0 0.2998046875 0.4560546875 0.03125 0.037109375
0 0.3427734375 0.5576171875 0.025390625 0.03515625
0 0.4111328125 0.37109375 0.025390625 0.041015625
0 0.5283203125 0.3203125 0.03125 0.03515625
0 0.6220703125 0.552734375 0.02734375 0.02734375
0 0.6337890625 0.583984375 0.0234375 0.025390625
0 0.634765625 0.443359375 0.0234375 0.029296875
0 0.6376953125 0.400390625 0.021484375 0.03125
0 0.6513671875 0.373046875 0.01953125 0.03125
0 0.6748046875 0.3759765625 0.021484375 0.021484375