4 0.588377451171875 0.710168884765625 0.59599094921875 0.87202928515625 0.64193484375 0.86962146875 0.6366796484375 0.703001490234375 0.588377451171875 0.710168884765625
4 0.767958673828125 0.686849482421875 0.778958869140625 0.84698706640625 0.8238743671875 0.84154248828125 0.81539400390625 0.679727517578125 0.767958673828125 0.686849482421875
4 0.586858546875 0.133841255859375 0.539180921875 0.13633993359375 0.54647135546875 0.292035955078125 0.592496015625 0.291169234375 0.586858546875 0.133841255859375
4 0.778172064453125 0.1021803515625 0.730736736328125 0.109302314453125 0.73762334375 0.257292861328125 0.784434103515625 0.25483961328125 0.778172064453125 0.1021803515625
4 0.435937900390625 0.322554013671875 0.346812240234375 0.330315544921875 0.35004285546875 0.39195934375 0.4433413125 0.38088846875 0.435937900390625 0.322554013671875
4 0.353935697265625 0.416480572265625 0.356520189453125 0.465795611328125 0.448871017578125 0.453229072265625 0.443766693359375 0.40559141796875 0.353935697265625 0.416480572265625
4 0.324295044921875 0.099696466796875 0.32899554296875 0.13962864453125 0.422213234375 0.127016673828125 0.416866615234375 0.074755736328125 0.324295044921875 0.099696466796875
4 0.3287155859375 0.16745921484375 0.33351840234375 0.225929962890625 0.373232705078125 0.220757970703125 0.35369316796875 0.163059541015625 0.3287155859375 0.16745921484375
4 0.35407046484375 0.584914228515625 0.3594978515625 0.638716259765625 0.41048141015625 0.632953669921875 0.40757385546875 0.57747425 0.35407046484375 0.584914228515625
4 0.358270263671875 0.665051166015625 0.3591210234375 0.714457064453125 0.4186924765625 0.70669907421875 0.38080877734375 0.66386997265625 0.358270263671875 0.665051166015625
4 0.364801599609375 0.905779994140625 0.368979845703125 0.968919455078125 0.46306440234375 0.9562620546875 0.4589884765625 0.911661162109375 0.364801599609375 0.905779994140625
4 0.4572708515625 0.86230069140625 0.36207712890625 0.870380240234375 0.365345404296875 0.89957018359375 0.458019291015625 0.8931680234375 0.4572708515625 0.86230069140625