0 0.2939453125 0.7724609375 0.03125 0.03125
0 0.27734375 0.810546875 0.025390625 0.02734375
0 0.36328125 0.455078125 0.03515625 0.0390625
0 0.3408203125 0.60546875 0.029296875 0.033203125
0 0.3349609375 0.65625 0.0390625 0.03125
0 0.2392578125 0.6376953125 0.029296875 0.021484375
0 0.4248046875 0.4091796875 0.0234375 0.021484375
0 0.4326171875 0.103515625 0.029296875 0.033203125
0 0.4599609375 0.09375 0.0234375 0.029296875
0 0.4638671875 0.5751953125 0.02734375 0.025390625
0 0.41015625 0.580078125 0.03125 0.021484375
0 0.404296875 0.6298828125 0.0234375 0.03515625
0 0.4296875 0.6904296875 0.02734375 0.0234375