1 0.337890625 0.47265625 0.015625 0.02734375
1 0.3662109375 0.5654296875 0.037109375 0.1171875
1 0.3857421875 0.521484375 0.044921875 0.05078125
1 0.4013671875 0.5751953125 0.04296875 0.05078125
1 0.4345703125 0.5068359375 0.05078125 0.060546875
1 0.44921875 0.5703125 0.046875 0.0546875
1 0.4775390625 0.4970703125 0.04296875 0.0390625
1 0.4921875 0.5517578125 0.044921875 0.064453125
1 0.5166015625 0.4755859375 0.025390625 0.03515625
1 0.5341796875 0.5205078125 0.017578125 0.03125
1 0.421875 0.427734375 0.046875 0.056640625