0 0.4404296875 0.720703125 0.021484375 0.017578125
0 0.4462890625 0.7421875 0.021484375 0.015625
0 0.470703125 0.728515625 0.021484375 0.01953125
0 0.306640625 0.7314453125 0.015625 0.013671875
0 0.2646484375 0.708984375 0.02734375 0.0234375
0 0.2607421875 0.728515625 0.01953125 0.015625
0 0.1708984375 0.744140625 0.021484375 0.015625
0 0.1669921875 0.728515625 0.01953125 0.017578125
0 0.162109375 0.67578125 0.021484375 0.021484375
0 0.181640625 0.6787109375 0.01953125 0.015625
0 0.2080078125 0.7421875 0.015625 0.013671875
0 0.28515625 0.68359375 0.021484375 0.015625
0 0.3017578125 0.6630859375 0.03515625 0.021484375
0 0.6865234375 0.4794921875 0.029296875 0.01953125
0 0.6552734375 0.4833984375 0.01953125 0.013671875
0 0.66796875 0.5078125 0.01953125 0.015625
0 0.6728515625 0.521484375 0.025390625 0.015625
0 0.703125 0.51171875 0.021484375 0.013671875
0 0.7626953125 0.4921875 0.013671875 0.013671875
0 0.7041015625 0.52734375 0.017578125 0.009765625
0 0.7177734375 0.537109375 0.017578125 0.013671875
0 0.7197265625 0.55859375 0.021484375 0.015625
0 0.6953125 0.5595703125 0.01953125 0.015625
0 0.6796875 0.544921875 0.021484375 0.015625
0 0.671875 0.5595703125 0.015625 0.01953125
0 0.7958984375 0.5361328125 0.013671875 0.013671875
0 0.8017578125 0.462890625 0.013671875 0.01171875
0 0.779296875 0.470703125 0.025390625 0.015625
0 0.7978515625 0.4970703125 0.015625 0.01953125
0 0.77734375 0.51953125 0.029296875 0.017578125
0 0.8154296875 0.525390625 0.01953125 0.013671875
0 0.39453125 0.72265625 0.0234375 0.021484375
0 0.4111328125 0.7353515625 0.021484375 0.0234375
0 0.447265625 0.7646484375 0.021484375 0.01953125