0 0.6142578125 0.841796875 0.04296875 0.03515625
0 0.662109375 0.400390625 0.041015625 0.037109375
0 0.70703125 0.4150390625 0.046875 0.037109375
0 0.6787109375 0.4892578125 0.04296875 0.041015625
0 0.6689453125 0.5390625 0.046875 0.046875
0 0.68359375 0.58203125 0.04296875 0.041015625
0 0.46875 0.5791015625 0.048828125 0.041015625
0 0.447265625 0.6708984375 0.041015625 0.046875
0 0.40625 0.6953125 0.037109375 0.0390625
0 0.3701171875 0.703125 0.041015625 0.048828125
0 0.490234375 0.767578125 0.041015625 0.0390625
0 0.4736328125 0.7744140625 0.04296875 0.04296875
0 0.498046875 0.7333984375 0.04296875 0.03125
0 0.4677734375 0.7373046875 0.0390625 0.033203125
0 0.40625 0.9453125 0.052734375 0.03515625
0 0.5673828125 0.8681640625 0.044921875 0.03515625
0 0.7734375 0.857421875 0.048828125 0.037109375
0 0.7666015625 0.830078125 0.048828125 0.03515625
0 0.6630859375 0.9501953125 0.041015625 0.0390625
0 0.705078125 0.6787109375 0.046875 0.033203125
0 0.6982421875 0.6416015625 0.046875 0.029296875
0 0.3056640625 0.40234375 0.0625 0.046875
0 0.326171875 0.46484375 0.046875 0.041015625
0 0.1630859375 0.421875 0.06640625 0.056640625
0 0.1337890625 0.3564453125 0.05078125 0.05078125
0 0.1083984375 0.2158203125 0.048828125 0.03515625
0 0.23046875 0.21875 0.046875 0.0390625
0 0.4453125 0.2060546875 0.052734375 0.041015625
0 0.5654296875 0.2080078125 0.05078125 0.029296875
0 0.6396484375 0.1484375 0.052734375 0.044921875
0 0.515625 0.083984375 0.041015625 0.041015625
0 0.2900390625 0.080078125 0.068359375 0.052734375
0 0.38671875 0.5849609375 0.0390625 0.02734375
0 0.388671875 0.5537109375 0.037109375 0.02734375
0 0.40234375 0.6181640625 0.041015625 0.033203125
0 0.8095703125 0.4326171875 0.048828125 0.03515625
0 0.75390625 0.1015625 0.04296875 0.04296875
0 0.4306640625 0.416015625 0.05078125 0.03515625
0 0.1787109375 0.5771484375 0.0390625 0.037109375
0 0.259765625 0.2958984375 0.04296875 0.04296875
0 0.3388671875 0.2880859375 0.044921875 0.03125
0 0.37109375 0.3134765625 0.046875 0.0390625