0 0.5673828125 0.4833984375 0.046875 0.04296875
0 0.77734375 0.5732421875 0.041015625 0.041015625
0 0.791015625 0.6103515625 0.0390625 0.037109375
0 0.8564453125 0.65234375 0.03125 0.029296875
0 0.71875 0.71875 0.03515625 0.0390625
0 0.58984375 0.578125 0.046875 0.046875
0 0.40234375 0.576171875 0.041015625 0.037109375
0 0.5673828125 0.6162109375 0.044921875 0.041015625
0 0.5458984375 0.6484375 0.033203125 0.037109375
0 0.5703125 0.6650390625 0.033203125 0.03515625
0 0.54296875 0.546875 0.04296875 0.044921875
0 0.5224609375 0.7041015625 0.05078125 0.041015625