0 0.5234375 0.2900390625 0.029296875 0.0234375
0 0.48828125 0.3056640625 0.021484375 0.0234375
0 0.6220703125 0.345703125 0.0234375 0.01953125
0 0.6806640625 0.3671875 0.03515625 0.03125
0 0.6689453125 0.4091796875 0.025390625 0.0234375
0 0.447265625 0.37109375 0.021484375 0.021484375
0 0.4423828125 0.330078125 0.029296875 0.025390625
0 0.353515625 0.33203125 0.025390625 0.021484375
0 0.3046875 0.3291015625 0.0234375 0.025390625
0 0.35546875 0.373046875 0.025390625 0.0234375
0 0.494140625 0.4072265625 0.02734375 0.025390625
0 0.46484375 0.4228515625 0.0234375 0.01953125
0 0.4306640625 0.353515625 0.021484375 0.021484375
0 0.541015625 0.37890625 0.025390625 0.0234375
0 0.5537109375 0.359375 0.02734375 0.025390625
0 0.5654296875 0.3427734375 0.01953125 0.017578125
0 0.5869140625 0.3701171875 0.021484375 0.01953125
0 0.630859375 0.4443359375 0.021484375 0.021484375
0 0.6640625 0.4248046875 0.01953125 0.015625
0 0.6318359375 0.4990234375 0.01953125 0.01953125
0 0.578125 0.4619140625 0.025390625 0.021484375
0 0.4716796875 0.4638671875 0.021484375 0.015625
0 0.6552734375 0.5224609375 0.025390625 0.02734375
0 0.423828125 0.2880859375 0.029296875 0.025390625