0 0.4970703125 0.6337890625 0.021484375 0.021484375
0 0.46484375 0.6015625 0.015625 0.0234375
0 0.462890625 0.57421875 0.015625 0.0234375
0 0.439453125 0.638671875 0.015625 0.01953125
0 0.4580078125 0.65234375 0.017578125 0.0234375
0 0.416015625 0.6533203125 0.01953125 0.02734375
0 0.41796875 0.58203125 0.017578125 0.01953125
0 0.4013671875 0.509765625 0.017578125 0.01953125
0 0.3916015625 0.4287109375 0.015625 0.0234375
0 0.4609375 0.390625 0.017578125 0.01171875
0 0.5048828125 0.6513671875 0.013671875 0.017578125
0 0.513671875 0.712890625 0.013671875 0.015625
0 0.4912109375 0.7275390625 0.013671875 0.017578125
0 0.5302734375 0.5693359375 0.021484375 0.01953125
0 0.5361328125 0.43359375 0.0234375 0.01953125
0 0.5380859375 0.6298828125 0.017578125 0.0234375
0 0.5205078125 0.59765625 0.013671875 0.017578125