0 0.4599609375 0.28515625 0.0234375 0.017578125
0 0.5009765625 0.310546875 0.017578125 0.017578125
0 0.484375 0.3251953125 0.021484375 0.021484375
0 0.5224609375 0.349609375 0.02734375 0.01953125
0 0.5068359375 0.390625 0.021484375 0.021484375
0 0.5341796875 0.3916015625 0.01953125 0.015625
0 0.5439453125 0.4248046875 0.01953125 0.015625
0 0.5615234375 0.4072265625 0.015625 0.017578125
0 0.5595703125 0.3779296875 0.0234375 0.0234375
0 0.5205078125 0.3212890625 0.0234375 0.021484375
0 0.4248046875 0.2568359375 0.021484375 0.0234375
0 0.3037109375 0.3232421875 0.021484375 0.0234375