0 0.3984375 0.375 0.03515625 0.033203125
0 0.4765625 0.3564453125 0.03125 0.029296875
0 0.619140625 0.283203125 0.02734375 0.02734375
0 0.6328125 0.26171875 0.03125 0.0234375
0 0.669921875 0.251953125 0.03125 0.0234375
0 0.71484375 0.2412109375 0.0390625 0.033203125
0 0.7568359375 0.2626953125 0.037109375 0.025390625
0 0.7431640625 0.3203125 0.029296875 0.033203125
0 0.751953125 0.384765625 0.029296875 0.025390625
0 0.8525390625 0.43359375 0.033203125 0.0234375
0 0.8671875 0.46875 0.0234375 0.021484375
0 0.90234375 0.4033203125 0.033203125 0.025390625
0 0.8603515625 0.3544921875 0.033203125 0.03515625
0 0.8681640625 0.3017578125 0.029296875 0.03125
0 0.8681640625 0.2666015625 0.04296875 0.033203125
0 0.80859375 0.2373046875 0.0390625 0.0390625
0 0.59765625 0.2060546875 0.03515625 0.029296875
0 0.5859375 0.2607421875 0.03515625 0.029296875
0 0.66015625 0.140625 0.033203125 0.03125
0 0.6201171875 0.81640625 0.0234375 0.025390625
0 0.556640625 0.8046875 0.037109375 0.02734375
0 0.6396484375 0.81640625 0.025390625 0.025390625
0 0.7880859375 0.8076171875 0.03515625 0.025390625
0 0.8359375 0.810546875 0.037109375 0.03125
0 0.568359375 0.6826171875 0.0390625 0.02734375
0 0.22265625 0.263671875 0.029296875 0.02734375
0 0.275390625 0.2607421875 0.033203125 0.03125
0 0.3232421875 0.1787109375 0.03515625 0.0390625