1 0.34765625 0.45703125 0.0166015625 0.0263671875
1 0.35546875 0.5478515625 0.017578125 0.1142578125
1 0.3837890625 0.509765625 0.0361328125 0.048828125
1 0.3876953125 0.5703125 0.0361328125 0.046875
1 0.4345703125 0.5048828125 0.04296875 0.0556640625
1 0.4365234375 0.5751953125 0.041015625 0.0654296875
1 0.4794921875 0.505859375 0.0390625 0.04296875
1 0.482421875 0.5634765625 0.037109375 0.0537109375
1 0.5244140625 0.4892578125 0.0205078125 0.0263671875
1 0.529296875 0.5439453125 0.013671875 0.02734375
1 0.4365234375 0.4169921875 0.0419921875 0.0732421875