0 0.24609375 0.392578125 0.052734375 0.064453125
0 0.1279296875 0.2607421875 0.0546875 0.060546875
0 0.1416015625 0.3857421875 0.056640625 0.064453125
0 0.0712890625 0.4189453125 0.044921875 0.044921875
0 0.0537109375 0.4638671875 0.046875 0.052734375
0 0.12890625 0.5107421875 0.05078125 0.0625
0 0.0283203125 0.533203125 0.056640625 0.0625
0 0.3046875 0.3623046875 0.052734375 0.064453125
0 0.482421875 0.3408203125 0.04296875 0.041015625
0 0.4853515625 0.3701171875 0.0390625 0.04296875
0 0.44921875 0.5361328125 0.041015625 0.052734375
0 0.630859375 0.31640625 0.044921875 0.05078125
0 0.7138671875 0.3525390625 0.056640625 0.05859375
0 0.6357421875 0.46484375 0.05859375 0.0546875
0 0.583984375 0.552734375 0.064453125 0.0546875
0 0.5283203125 0.5439453125 0.04296875 0.041015625
0 0.5244140625 0.4873046875 0.041015625 0.041015625
0 0.72265625 0.669921875 0.056640625 0.0546875
0 0.6884765625 0.5458984375 0.037109375 0.046875
0 0.640625 0.5703125 0.052734375 0.05078125
0 0.677734375 0.599609375 0.0390625 0.04296875
0 0.7021484375 0.59375 0.041015625 0.041015625
0 0.861328125 0.75 0.05078125 0.0546875
0 0.73828125 0.7705078125 0.04296875 0.048828125
0 0.87109375 0.7919921875 0.044921875 0.05859375
0 0.94140625 0.716796875 0.037109375 0.056640625
0 0.9609375 0.5966796875 0.04296875 0.052734375
0 0.96875 0.55078125 0.0546875 0.06640625
0 0.9140625 0.5048828125 0.056640625 0.0625
0 0.9140625 0.4326171875 0.048828125 0.056640625
0 0.873046875 0.40234375 0.05859375 0.06640625
0 0.7197265625 0.19140625 0.05078125 0.060546875
0 0.8037109375 0.548828125 0.052734375 0.064453125
0 0.8603515625 0.5927734375 0.046875 0.056640625
0 0.7861328125 0.6220703125 0.041015625 0.0546875
0 0.91796875 0.8466796875 0.03515625 0.0390625
0 0.8701171875 0.216796875 0.033203125 0.02734375
0 0.80078125 0.2626953125 0.037109375 0.037109375
0 0.8154296875 0.287109375 0.02734375 0.03515625
0 0.982421875 0.4296875 0.03515625 0.037109375
0 0.5302734375 0.203125 0.03515625 0.0390625
0 0.5830078125 0.232421875 0.0390625 0.046875
0 0.5732421875 0.2744140625 0.041015625 0.041015625