1 0.3759765625 0.400390625 0.04296875 0.0419921875
1 0.3798828125 0.4853515625 0.0458984375 0.099609375
1 0.4326171875 0.451171875 0.037109375 0.0322265625
1 0.4306640625 0.505859375 0.0458984375 0.0732421875
1 0.482421875 0.4501953125 0.0185546875 0.0205078125
1 0.4765625 0.4775390625 0.03515625 0.015625
1 0.46875 0.5146484375 0.0146484375 0.0361328125
1 0.46484375 0.41796875 0.017578125 0.0458984375
1 0.4970703125 0.423828125 0.0126953125 0.0390625
1 0.50390625 0.5009765625 0.01953125 0.0634765625
1 0.52734375 0.4375 0.0234375 0.0595703125
1 0.5283203125 0.509765625 0.02734375 0.0419921875
1 0.5517578125 0.5078125 0.015625 0.0458984375
1 0.580078125 0.44921875 0.0322265625 0.1162109375
1 0.5234375 0.3447265625 0.0322265625 0.0517578125
1 0.4814453125 0.3515625 0.037109375 0.04296875
1 0.4404296875 0.34765625 0.025390625 0.044921875