1 0.65625 0.4677734375 0.01171875 0.033203125
1 0.6396484375 0.5634765625 0.021484375 0.12109375
1 0.615234375 0.517578125 0.0390625 0.056640625
1 0.607421875 0.5751953125 0.03515625 0.044921875
1 0.5654296875 0.5087890625 0.048828125 0.0546875
1 0.5576171875 0.5732421875 0.046875 0.048828125
1 0.521484375 0.5048828125 0.037109375 0.04296875
1 0.513671875 0.5615234375 0.037109375 0.052734375
1 0.4775390625 0.4892578125 0.0234375 0.0390625
1 0.4697265625 0.5380859375 0.017578125 0.0390625
1 0.5673828125 0.421875 0.048828125 0.064453125