1 0.6357421875 0.3984375 0.046875 0.048828125
1 0.62109375 0.4912109375 0.05859375 0.10546875
1 0.5712890625 0.4482421875 0.044921875 0.033203125
1 0.568359375 0.5 0.048828125 0.0703125
1 0.5244140625 0.470703125 0.037109375 0.0234375
1 0.53125 0.51171875 0.021484375 0.046875
1 0.521484375 0.44140625 0.017578125 0.01171875
1 0.509765625 0.416015625 0.01953125 0.037109375
1 0.4970703125 0.4951171875 0.017578125 0.072265625
1 0.48046875 0.42578125 0.03125 0.064453125
1 0.47265625 0.5 0.02734375 0.046875
1 0.447265625 0.49609375 0.017578125 0.052734375
1 0.42578125 0.431640625 0.0390625 0.125
1 0.490234375 0.35546875 0.033203125 0.021484375
1 0.5439453125 0.4130859375 0.021484375 0.044921875