0 0.1455078125 0.4345703125 0.03125 0.041015625
0 0.576171875 0.326171875 0.033203125 0.037109375
0 0.5556640625 0.283203125 0.03125 0.04296875
0 0.4853515625 0.3212890625 0.03515625 0.0390625
0 0.4384765625 0.3388671875 0.04296875 0.04296875
0 0.3935546875 0.3291015625 0.03515625 0.0390625
0 0.42578125 0.5419921875 0.03515625 0.044921875
0 0.337890625 0.576171875 0.04296875 0.03515625
0 0.3203125 0.6201171875 0.03515625 0.033203125
0 0.31640625 0.6572265625 0.044921875 0.03515625
0 0.236328125 0.546875 0.03515625 0.037109375
0 0.232421875 0.5634765625 0.0390625 0.0390625
0 0.26953125 0.5341796875 0.02734375 0.0390625
0 0.26953125 0.5654296875 0.029296875 0.03515625
0 0.072265625 0.6552734375 0.02734375 0.05078125
0 0.1259765625 0.484375 0.029296875 0.041015625
0 0.1083984375 0.279296875 0.03125 0.044921875
0 0.13671875 0.2822265625 0.029296875 0.044921875
0 0.03125 0.4013671875 0.03515625 0.037109375
0 0.2939453125 0.322265625 0.02734375 0.044921875
0 0.33203125 0.3232421875 0.0234375 0.044921875
0 0.6240234375 0.6796875 0.0390625 0.05859375
0 0.55859375 0.6669921875 0.03515625 0.04296875
0 0.625 0.8232421875 0.048828125 0.060546875
0 0.693359375 0.8427734375 0.044921875 0.044921875
0 0.8359375 0.84765625 0.029296875 0.044921875
0 0.81640625 0.7275390625 0.03515625 0.04296875
0 0.798828125 0.513671875 0.03515625 0.048828125
0 0.7802734375 0.39453125 0.0234375 0.046875
0 0.8291015625 0.3134765625 0.0390625 0.048828125
0 0.91015625 0.4267578125 0.037109375 0.037109375
0 0.9453125 0.6494140625 0.044921875 0.064453125
0 0.431640625 0.6240234375 0.021484375 0.037109375
0 0.462890625 0.6181640625 0.0234375 0.03515625
0 0.396484375 0.61328125 0.029296875 0.037109375
0 0.5234375 0.1845703125 0.029296875 0.044921875
0 0.859375 0.193359375 0.0390625 0.0390625
0 0.5927734375 0.556640625 0.029296875 0.046875
0 0.4677734375 0.8291015625 0.033203125 0.03515625
0 0.736328125 0.7099609375 0.0390625 0.037109375
0 0.7314453125 0.6298828125 0.02734375 0.041015625
0 0.7021484375 0.6015625 0.03515625 0.04296875