1 0.37109375 0.39453125 0.041015625 0.046875
1 0.3818359375 0.48828125 0.048828125 0.10546875
1 0.4326171875 0.4482421875 0.037109375 0.03515625
1 0.431640625 0.5087890625 0.04296875 0.072265625
1 0.46484375 0.4208984375 0.01953125 0.04296875
1 0.4833984375 0.453125 0.017578125 0.01171875
1 0.4755859375 0.4794921875 0.033203125 0.013671875
1 0.46875 0.5185546875 0.017578125 0.041015625
1 0.4970703125 0.4248046875 0.017578125 0.044921875
1 0.5029296875 0.5 0.013671875 0.072265625
1 0.5244140625 0.4345703125 0.0234375 0.0546875
1 0.529296875 0.5048828125 0.02734375 0.052734375
1 0.552734375 0.5078125 0.01953125 0.044921875
1 0.5771484375 0.4501953125 0.037109375 0.1171875
1 0.43359375 0.349609375 0.025390625 0.05078125
1 0.4765625 0.3505859375 0.0390625 0.041015625
1 0.51953125 0.349609375 0.029296875 0.052734375