1 0.626953125 0.4296875 0.03515625 0.0546875
1 0.6171875 0.5234375 0.044921875 0.09765625
1 0.5654296875 0.4814453125 0.041015625 0.03125
1 0.5673828125 0.541015625 0.04296875 0.06640625
1 0.53515625 0.4541015625 0.013671875 0.03515625
1 0.5146484375 0.486328125 0.013671875 0.017578125
1 0.5234375 0.5107421875 0.029296875 0.021484375
1 0.5302734375 0.55078125 0.017578125 0.037109375
1 0.5029296875 0.458984375 0.013671875 0.046875
1 0.498046875 0.53125 0.015625 0.0625
1 0.4736328125 0.4716796875 0.0234375 0.064453125
1 0.4580078125 0.541015625 0.046875 0.048828125
1 0.4208984375 0.48046875 0.03515625 0.119140625
1 0.478515625 0.3818359375 0.037109375 0.052734375
1 0.5205078125 0.37890625 0.041015625 0.046875
1 0.5654296875 0.3759765625 0.033203125 0.0546875