1 0.3759765625 0.4140625 0.0439453125 0.048828125
1 0.3798828125 0.5146484375 0.05078125 0.1025390625
1 0.4345703125 0.4716796875 0.0419921875 0.0322265625
1 0.4326171875 0.5322265625 0.04296875 0.0732421875
1 0.466796875 0.4384765625 0.017578125 0.0439453125
1 0.4833984375 0.4697265625 0.0185546875 0.015625
1 0.4794921875 0.4990234375 0.033203125 0.0185546875
1 0.46875 0.5361328125 0.01953125 0.0380859375
1 0.498046875 0.439453125 0.015625 0.0390625
1 0.501953125 0.5234375 0.0126953125 0.0693359375
1 0.5283203125 0.453125 0.0263671875 0.06640625
1 0.537109375 0.52734375 0.04296875 0.0556640625
1 0.5810546875 0.4638671875 0.037109375 0.11328125
1 0.5224609375 0.365234375 0.0341796875 0.052734375
1 0.482421875 0.3662109375 0.0400390625 0.0576171875
1 0.439453125 0.3662109375 0.025390625 0.056640625