1 0.3759765625 0.3935546875 0.0380859375 0.0439453125
1 0.3818359375 0.486328125 0.041015625 0.1103515625
1 0.43359375 0.451171875 0.0400390625 0.033203125
1 0.431640625 0.5087890625 0.0478515625 0.0693359375
1 0.466796875 0.41796875 0.017578125 0.046875
1 0.484375 0.4541015625 0.015625 0.0146484375
1 0.4765625 0.478515625 0.02734375 0.01953125
1 0.4677734375 0.5166015625 0.0166015625 0.03515625
1 0.498046875 0.4228515625 0.0166015625 0.046875
1 0.5029296875 0.4990234375 0.0166015625 0.0673828125
1 0.5263671875 0.4306640625 0.0185546875 0.0546875
1 0.52734375 0.50390625 0.0283203125 0.060546875
1 0.552734375 0.5078125 0.015625 0.046875
1 0.580078125 0.4462890625 0.0302734375 0.1123046875
1 0.521484375 0.34765625 0.02734375 0.05078125
1 0.4794921875 0.349609375 0.0380859375 0.0263671875
1 0.4384765625 0.3505859375 0.025390625 0.044921875