0 0.224609375 0.4951171875 0.05078125 0.0625
0 0.0634765625 0.5673828125 0.052734375 0.060546875
0 0.1259765625 0.4580078125 0.0546875 0.064453125
0 0.076171875 0.3994140625 0.04296875 0.04296875
0 0.0771484375 0.3515625 0.044921875 0.05078125
0 0.1650390625 0.33984375 0.048828125 0.060546875
0 0.08203125 0.27734375 0.05859375 0.060546875
0 0.265625 0.5458984375 0.05078125 0.0625
0 0.4189453125 0.638671875 0.04296875 0.041015625
0 0.4345703125 0.6123046875 0.037109375 0.04296875
0 0.46875 0.4462890625 0.0390625 0.052734375
0 0.544921875 0.720703125 0.04296875 0.05078125
0 0.634765625 0.7216796875 0.0546875 0.05859375
0 0.609375 0.5869140625 0.056640625 0.052734375
0 0.5986328125 0.486328125 0.064453125 0.0546875
0 0.54296875 0.4716796875 0.041015625 0.041015625
0 0.517578125 0.521484375 0.0390625 0.0390625
0 0.7724609375 0.435546875 0.056640625 0.052734375
0 0.69140625 0.53515625 0.03515625 0.046875
0 0.6572265625 0.4931640625 0.05078125 0.048828125
0 0.7021484375 0.4814453125 0.037109375 0.04296875
0 0.72265625 0.49609375 0.0390625 0.0390625
0 0.931640625 0.4189453125 0.048828125 0.0546875
0 0.828125 0.349609375 0.041015625 0.046875
0 0.9580078125 0.3837890625 0.04296875 0.05859375
0 0.986328125 0.4814453125 0.02734375 0.056640625
0 0.9599609375 0.599609375 0.041015625 0.052734375
0 0.9482421875 0.6435546875 0.052734375 0.064453125
0 0.8798828125 0.6630859375 0.056640625 0.060546875
0 0.8515625 0.73046875 0.046875 0.056640625
0 0.8017578125 0.740234375 0.056640625 0.064453125
0 0.5751953125 0.87109375 0.048828125 0.05859375
0 0.796875 0.5791015625 0.05078125 0.0625
0 0.8671875 0.5615234375 0.044921875 0.0546875
0 0.8115234375 0.5048828125 0.041015625 0.0546875
0 0.72265625 0.9091796875 0.03125 0.02734375
0 0.677734375 0.8388671875 0.037109375 0.037109375
0 0.7021484375 0.8232421875 0.02734375 0.03515625
0 0.912109375 0.759765625 0.033203125 0.03515625
0 0.4072265625 0.783203125 0.033203125 0.037109375
0 0.466796875 0.7783203125 0.0390625 0.046875
0 0.474609375 0.736328125 0.041015625 0.041015625