0 0.4111328125 0.7392578125 0.0390625 0.04296875
0 0.421875 0.5673828125 0.033203125 0.0390625
0 0.41015625 0.4873046875 0.048828125 0.041015625
0 0.4921875 0.478515625 0.0625 0.052734375
0 0.5634765625 0.416015625 0.046875 0.044921875
0 0.447265625 0.3681640625 0.046875 0.044921875
0 0.3798828125 0.3798828125 0.044921875 0.041015625
0 0.373046875 0.4365234375 0.04296875 0.044921875
0 0.31640625 0.443359375 0.041015625 0.029296875
0 0.2587890625 0.4091796875 0.037109375 0.0390625
0 0.21875 0.484375 0.033203125 0.033203125
0 0.216796875 0.427734375 0.03515625 0.02734375
0 0.2119140625 0.3896484375 0.0390625 0.033203125
0 0.2099609375 0.35546875 0.03515625 0.029296875
0 0.1748046875 0.443359375 0.033203125 0.0390625
0 0.1328125 0.369140625 0.033203125 0.033203125
0 0.1904296875 0.279296875 0.0390625 0.0390625
0 0.158203125 0.2763671875 0.03125 0.037109375
0 0.3369140625 0.330078125 0.03515625 0.0390625
0 0.3212890625 0.3818359375 0.03125 0.03125
0 0.3037109375 0.2919921875 0.033203125 0.033203125
0 0.3623046875 0.2880859375 0.033203125 0.029296875
0 0.4033203125 0.251953125 0.029296875 0.029296875
0 0.37890625 0.240234375 0.046875 0.04296875
0 0.4501953125 0.2177734375 0.037109375 0.03515625
0 0.330078125 0.138671875 0.044921875 0.037109375
0 0.560546875 0.345703125 0.033203125 0.037109375
0 0.2333984375 0.271484375 0.03515625 0.033203125
0 0.20703125 0.564453125 0.033203125 0.0390625
0 0.177734375 0.552734375 0.033203125 0.033203125
0 0.17578125 0.587890625 0.0390625 0.03515625
0 0.720703125 0.6015625 0.048828125 0.037109375
0 0.72265625 0.8671875 0.03515625 0.029296875
0 0.3203125 0.9501953125 0.0390625 0.03125
0 0.25 0.8818359375 0.0390625 0.037109375
0 0.181640625 0.92578125 0.04296875 0.04296875
0 0.833984375 0.599609375 0.048828125 0.04296875