1 0.341796875 0.478515625 0.01171875 0.02734375
1 0.3642578125 0.5712890625 0.033203125 0.11328125
1 0.388671875 0.53515625 0.041015625 0.04296875
1 0.4013671875 0.5830078125 0.041015625 0.046875
1 0.4345703125 0.5146484375 0.05078125 0.064453125
1 0.447265625 0.58203125 0.04296875 0.0546875
1 0.482421875 0.5087890625 0.041015625 0.04296875
1 0.4892578125 0.5654296875 0.041015625 0.05078125
1 0.5234375 0.4921875 0.0234375 0.0234375
1 0.5302734375 0.5400390625 0.01953125 0.02734375
1 0.42578125 0.4267578125 0.056640625 0.080078125