1 0.650390625 0.4482421875 0.0078125 0.02734375
1 0.646484375 0.55078125 0.0234375 0.1171875
1 0.6142578125 0.509765625 0.041015625 0.046875
1 0.6162109375 0.5625 0.041015625 0.041015625
1 0.56640625 0.5029296875 0.044921875 0.052734375
1 0.568359375 0.5751953125 0.041015625 0.046875
1 0.5185546875 0.50390625 0.037109375 0.0546875
1 0.521484375 0.5654296875 0.03515625 0.05859375
1 0.4736328125 0.4970703125 0.02734375 0.033203125
1 0.474609375 0.5458984375 0.015625 0.029296875
1 0.5595703125 0.4169921875 0.048828125 0.06640625