1 0.6572265625 0.453125 0.015625 0.0234375
1 0.6396484375 0.5478515625 0.025390625 0.1328125
1 0.615234375 0.5078125 0.0390625 0.04296875
1 0.60546875 0.5673828125 0.037109375 0.05859375
1 0.5654296875 0.5009765625 0.05078125 0.060546875
1 0.55859375 0.5673828125 0.046875 0.052734375
1 0.5224609375 0.494140625 0.041015625 0.048828125
1 0.513671875 0.5537109375 0.037109375 0.05859375
1 0.4814453125 0.478515625 0.03515625 0.04296875
1 0.474609375 0.5341796875 0.0234375 0.041015625
1 0.5693359375 0.4130859375 0.046875 0.060546875